DetectionID,SpeciesID,DetailID,Individuals,Comments,ImageID
150,13,,1,,577
151,11,,1,,578
152,11,,1,,579
153,11,,1,,580
154,11,,1,,581
155,11,,1,,582
156,11,,1,,583
157,11,,1,,584
158,11,,1,,585
159,11,,1,,586
160,11,,1,,587
161,11,,1,,588
162,11,,1,,589
163,11,,1,,590
164,11,,1,,591
165,11,,1,,592
166,11,,1,,593
167,11,,1,,594
168,11,,1,,595
169,11,,1,,596
170,11,,1,,597
171,11,,1,,598
172,11,,1,,599
173,11,,1,,600
174,11,,1,,601
175,11,,1,,602
176,11,,1,,603
177,11,,1,,604
178,11,,1,,605
179,11,,1,,606
180,11,,1,,607
181,11,,1,,608
182,11,,1,,609
183,11,,1,,610
184,11,,1,,611
185,11,,1,,612
186,11,,1,,613
187,11,,1,,614
188,11,,1,,615
189,11,,1,,616
190,11,,1,,617
191,11,,1,,618
192,11,,1,,619
193,11,,1,,620
194,11,,1,,621
195,11,,1,,622
196,11,,1,,623
197,11,,1,,624
198,23,,1,,625
199,11,,1,,626
200,11,,1,,627
201,11,,1,,628
202,11,,1,,629
203,11,,1,,630
204,11,,1,,631
205,11,,1,,632
206,11,,1,,633
207,11,,1,,634
208,11,,1,,635
209,11,,1,,636
210,11,,1,,637
211,11,,1,,638
212,11,,1,,639
213,11,,1,,640
214,11,,1,,641
215,11,,1,,642
216,11,,1,,643
217,11,,1,,644
218,11,,1,,645
219,11,,1,,646
220,11,,1,,647
221,11,,1,,648
222,11,,1,,649
223,11,,1,,650
224,11,,1,,651
225,11,,1,,652
226,11,,1,,653
227,11,,1,,654
228,11,,1,,655
229,11,,1,,656
230,11,,1,,657
231,11,,1,,658
232,11,,1,,659
233,11,,1,,660
234,11,,1,,661
235,11,,1,,662
236,11,,1,,663
237,11,,1,,664
238,11,,1,,665
239,11,,1,,666
240,11,,1,,667
241,11,,1,,668
242,11,,1,,669
243,11,,1,,670
244,11,,1,,671
245,11,,1,,672
246,11,,1,,673
247,11,,1,,674
248,11,,1,,675
249,11,,1,,676
250,11,,1,,677
251,11,,1,,678
252,11,,1,,679
253,11,,1,,680
254,11,,1,,681
255,11,,1,,682
256,11,,1,,683
257,11,,1,,684
258,11,,1,,685
259,11,,1,,686
260,11,,1,,687
261,11,,1,,688
262,11,,1,,689
263,11,,1,,690
264,11,,1,,691
265,11,,1,,692
266,36,,1,,713
267,41,,1,,756
268,41,,1,,757
269,41,,1,,758
270,41,,1,,759
271,41,,1,,760
272,36,,1,,773
273,36,,1,,774
274,36,,1,,775
275,36,,1,,794
276,36,,1,,795
277,36,,1,,796
278,36,,1,,798
279,36,,1,,799
280,36,,1,,800
281,36,,1,,801
282,36,,1,,807
283,36,,1,,808
284,36,,1,,809
285,36,,1,,810
286,11,,1,,693
287,11,,1,,694
288,11,,1,,695
289,11,,1,,696
290,11,,1,,697
291,11,,1,,698
292,11,,1,,699
293,11,,1,,700
294,11,,1,,701
295,11,,1,,702
296,11,,1,,703
297,11,,1,,704
298,11,,1,,705
299,11,,1,,706
300,11,,1,,707
301,11,,1,,708
302,11,,1,,709
303,11,,1,,710
304,11,,1,,711
305,11,,1,,711
306,11,,1,,711
307,11,,1,,711
308,11,,1,,711
309,11,,1,,711
310,11,,1,,711
311,11,,1,,711
312,11,,1,,711
313,11,,1,,712
314,11,,1,,712
315,11,,1,,712
316,11,,1,,712
317,11,,1,,712
318,11,,1,,712
319,11,,1,,712
320,11,,1,,712
321,11,,1,,712
322,11,,1,,712
323,11,,1,,712
324,11,,1,,712
325,11,,1,,712
326,11,,1,,714
327,11,,1,,715
328,11,,1,,716
329,11,,1,,717
330,11,,1,,718
331,11,,1,,719
332,11,,1,,720
333,11,,1,,721
334,11,,1,,722
335,11,,1,,723
336,11,,1,,724
337,11,,1,,725
338,11,,1,,726
339,11,,1,,727
340,11,,1,,728
341,11,,1,,729
342,11,,1,,730
343,11,,1,,731
344,11,,1,,732
345,11,,1,,733
346,11,,1,,734
347,11,,1,,735
348,11,,1,,736
349,11,,1,,737
350,11,,1,,738
351,11,,1,,739
352,11,,1,,740
353,11,,1,,741
354,11,,1,,742
355,11,,1,,743
356,11,,1,,744
357,11,,1,,745
358,11,,1,,746
359,11,,1,,747
360,11,,1,,748
361,11,,1,,749
362,11,,1,,750
363,11,,1,,751
364,11,,1,,752
365,11,,1,,753
366,11,,1,,754
367,11,,1,,755
368,11,,1,,761
369,11,,1,,762
370,11,,1,,763
371,11,,1,,764
372,11,,1,,765
373,11,,1,,766
374,11,,1,,767
375,11,,1,,768
376,11,,1,,769
377,11,,1,,770
378,11,,1,,771
379,11,,1,,772
380,11,,1,,776
381,11,,1,,777
382,11,,1,,778
383,11,,1,,779
384,11,,1,,780
385,11,,1,,781
386,11,,1,,782
387,11,,1,,783
388,11,,1,,784
389,11,,1,,785
390,11,,1,,786
391,11,,1,,787
392,11,,1,,788
393,11,,1,,789
394,11,,1,,790
395,11,,1,,791
396,39,,1,,792
397,39,,1,,793
398,11,,1,,797
399,11,,1,,802
400,39,,1,,803
401,39,,1,,804
402,39,,1,,805
403,39,,1,,806
404,39,,1,,811
405,39,,1,,812
406,39,,1,,813
407,39,,1,,814
408,39,,1,,815
409,11,,1,,816
410,11,,1,,817
411,11,,1,camera check,896
412,21,,1,,898
413,21,,1,,899
414,50,,1,,900
415,50,,1,,901
416,13,,1,,902
417,13,,1,,903
418,36,,1,,904
419,36,,1,,905
420,11,,1,,906
421,11,,1,,907
422,11,,1,,908
423,11,,1,,909
424,11,,1,,910
425,11,,1,,911
426,11,,1,,912
427,11,,1,,913
428,11,,1,,914
429,11,,1,,915
430,11,,1,,916
431,11,,1,,917
432,11,,1,,918
433,11,,1,,919
434,11,,1,,920
435,11,,1,,921
436,36,,1,,922
437,36,,1,,923
438,11,,1,,924
439,11,,1,,925
440,11,,1,,926
441,11,,1,,927
442,11,,1,,928
443,11,,1,,929
444,11,,1,,930
445,11,,1,,931
446,11,,1,,932
447,11,,1,,933
448,41,,1,,934
449,41,,1,,935
450,41,,1,,936
451,41,,1,,937
452,11,,1,,938
453,11,,1,,939
454,11,,1,,940
455,11,,1,,941
456,11,,1,,942
457,11,,1,,943
458,11,,1,,944
459,11,,1,,945
460,11,,1,,946
461,11,,1,,947
462,11,,1,,948
463,11,,1,,949
464,11,,1,,950
465,36,,1,,951
466,36,,2,,952
467,36,,2,,953
468,41,,1,,954
469,11,,1,,955
470,39,,1,,956
471,11,,1,,957
472,11,,1,,958
473,11,,1,,959
474,36,,1,,960
475,36,,1,,961
476,11,,1,,962
477,11,,1,,963
478,36,,1,,964
479,36,,1,,965
480,36,,1,,966
481,11,,1,,967
482,11,,1,,968
483,11,,1,,969
484,11,,1,,970
485,11,,1,,897
486,11,,1,,971
487,11,,1,,972
488,36,,1,,973
489,36,,1,,974
490,11,,1,,975
491,11,,1,,976
493,11,,1,,978
494,36,,1,,979
495,36,,1,,981
496,36,,1,,983
497,11,,1,,985
498,36,,1,,987
499,39,,1,students,989
500,39,,1,students,990
501,39,,1,students,991
502,39,,1,students,992
503,39,,1,students,993
504,39,,1,students,994
505,39,,1,students,995
506,39,,1,students,996
507,39,,1,students,997
508,39,,1,students,998
509,39,,1,students,999
510,39,,1,Jennifer Lee,1000
511,11,,1,,1001
512,11,,1,,1002
513,11,,1,,1003
514,11,,1,,1004
515,11,,1,,1005
516,36,,1,,1006
517,36,,1,,1007
518,36,,1,,1008
519,36,,1,,1009
520,36,,1,,1010
521,39,,1,checking camera,1011
522,11,,1,,1012
523,36,,1,,1013
524,36,,1,,1014
525,36,,1,,1015
526,36,,1,,1016
527,36,,1,,1017
528,11,,1,,1018
529,11,,1,,1019
530,11,,1,,1020
531,11,,1,,1021
532,11,,1,,1022
533,11,,1,,1023
534,11,,1,,1024
535,11,,1,,1025
536,11,,1,,1026
537,11,,1,,1027
538,36,,1,,1028
539,36,,1,,1029
540,36,,1,,1030
541,36,,1,,1031
542,36,,1,,1032
543,36,,1,,1033
544,36,,1,,1034
545,11,,1,,1035
546,36,,1,,1036
547,11,,1,,1037
548,36,,1,,1038
549,36,,1,,1039
550,36,,1,,1040
551,36,,1,,1041
552,36,,1,,1042
553,36,,1,,1043
554,36,,1,,1044
555,11,,1,,1045
556,11,,1,,1046
557,11,,1,,1047
558,11,,1,,1048
559,36,,1,,1049
560,36,,1,,1050
561,11,,1,,1051
562,11,,1,,1052
563,36,,1,,1053
564,36,,1,,1054
565,36,,1,,1055
566,36,,2,,1056
567,36,,1,,1057
568,36,,1,,1058
569,39,,1,,1059
570,39,,1,,1060
571,39,,1,,1061
572,39,,1,,1062
573,39,,1,students,1063
574,39,,1,students,1064
575,39,,1,students,1065
576,39,,1,students,1066
577,39,,1,students,1067
578,39,,1,students,1068
579,39,,1,students,1069
580,36,,2,,1070
581,11,,1,,1071
582,11,,1,,1072
583,11,,1,,1073
584,11,,1,,1074
585,11,,1,,1075
586,36,,1,,1076
587,36,,1,,1077
588,36,,1,fur looks distressed,1078
589,36,,1,,1079
590,36,,1,,1080
591,36,,1,,1081
592,11,,1,,1082
593,39,,1,students,1083
594,39,,1,students,1084
595,39,,1,studnets - Matt,1085
596,39,,1,students,1086
597,36,,1,,1087
598,36,,1,,1088
599,36,,2,,1089
600,39,,1,students,1090
601,36,,1,,1091
602,36,,1,,1092
603,36,,2,,1093
604,39,,1,students,1094
605,36,,1,,1095
606,36,,1,,1096
607,36,,1,,1097
608,36,,2,,1098
609,36,,1,,1099
610,36,,1,,1100
611,36,,1,,1101
612,36,,1,Make large,1102
613,11,,1,,1103
621,23,,1,,1386
622,39,,1,,1387
623,39,,1,,1388
624,39,,1,,1389
625,39,,1,,1390
626,39,,1,,1391
627,39,,1,,1392
628,39,,1,,1393
629,39,,1,,1394
630,39,,1,,1395
631,39,,1,,1396
632,39,,1,,1397
633,39,,1,,1398
634,39,,1,,1399
635,39,,1,,1400
636,39,,1,,1401
637,39,,1,,1402
638,39,,1,,1403
639,39,,1,,1404
640,39,,1,,1405
641,39,,1,,1410
642,39,,1,,1411
643,39,,1,,1412
644,39,,1,,1413
645,39,,1,,1414
646,39,,1,,1415
647,39,,1,,1416
648,39,,1,,1417
649,23,,1,,1418
650,39,,1,,1419
651,39,,1,,1420
652,39,,1,,1421
653,39,,1,,1422
654,39,,1,,1423
655,23,,1,,1424
656,39,,2,,1425
657,11,,1,,1426
658,36,,1,,1427
659,39,,1,,1428
660,39,,1,,1429
661,39,,1,,1430
662,23,,1,,1431
663,39,,1,,1432
664,23,,1,,1433
665,39,,1,,1434
666,39,,1,,1435
667,39,,2,,1436
668,11,,1,,1437
669,39,,1,,1438
670,23,,2,,1439
671,23,,1,,1440
672,39,,2,,1441
673,41,,1,,1442
674,41,,1,,1443
675,39,,1,,1444
676,39,,1,,1445
677,39,,1,,1446
678,39,,1,,1447
679,23,,1,,1448
680,23,,1,,1449
681,39,,1,,1450
682,39,,1,,1451
683,11,,1,,977
684,36,,1,,980
685,36,,1,,982
686,36,,1,,984
687,11,,1,,986
688,36,,1,,988
689,11,,1,,1104
690,39,3,1,,1105
691,39,3,1,,1106
692,39,,1,,1107
693,39,,1,,1108
694,39,,1,,1109
695,39,,1,,1110
696,39,,1,,1111
697,39,,2,,1112
698,39,,2,,1113
699,39,,1,,1114
700,39,,1,,1115
701,39,,1,,1116
702,23,,1,,1117
703,23,,1,,1118
704,39,,2,,1119
705,39,,1,,1120
706,39,,1,,1121
707,39,,1,,1122
708,39,,1,,1123
709,39,,1,,1124
710,39,,1,,1125
711,39,,2,,1126
712,39,,1,,1127
713,39,,2,,1128
714,39,,1,,1129
715,39,,1,,1130
716,39,,1,,1131
717,39,,1,,1132
718,39,,2,,1133
719,39,,1,,1134
720,39,,1,,1135
721,39,,1,,1136
722,39,,1,,1137
723,39,,1,,1138
724,39,,2,,1139
725,39,,1,,1140
726,23,,1,,1141
727,39,,1,,1142
728,39,,2,,1143
729,39,,2,,1144
730,39,,1,,1145
731,39,,1,,1146
732,39,,1,,1147
733,39,,2,,1148
734,39,,2,,1149
735,39,,1,,1150
736,23,,1,,1151
737,39,,1,,1152
738,39,,1,,1153
739,39,,2,,1154
740,39,,1,,1155
741,39,,1,,1156
742,23,,1,,1157
743,39,,1,,1158
744,39,,1,,1159
745,39,,1,,1160
746,39,,1,,1161
747,39,,1,,1162
748,23,,1,,1163
749,23,,1,,1164
750,11,,1,,1165
751,43,,1,,1166
752,39,,1,,1167
753,36,,1,,1168
754,39,,1,,1169
755,39,,1,,1170
756,39,,1,,1171
757,39,,1,,1172
758,39,,1,,1173
759,39,,2,,1174
760,36,,1,,1175
761,39,,2,,1176
762,39,,1,,1177
763,39,,1,,1178
764,39,,1,,1179
765,39,,2,,1180
766,23,,2,,1181
767,11,,1,,1182
768,11,,1,,1183
769,36,,1,,1184
770,36,,1,,1185
771,36,,1,,1186
772,39,,1,,1187
773,39,,1,,1188
774,39,,1,,1189
775,39,,1,,1190
776,39,,2,,1191
777,39,,1,,1192
778,39,,1,,1193
779,39,,2,,1194
780,39,,2,,1195
781,39,,1,,1196
782,41,,1,,1197
783,43,,1,,1198
784,39,,1,,1199
785,39,,1,,1200
786,39,,1,,1201
787,39,,1,,1202
788,39,,1,,1203
789,39,,1,,1204
790,11,,1,,1205
791,11,,1,,1206
792,39,,1,,1207
793,39,,1,,1208
794,39,,2,,1209
795,39,,1,,1210
796,11,,1,,1211
797,39,,1,,1212
798,39,,1,,1213
799,39,,1,,1214
800,39,,1,,1215
801,39,,1,,1216
802,39,,1,,1217
803,11,,1,,1218
804,39,,1,,1219
805,39,,1,,1220
806,39,,1,,1221
807,11,,1,,1222
808,39,,1,,1223
809,39,,1,,1224
810,39,,1,,1225
811,39,,1,,1226
812,39,,1,,1227
813,39,,1,,1228
814,39,,1,,1229
815,39,,1,,1230
816,39,,2,,1231
817,39,,1,,1232
818,39,,1,,1233
819,39,,1,,1234
820,23,,1,,1235
821,39,,1,,1236
822,39,,2,,1237
823,39,,1,,1238
824,39,,1,,1239
825,39,,2,,1240
826,39,,1,,1241
827,39,,1,,1242
828,39,,1,,1243
829,39,,1,,1244
830,23,,1,,1245
831,39,,2,,1246
832,39,,1,,1247
833,39,,1,,1248
834,11,,1,,1249
835,39,,1,,1250
836,39,,1,,1251
837,39,,1,,1252
838,39,,1,,1253
839,23,,1,,1254
840,39,,1,,1255
841,36,,1,,1256
842,39,,1,,1257
843,39,,1,,1258
844,36,,1,,1259
845,36,,1,,1260
846,36,,1,,1261
847,39,,1,,1262
848,39,,1,,1263
849,39,,1,,1264
850,39,,1,,1265
851,39,,1,,1266
852,36,,1,,1267
853,39,,1,,1268
854,39,,1,,1269
855,39,,1,,1270
856,39,,1,,1271
857,39,,1,,1272
858,39,,1,,1273
859,39,,1,,1274
860,43,,1,,1275
861,39,,1,,1276
862,39,,1,,1277
863,39,,1,,1278
864,39,,1,,1279
865,39,,1,,1280
866,39,,1,,1281
867,39,,1,,1282
868,39,,1,,1283
869,39,,1,,1284
870,39,,1,,1285
871,39,,1,,1286
872,39,,1,,1287
873,39,,1,,1288
874,39,,1,,1289
875,39,,1,,1290
876,39,,1,,1291
877,39,,1,,1292
878,39,,1,,1293
879,23,,1,,1294
880,39,,1,,1295
881,39,,1,,1296
882,39,,2,,1297
883,39,,1,,1298
884,39,,1,,1299
885,39,,1,,1300
886,39,,1,,1301
887,39,,1,,1302
888,39,,1,,1303
889,39,,1,,1304
890,39,,1,,1305
891,39,,1,,1306
892,39,,1,,1307
893,39,,1,,1308
894,39,,1,,1309
895,39,,1,,1310
896,11,,1,,1311
897,23,,1,,1312
898,39,,2,,1313
899,39,,1,,1314
900,39,,1,,1315
901,39,,1,,1316
902,39,,1,,1317
903,39,,1,,1318
904,39,,1,,1319
905,39,,1,,1320
906,39,,1,,1321
907,43,,1,,1322
908,36,,1,,1323
909,36,,1,,1324
910,36,,2,,1325
911,36,,1,,1326
912,36,,1,,1327
913,36,,1,,1328
914,39,,1,,1329
915,39,,1,,1330
916,39,,1,,1331
917,39,,1,,1332
918,39,,1,,1333
919,39,,1,,1334
920,39,,2,,1335
921,39,,1,,1336
922,11,,1,,1337
923,11,,1,,1338
924,39,,1,,1339
925,11,,1,,1340
926,39,,1,,1341
927,39,,1,,1342
928,43,,1,,1343
929,65,,1,,1344
930,23,,1,,1345
931,39,,1,,1346
932,39,,2,,1347
933,23,,1,,1348
934,23,,1,,1349
935,39,,1,,1350
936,43,,1,,1351
937,43,,1,,1352
938,39,,1,,1353
939,23,,1,,1354
940,23,,1,,1355
941,39,,1,,1356
942,39,,1,,1357
943,23,,1,,1358
944,39,,2,,1359
945,23,,1,,1360
946,39,,1,,1406
947,11,,1,,1407
948,23,,1,,1408
949,39,,1,,1409
950,39,,1,,1361
951,39,,1,,1362
952,39,,1,,1363
953,39,,1,,1364
954,39,,2,,1365
955,39,,1,,1366
956,39,,1,,1367
957,39,,1,,1368
958,39,,1,,1369
959,39,,1,,1370
960,39,,1,,1371
961,39,,1,,1372
962,39,,1,,1373
963,39,,1,,1374
964,39,,1,,1375
965,39,,1,,1376
966,39,,1,,1377
967,39,,1,,1378
968,11,,1,,1379
969,39,,1,,1380
970,39,,1,,1381
971,39,,1,,1382
972,39,,1,,1383
973,39,,1,,1384
974,23,,1,,1385
975,39,,1,,1452
976,39,,1,,1453
977,39,,1,,1454
978,39,,1,,1456
979,23,,1,,1457
980,23,,1,,1458
981,39,,1,,1459
982,39,,1,,1460
983,39,,1,,1461
984,39,,1,,1462
985,13,,1,,1463
986,39,,1,,1464
987,39,,1,,1465
988,39,,1,,1466
989,39,,1,,1467
990,39,,1,,1468
991,39,,1,,1469
992,39,,1,,1470
993,39,,1,,1471
994,39,,1,,1472
995,23,,1,,1473
996,39,,2,,1474
997,39,,3,,1475
998,39,,1,,1476
999,39,,1,,1477
1000,39,,1,,1478
1001,39,,1,,1479
1002,39,,1,,1480
1003,39,,1,,1481
1004,39,,2,,1482
1005,39,,2,,1483
1006,39,,1,,1484
1007,39,,1,,1485
1008,39,,1,,1486
1009,39,,1,,1487
1010,43,,1,,1488
1011,43,,1,,1489
1012,39,,1,,1490
1013,39,,1,,1491
1014,43,,1,,1492
1015,39,,1,,1493
1016,39,,1,,1494
1017,43,,1,,1495
1018,65,,1,,1496
1019,65,,1,,1497
1020,39,,2,,1498
1021,23,,1,,1499
1022,39,,1,,1500
1023,23,,1,,1501
1024,23,,1,,1502
1025,39,,1,,1503
1026,23,,1,,1504
1027,39,,1,,1505
1028,39,,1,,1506
1029,39,,1,,1507
1030,39,,1,,1508
1031,23,,1,,1509
1032,39,,1,,1510
1033,39,,1,,1511
1034,43,,1,,1512
1035,65,,1,,1513
1036,23,,1,,1514
1037,39,,1,,1515
1038,39,,1,,1516
1039,39,,1,,1517
1040,39,,1,,1518
1041,39,,1,,1519
1042,39,,2,,1520
1043,39,,1,,1521
1044,39,,1,,1522
1045,39,,1,,1523
1046,39,,1,,1524
1047,39,,1,,1525
1048,39,,1,,1526
1049,39,,1,,1527
1050,39,,1,,1528
1051,39,,1,,1529
1052,39,,1,,1530
1053,39,,1,,1531
1054,39,,1,,1532
1055,39,,1,,1533
1056,39,,1,,1534
1057,39,,2,,1535
1058,39,,1,,1536
1059,39,,1,,1537
1060,39,,2,,1538
1061,39,,2,,1539
1062,39,,1,,1540
1063,39,,1,,1541
1064,39,,1,,1542
1065,11,,1,,1543
1066,39,,1,,1544
1067,23,,1,,1545
1068,23,,1,,1546
1069,23,,1,,1547
1070,39,,1,,1548
1071,65,,1,,1549
1072,11,,1,,1550
1073,39,,2,,1551
1074,39,,2,,1552
1075,39,,1,,1553
1076,39,,1,,1554
1077,11,,1,,1555
1078,39,,1,,1556
1079,39,,1,,1557
1080,39,,1,,1558
1081,39,,1,,1559
1082,39,,1,,1560
1083,36,,1,,1561
1084,36,,1,,1562
1085,36,,1,,1563
1086,39,,1,,1564
1087,39,,1,,1565
1088,39,,1,,1566
1089,39,,1,,1567
1090,39,,1,,1568
1091,39,,1,,1569
1092,39,,1,,1570
1093,39,,1,,1571
1094,39,,1,,1572
1095,39,,1,,1573
1096,39,,1,,1574
1097,39,,1,,1575
1098,39,,1,,1576
1099,39,,1,,1577
1100,39,,1,,1578
1101,39,,1,,1579
1102,39,,1,,1580
1103,39,,2,,1581
1104,39,,1,,1582
1105,39,,1,,1583
1106,39,,1,,1584
1107,39,,1,,1585
1108,39,,1,,1586
1109,39,,1,,1587
1110,39,,2,,1588
1111,39,,2,,1589
1112,39,,2,,1590
1113,39,,1,,1591
1114,39,,2,,1592
1115,39,,2,,1593
1116,39,,2,,1594
1117,39,,1,,1595
1118,36,,1,,1596
1119,11,,1,,1597
1120,39,,1,,1598
1121,11,,1,,1599
1122,11,,1,,1600
1123,11,,1,,1601
1124,11,,1,,1602
1125,11,,1,,1603
1126,11,,1,,1604
1127,11,,1,,1605
1128,11,,1,,1606
1129,39,,1,,1607
1130,11,,1,,1608
1131,23,,1,,1609
1132,11,,1,,1610
1133,11,,1,,1611
1134,39,,1,,1612
1135,39,,1,,1613
1136,39,,1,,1614
1137,11,,1,,1615
1138,39,,1,,1616
1139,39,,1,,1617
1140,65,,1,,1618
1141,39,,1,,1619
1142,36,,1,,1620
1143,39,,1,,1621
1144,39,,1,,1622
1145,39,,2,,1623
1146,39,,1,,1624
1147,39,,1,,1625
1148,39,,1,,1626
1149,39,,1,,1627
1150,39,,1,,1628
1151,11,,1,,1629
1152,39,,1,,1630
1153,39,,1,,1631
1154,39,,3,,1632
1155,39,,2,,1633
1156,66,,1,,1634
1157,11,,1,,1635
1158,39,,1,,1636
1159,11,,1,,1637
1160,39,,1,,1638
1161,39,,1,,1639
1162,39,,1,,1640
1163,39,,2,,1641
1164,23,,1,,1642
1165,39,,1,,1643
1166,39,,1,,1644
1167,39,,1,,1645
1168,39,,1,,1646
1169,39,,1,,1647
1170,39,,1,,1648
1171,39,,1,,1649
1172,39,,1,,1650
1173,39,,2,,1651
1174,39,,1,,1652
1175,39,,1,,1653
1176,39,,1,,1654
1177,39,,1,,1655
1178,39,,2,,1656
1179,23,,1,,1657
1180,39,,1,,1658
1181,39,,2,,1659
1182,11,,1,,1660
1183,39,,2,,1661
1184,11,,1,,1662
1185,39,,1,,1663
1186,39,,1,,1455
1187,11,,1,,1664
1188,39,,1,,1665
1189,39,,1,,1666
1190,39,,2,,1667
1191,36,,3,,1668
1192,39,,1,,1669
1193,36,,1,,1670
1194,39,,1,,1671
1195,39,,1,,1672
1196,39,,1,,1673
1197,11,,1,,1674
1198,39,,1,,1675
1199,36,,3,,1676
1200,39,,2,,1677
1201,43,,1,,1678
1202,39,,1,,1679
1203,36,,1,,1680
1204,36,,1,,1681
1205,36,,2,,1682
1206,36,,1,,1683
1207,39,,1,,1684
1208,39,,1,,1685
1209,39,,1,,1686
1210,39,,2,,1687
1211,39,,1,,1688
1212,39,,1,,1689
1213,11,,1,,1690
1214,39,,1,,1691
1215,39,,1,,1692
1216,39,,1,,1693
1217,39,,1,,1694
1218,39,,1,,1695
1219,39,,1,,1696
1220,39,,2,,1697
1221,39,,1,,1698
1222,39,,1,,1699
1223,39,,1,,1700
1224,39,,1,,1701
1225,36,,1,,1702
1226,39,,1,,1703
1227,11,,1,,1704
1228,36,,1,,1705
1229,39,,1,,1706
1230,39,,1,,1707
1231,11,,1,,1708
1232,39,,1,,1709
1233,39,,1,,1710
1234,39,,1,,1711
1235,36,,2,,1712
1236,39,,1,,1713
1237,43,,1,,1714
1238,36,,1,,1715
1239,36,,1,,1716
1240,39,,1,,1717
1241,39,,1,,1718
1242,39,,1,,1719
1243,39,,1,,1720
1244,11,,1,,1721
1245,39,,1,,1722
1246,23,,1,,1723
1247,39,,2,,1724
1248,11,,1,,1725
1249,11,,1,,1726
1250,39,,1,,1727
1251,39,,1,,1728
1252,11,,1,,1729
1253,39,,1,,1730
1254,39,,2,,1731
1255,43,,1,,1732
1256,39,,1,,1733
1257,11,,1,,1734
1258,36,,1,,1735
1259,36,,1,,1736
1260,39,,1,,1737
1261,39,,1,,1738
1262,39,,2,,1739
1263,39,,1,,1740
1264,39,,1,,1741
1265,39,,1,,1742
1266,39,,2,,1743
1267,39,,1,,1744
1268,39,,2,,1745
1269,39,,1,,1746
1270,39,,1,,1747
1271,39,,2,,1748
1272,36,,1,,1749
1273,36,,1,,1750
1274,36,,1,,1751
1275,39,,1,,1752
1276,23,,2,,1753
1277,39,,1,,1754
1278,11,,1,,1755
1279,39,,1,,1756
1280,39,,1,,1757
1281,39,,2,,1758
1282,39,,1,,1759
1283,39,,2,,1760
1284,25,,1,,1761
1285,39,,1,,1762
1286,23,,1,,1763
1287,8,,1,,1764
1288,43,,1,,1765
1289,36,,1,,1766
1290,39,,1,,1767
1291,39,,2,,1768
1292,39,,3,,1769
1293,39,,2,,1770
1294,39,,1,,1771
1295,36,,1,,1772
1296,39,,1,,1773
1297,39,,1,,1774
1298,23,,1,,1775
1299,39,,2,,1776
1300,39,,1,,1777
1301,39,,1,,1778
1302,39,,1,,1779
1303,39,,1,,1780
1304,39,,1,,1781
1305,39,,1,,1782
1306,39,,1,,1783
1307,36,,1,,1784
1308,39,,2,,1785
1309,36,,1,,1786
1310,39,,1,,1787
1311,39,,1,,1788
1312,39,,1,,1789
1313,39,,1,,1790
1314,39,,1,,1791
1315,36,,1,,1792
1316,36,,1,,1793
1317,39,,1,,1794
1318,39,,1,,1795
1319,39,,1,,1796
1320,39,,1,,1797
1321,39,,2,,1798
1322,39,,1,,1799
1323,39,,1,,1800
1324,11,,1,,1801
1325,39,,1,,1802
1326,23,,1,,1803
1327,39,,1,,1804
1328,39,,1,,1805
1329,39,,2,,1806
1330,39,,1,,1807
1331,39,,1,,1808
1332,39,,1,,1809
1333,39,,2,,1810
1334,39,,3,,1811
1335,39,,1,,1812
1336,39,,1,,1813
1337,39,,1,,1814
1338,11,,1,,1815
1339,39,,1,,1816
1340,39,,2,,1817
1341,39,,1,,1818
1342,39,,2,,1819
1343,22,,1,,1820
1344,39,,1,,1821
1345,39,,1,,1822
1346,39,,1,,1823
1347,39,,2,,1824
1348,39,,1,,1825
1349,39,,1,,1826
1350,39,,1,,1827
1351,39,,1,,1828
1352,39,,1,,1829
1353,23,,1,,1830
1354,39,,1,,1831
1355,39,,1,,1832
1356,39,,1,,1833
1357,39,,1,,1834
1358,39,,1,,1835
1359,39,,1,,1836
1360,39,,1,,1837
1361,39,,2,,1838
1362,39,,1,,1839
1363,39,,1,,1840
1364,11,,1,,1841
1365,11,,1,,1842
1366,11,,1,,1843
1367,39,,1,,1844
1368,11,,1,,1845
1369,11,,1,,1846
1370,39,,1,,1847
1371,39,,1,,1848
1372,39,,1,,1849
1373,11,,1,,1850
1374,39,,1,,1851
1375,39,,1,,1852
1376,39,,1,,1853
1377,11,,1,,1854
1378,39,,1,,1855
1379,11,,1,,1856
1380,39,,1,,1857
1381,43,,1,,1858
1382,39,,1,,1859
1383,36,,1,,1860
1384,39,,2,,1861
1385,11,,1,,1862
1386,39,,1,,1863
1387,39,,1,,1864
1388,39,,1,,1865
1389,39,,2,,1866
1390,39,,1,,1867
1391,23,,1,,1868
1392,39,,1,,1869
1393,36,,1,,1870
1394,36,,1,,1871
1395,11,,1,,1872
1396,39,,1,,1873
1397,36,,1,,1874
1398,36,,1,,1875
1399,36,,1,,1876
1400,36,,1,,1877
1401,36,,1,,1878
1402,36,,1,,1879
1403,36,,1,,1880
1404,36,,1,,1881
1405,11,,1,,1882
1406,39,,1,,1883
1407,39,,1,,1884
1408,39,,1,,1885
1409,39,,1,,1886
1410,11,,1,,1887
1411,36,,1,,1888
1412,36,,1,,1889
1413,36,,1,,1890
1414,36,,2,,1891
1415,36,,1,,1892
1416,36,,3,,1893
1417,36,,1,,1894
1418,39,,1,,1895
1419,36,,1,,1896
1420,39,,1,,1897
1421,39,,1,,1898
1422,39,,1,,1899
1423,39,,1,,1900
1424,11,,1,,1901
1425,39,,1,,1902
1426,39,,1,,1903
1427,39,,1,,1904
1428,23,,1,,1905
1429,39,,1,,1906
1430,39,,1,,1907
1431,39,,1,,1908
1432,11,,1,,1909
1433,39,,1,,1910
1434,39,,1,,1911
1435,39,,1,,1912
1436,39,,1,,1913
1437,39,,1,,1914
1438,39,,1,,1915
1439,39,,1,,1916
1440,39,,1,,1917
1441,11,,1,,1918
1442,39,,1,,1919
1443,39,,1,,1920
1444,39,,1,,1921
1445,39,,1,,1922
1446,39,,1,,1923
1447,39,,1,,1924
1448,39,,1,,1925
1449,39,,1,,1926
1450,39,,1,,1927
1451,11,,1,,1928
1452,39,,1,,1929
1453,39,,1,,1930
1454,11,,1,,1931
1455,11,,1,,1932
1456,11,,1,,1933
1457,39,,1,,1934
1458,39,,1,,1935
1459,39,,1,,1936
1460,39,,2,,1937
1461,39,,1,,1938
1462,39,,2,,1939
1463,39,,1,,1940
1464,39,,1,,1941
1465,39,,1,,1942
1466,39,,1,,1943
1467,39,,1,,1944
1468,39,,3,,1945
1469,39,,3,,1946
1470,39,,2,,1947
1471,39,,3,,1948
1472,39,,3,,1949
1473,39,,1,,1950
1474,11,,1,,1951
1475,39,,1,,1952
1476,39,,1,,1953
1477,39,,2,,1954
1478,39,,1,,1955
1479,39,,1,,1956
1480,39,,1,,1957
1481,39,,1,,1958
1482,39,,2,,1959
1483,39,,2,,1960
1484,39,,2,,1961
1485,39,,1,,1962
1486,39,,2,,1963
1487,39,,1,,1964
1488,39,,1,,1965
1489,39,,1,,1966
1490,11,,1,,1967
1491,39,,1,,1968
1492,39,,1,,1969
1493,39,,1,,1970
1494,39,,1,,1971
1495,39,,1,,1972
1496,11,,1,,1973
1497,39,,2,,1974
1498,39,,1,,1975
1499,39,,1,,1976
1500,39,,1,,1977
1501,39,,1,,1978
1502,39,,2,,1979
1503,23,,1,,1980
1504,11,,1,,1981
1505,11,,1,,1982
1506,11,,1,,1983
1507,39,,1,,1984
1508,39,,1,,1985
1509,39,,1,,1986
1510,39,,1,,1987
1511,39,,1,,1988
1512,39,,1,,1989
1513,36,,1,,1990
1514,36,,2,,1991
1515,39,,1,,1992
1516,36,,1,,1993
1517,36,,1,,1994
1518,36,,1,,1995
1519,36,,1,,1996
1520,39,,1,,1997
1521,39,,1,,1998
1522,39,,1,,1999
1523,39,,1,,2000
1524,23,,1,,2001
1525,39,,1,,2002
1526,39,,1,,2003
1527,39,,2,,2004
1528,39,,2,,2005
1529,39,,1,,2006
1530,39,,1,,2007
1531,39,,2,,2008
1532,11,,1,,2009
1533,39,,1,,2010
1534,11,,1,,2011
1535,39,,1,,2012
1536,39,,1,,2013
1537,11,,1,,2014
1538,39,,1,,2015
1539,39,,1,,2016
1540,39,,1,,2017
1541,39,,1,,2018
1542,11,,1,,2019
1543,39,,2,,2020
1544,39,,1,,2021
1545,39,,1,,2022
1546,39,,1,,2023
1547,39,,1,,2024
1548,11,,1,,2025
1549,39,,1,,2026
1550,39,,1,,2027
1551,39,,1,,2028
1552,39,,1,,2029
1553,39,,1,,2030
1554,39,,1,,2031
1555,39,,1,,2032
1556,39,,1,,2033
1557,11,,1,,2034
1558,39,,1,,2035
1559,65,,1,,2036
1560,36,,1,,2037
1561,36,,1,,2038
1562,36,,1,,2039
1563,39,,1,,2040
1564,36,,1,,2041
1565,39,,1,,2042
1566,39,,2,,2043
1567,39,,1,,2044
1568,39,,1,,2045
1569,39,,1,,2046
1570,39,,1,,2047
1571,39,,1,,2048
1572,39,,1,,2049
1573,39,,2,,2050
1574,23,,1,,2051
1575,39,,1,,2052
1576,39,,1,,2053
1577,11,,1,,2054
1578,39,,1,,2055
1579,39,,1,,2056
1580,39,,1,,2057
1581,39,,1,,2058
1582,23,,1,,2059
1583,39,,2,,2060
1584,39,,1,,2061
1585,36,,1,,2062
1586,39,,1,,2063
1587,39,,2,,2064
1588,39,,1,,2065
1589,39,,2,,2066
1590,39,,1,,2067
1591,39,,1,,2068
1592,39,,1,,2069
1593,39,,1,,2070
1594,39,,1,,2071
1595,39,,1,,2072
1596,39,,1,,2073
1597,39,,1,,2074
1598,39,,1,,2075
1600,36,,2,,2076
1601,36,,2,,2077
1602,36,,1,,2078
1603,36,,1,,2079
1604,36,,1,,2080
1605,36,,2,,2081
1606,36,,2,,2082
1607,11,,1,,2083
1608,36,,1,,2084
1609,39,,2,,2085
1610,39,,1,,2086
1611,39,,1,,2087
1612,11,,1,,2088
1613,39,,2,,2089
1614,39,,1,,2090
1615,39,,1,,2091
1616,39,,1,,2092
1617,39,,1,,2093
1618,39,,1,,2094
1619,39,,1,,2095
1620,39,,1,,2096
1621,39,,1,,2097
1622,39,,3,,2098
1623,39,,2,,2099
1624,39,,1,,2100
1625,11,,1,,2101
1626,39,,1,,2102
1627,23,,1,,2103
1628,39,,1,,2104
1629,39,,1,,2105
1630,11,,1,,2106
1631,39,,2,,2107
1632,39,,1,,2108
1633,39,,1,,2109
1634,39,,1,,2110
1635,39,,1,,2111
1636,39,,1,,2112
1637,36,,1,,2113
1638,39,,1,,2114
1639,23,,1,,2115
1640,39,,1,,2116
1641,39,,1,,2117
1642,39,,1,,2118
1643,39,,1,,2119
1644,39,,2,,2120
1645,39,,2,,2121
1646,23,,1,,2122
1647,39,,2,,2123
1648,39,,1,,2124
1649,39,,1,,2125
1650,39,,1,,2126
1651,39,,1,,2127
1652,39,,1,,2128
1653,39,,2,,2129
1654,39,,2,,2130
1655,39,,2,,2131
1656,39,,2,,2132
1657,39,,2,,2133
1658,39,,2,,2134
1659,39,,2,,2135
1660,39,,1,,2136
1661,11,,1,,2137
1662,39,,2,,2138
1663,39,,1,,2139
1664,39,,1,,2140
1665,39,,1,,2141
1666,39,,2,,2142
1667,39,,1,,2143
1668,39,,1,,2144
1669,39,,1,,2145
1670,39,,1,,2146
1671,39,,1,,2147
1672,39,,1,,2148
1673,11,,1,,2149
1674,39,,1,,2150
1675,39,,1,,2151
1676,39,,1,,2152
1677,39,,1,,2153
1678,39,,1,,2154
1679,39,,1,,2155
1680,39,,1,,2156
1681,11,,1,,2157
1682,23,,1,,2158
1683,39,,1,,2159
1684,39,,1,,2160
1685,39,,1,,2161
1686,39,,1,,2162
1687,39,,1,,2163
1688,36,,1,,2164
1689,23,,1,,2165
1690,39,,1,,2166
1691,39,,1,,2167
1692,39,,1,,2168
1693,39,,1,,2169
1694,39,,1,,2170
1695,39,,1,,2171
1696,36,,1,,2172
1697,36,,1,,2173
1698,39,,1,,2174
1699,39,,1,,2175
1700,39,,2,,2176
1701,39,,2,,2177
1702,39,,1,,2178
1703,39,,1,,2179
1704,39,,1,,2180
1705,39,,1,,2181
1706,39,,1,,2182
1707,39,,1,,2183
1708,23,,1,,2184
1709,39,,1,,2185
1710,39,,1,,2186
1711,39,,1,,2187
1712,39,,1,,2188
1713,39,,1,,2189
1714,39,,1,,2190
1715,39,,3,,2191
1716,39,,3,,2192
1717,39,,1,,2193
1718,39,,2,,2194
1719,39,,1,,2195
1720,39,,2,,2196
1721,39,,1,,2197
1722,39,,2,,2198
1723,39,,1,,2199
1724,23,,1,,2200
1725,39,,2,,2201
1726,39,,1,,2202
1727,23,,2,,2203
1728,39,,1,,2204
1729,39,,1,,2205
1730,39,,1,,2206
1731,39,,1,,2207
1732,39,,1,,2208
1733,39,,1,,2209
1734,39,,1,,2210
1735,11,,1,,2211
1736,43,,1,,2212
1737,39,,1,,2213
1738,39,,1,,2214
1739,39,,1,,2215
1740,23,,1,,2216
1741,39,,1,,2217
1742,39,,1,,2218
1743,39,,1,,2219
1744,39,,1,,2220
1745,39,,1,,2221
1746,39,,1,,2222
1747,39,,2,,2223
1748,36,,1,,2224
1749,39,,1,,2225
1750,39,,1,,2226
1751,39,,2,,2227
1752,39,,2,,2228
1753,39,,1,,2229
1754,39,,1,,2230
1755,39,,1,,2231
1756,39,,2,,2232
1757,39,,1,,2233
1758,39,,1,,2234
1759,39,,1,,2235
1760,39,,1,,2236
1761,39,,1,,2237
1762,39,,1,,2238
1763,39,,1,,2239
1764,11,,1,,2240
1765,39,,1,,2241
1766,11,,1,,2242
1767,11,,1,,2243
1768,39,,1,,2244
1769,39,,1,,2245
1770,39,,1,,2246
1771,39,,1,,2247
1772,39,,1,,2248
1773,39,,1,,2249
1774,39,,1,,2250
1775,39,,1,,2251
1776,11,,1,,2252
1777,39,,1,,2253
1778,39,,1,,2254
1779,23,,1,,2255
1780,39,,1,,2256
1781,39,,1,,2257
1782,39,,1,,2258
1783,39,,1,,2259
1784,39,,1,,2260
1785,39,,1,,2261
1786,39,,1,,2262
1787,39,,1,,2263
1788,39,,1,,2264
1789,39,,2,,2265
1790,39,,2,,2266
1791,11,,1,,2267
1792,39,,1,,2268
1793,39,,1,,2269
1794,39,,2,,2270
1795,11,,1,,2271
1796,39,,1,,2272
1797,39,,2,,2273
1798,39,,1,,2274
1799,39,,1,,2275
1800,39,,1,,2276
1801,39,,1,,2277
1802,39,,1,,2278
1803,39,,1,,2279
1804,39,,1,,2280
1805,39,,1,,2281
1806,23,,1,,2282
1807,39,,1,,2283
1808,39,,1,,2284
1809,23,,1,,2285
1810,39,,1,,2286
1811,39,,2,,2287
1812,39,,1,,2288
1813,11,,1,,2289
1814,39,,1,,2290
1815,39,,1,,2291
1816,39,,1,,2292
1817,39,,1,,2293
1818,39,,1,,2294
1819,39,,2,,2295
1820,39,,1,,2296
1821,39,,1,,2297
1822,39,,1,,2298
1823,39,,1,,2299
1825,36,,1,,2300
1826,36,,2,,2301
1827,36,,2,,2302
1828,36,,1,,2303
1829,39,,1,,2304
1830,39,,1,,2305
1831,39,,1,,2306
1832,39,,1,,2307
1833,39,,1,,2308
1834,39,,1,,2309
1835,39,,1,,2310
1836,39,,1,,2311
1837,11,,1,,2312
1838,39,,1,,2313
1839,39,,1,,2314
1840,39,,1,,2315
1841,39,,2,,2316
1842,36,,1,,2317
1843,36,,1,,2318
1844,39,,1,,2319
1845,39,,1,,2320
1846,11,,1,,2321
1847,39,,1,,2322
1848,11,,1,,2323
1849,39,,1,,2324
1850,39,,1,,2325
1851,39,,1,,2326
1852,11,,1,,2327
1853,39,,1,,2328
1854,39,,1,,2329
1855,39,,1,,2330
1856,39,,1,,2331
1857,39,,2,,2332
1858,39,,1,,2333
1859,39,,1,,2334
1860,39,,1,,2335
1861,39,,1,,2336
1862,39,,1,,2337
1863,39,,1,,2338
1864,39,,1,,2339
1865,11,,1,,2340
1866,36,,1,,2341
1867,36,,1,,2342
1868,39,,1,,2343
1869,39,,1,,2344
1870,39,,1,,2345
1871,39,,1,,2346
1872,39,,1,,2347
1873,39,,1,,2348
1874,39,,1,,2349
1875,11,,1,,2350
1876,39,,1,,2351
1877,39,,1,,2352
1878,23,,1,,2353
1879,39,,1,,2354
1880,39,,1,,2355
1881,39,,1,,2356
1882,66,,1,,2357
1883,39,,1,,2358
1884,39,,1,,2359
1885,39,,2,,2360
1886,66,,1,,2361
1887,39,,1,,2362
1888,39,,1,,2363
1889,66,,1,,2364
1890,39,,1,,2365
1891,39,,2,,2366
1892,39,,1,,2367
1893,39,,1,,2368
1894,39,,1,,2369
1895,39,,1,,2370
1896,39,,1,,2371
1897,39,,1,,2372
1898,39,,1,,2373
1899,39,,1,,2374
1900,39,,1,,2375
1901,39,,1,,2376
1902,39,,1,,2377
1903,39,,1,,2378
1904,39,,1,,2379
1905,39,,2,,2380
1906,39,,2,,2381
1907,39,,1,,2382
1908,39,,1,,2383
1909,39,,1,,2384
1910,39,,1,,2385
1911,39,,1,,2386
1912,39,,1,,2387
1913,39,,1,,2388
1914,39,,1,,2389
1915,39,,1,,2390
1916,39,,1,,2391
1917,39,,1,,2392
1918,39,,1,,2393
1919,36,,1,,2394
1920,36,,1,,2395
1921,39,,1,,2396
1922,39,,1,,2397
1923,39,,1,,2398
1924,23,,1,,2399
1925,23,,1,,2400
1926,39,,1,,2401
1927,39,,1,,2402
1928,39,,1,,2403
1929,39,,1,,2404
1930,36,,1,,2405
1931,39,,1,,2406
1932,39,,1,,2407
1933,36,,1,,2408
1934,36,,1,,2409
1935,39,,1,,2410
1936,36,,1,,2411
1937,36,,1,,2412
1938,36,,1,,2413
1939,36,,2,,2414
1940,36,,1,,2415
1941,11,,1,,2416
1942,39,,1,,2417
1943,39,,1,,2418
1944,39,,1,,2419
1945,39,,1,,2420
1946,39,,1,,2421
1947,11,,1,,2422
1948,39,,2,,2423
1949,11,,1,,2424
1950,39,,2,,2425
1951,39,,2,,2426
1952,39,,1,,2427
1953,39,,1,,2428
1954,39,,1,,2429
1955,36,,1,,2430
1956,36,,1,,2431
1957,36,,1,,2432
1958,39,,1,,2433
1959,39,,1,,2434
1960,39,,1,,2435
1961,39,,1,,2436
1962,11,,1,,2437
1963,11,,1,,2438
1964,39,,1,,2439
1965,11,,1,,2440
1966,36,,1,,2441
1967,39,,1,,2442
1968,11,,1,,2443
1969,39,,1,,2444
1970,39,,1,,2445
1971,39,,1,,2446
1972,39,,1,,2447
1973,39,,1,,2448
1974,39,,1,,2449
1975,39,,1,,2450
1976,39,,1,,2451
1977,39,,2,,2452
1978,39,,1,,2453
1979,39,,1,,2454
1980,39,,1,,2455
1981,11,,1,,2456
1982,39,,1,,2457
1983,39,,2,,2458
1984,39,,2,,2459
1985,39,,1,,2460
1986,39,,1,,2461
1987,36,,1,,2462
1988,23,,1,,2463
1989,39,,1,,2464
1990,39,,1,,2465
1991,39,,1,,2466
1992,39,,1,,2467
1993,39,,2,,2468
1994,39,,2,,2469
1995,39,,1,,2470
1996,39,,1,,2471
1997,39,,2,,2472
1998,39,,1,,2473
1999,39,,1,,2474
2000,23,,1,,2475
2001,39,,1,,2476
2002,11,,1,,2477
2003,11,,1,,2478
2004,39,,1,,2479
2005,39,,1,,2480
2006,39,,1,,2481
2007,39,,1,,2482
2008,23,,1,,2483
2009,23,,1,,2484
2010,39,,1,,2485
2011,39,,1,,2486
2012,11,,1,,2487
2013,39,,1,,2488
2014,39,,1,,2489
2015,39,,1,,2490
2016,39,,1,,2491
2017,39,,1,,2492
2018,39,,1,,2493
2019,36,,1,,2494
2020,36,,1,,2495
2021,39,,1,,2496
2022,11,,1,,2497
2023,39,,1,,2498
2024,39,,2,,2499
2025,39,,2,,2500
2026,39,,1,,2501
2027,39,,1,,2502
2028,39,,1,,2503
2029,36,,1,,2504
2030,36,,1,,2505
2031,23,,1,,2506
2032,39,,1,,2507
2033,23,,1,,2508
2034,39,,1,,2509
2035,39,,1,,2510
2036,11,,1,,2511
2037,39,,1,,2512
2038,36,,1,,2513
2039,39,,2,,2514
2040,36,,1,,2515
2041,23,,1,,2516
2042,36,,1,,2517
2043,39,,1,,2518
2044,39,,1,,2519
2045,39,,1,,2520
2046,39,,1,,2521
2047,39,,1,,2522
2048,39,,2,,2523
2049,39,,1,,2524
2050,39,,1,,2525
2051,39,,1,,2526
2052,39,,1,,2527
2053,39,,1,,2528
2054,39,,1,,2529
2055,39,,1,,2530
2056,39,,1,,2531
2057,39,,1,,2532
2058,39,,3,,2533
2059,36,,1,,2534
2060,39,,1,,2535
2061,39,,1,,2536
2062,36,,1,,2537
2063,39,,1,,2538
2064,39,,1,,2539
2065,39,,1,,2540
2066,39,,1,,2541
2067,39,,1,,2542
2068,11,,1,,2543
2069,39,,1,,2544
2070,39,,1,,2545
2071,39,,2,,2546
2072,39,,3,,2547
2073,36,,1,,2548
2074,36,,1,,2549
2075,39,,1,,2550
2076,23,,1,,2551
2077,39,,1,,2552
2078,39,,1,,2553
2079,39,,3,,2554
2080,39,,1,,2555
2081,39,,1,,2556
2082,39,,1,,2557
2083,39,,1,,2558
2084,39,,1,,2559
2085,39,,1,,2560
2086,39,,1,,2561
2087,23,,1,,2562
2088,39,,1,,2563
2089,39,,1,,2564
2090,39,,1,,2565
2091,39,,1,,2566
2092,39,,1,,2567
2093,39,,1,,2568
2094,39,,1,,2569
2095,39,,1,,2570
2096,39,,1,,2571
2097,39,,2,,2572
2098,39,,2,,2573
2099,39,,1,,2574
2100,39,,1,,2575
2101,39,,1,,2576
2102,39,,1,,2577
2103,39,,2,,2578
2104,39,,1,,2579
2105,39,,1,,2580
2106,39,,1,,2581
2107,39,,1,,2582
2108,39,,1,,2583
2109,39,,1,,2584
2110,39,,1,,2585
2111,23,,1,,2586
2112,39,,1,,2587
2113,39,,1,,2588
2114,39,,2,,2589
2115,39,,1,,2590
2116,39,,1,,2591
2117,39,,1,,2592
2118,39,,2,,2593
2119,39,,2,,2594
2120,39,,1,,2595
2121,39,,1,,2596
2122,11,,1,,2597
2123,11,,1,,2598
2124,39,,1,,2599
2125,23,,1,,2600
2126,39,,1,,2601
2127,39,,1,,2602
2128,39,,2,,2603
2129,23,,1,,2604
2130,23,,1,,2605
2131,39,,1,,2606
2132,39,,1,,2607
2133,39,,1,,2608
2134,39,,1,,2609
2135,39,,1,,2610
2136,23,,1,,2611
2137,39,,1,,2612
2138,11,,1,,2613
2139,39,,1,,2614
2140,43,,1,,2615
2141,11,,1,,2616
2142,36,,1,,2617
2143,43,,1,,2618
2144,39,,1,,2619
2145,39,,1,,2620
2146,39,,1,,2621
2147,39,,1,,2622
2148,39,,1,,2623
2149,39,,2,,2624
2150,11,,1,,2625
2151,39,,2,,2626
2152,39,,1,,2627
2153,39,,1,,2628
2154,23,,2,,2629
2155,11,,1,,2630
2156,41,,1,,2631
2157,39,,1,,2632
2158,39,,1,,2633
2159,39,,1,,2634
2160,39,,2,,2635
2161,39,,1,,2636
2162,39,,1,,2637
2163,39,,1,,2638
2164,39,,1,,2639
2165,39,,1,,2640
2166,43,,1,,2641
2167,39,,1,,2642
2168,39,,1,,2643
2169,39,,1,,2644
2170,39,,1,,2645
2171,39,,1,,2646
2172,39,,1,,2647
2173,11,,1,,2648
2174,39,,1,,2649
2175,39,,1,,2650
2176,39,,2,,2651
2177,39,,1,,2652
2178,11,,1,,2653
2179,11,,1,,2654
2180,11,,1,,2655
2181,11,,1,,2656
2182,11,,1,,2657
2183,11,,1,,2658
2184,43,,1,,2659
2185,39,,1,,2660
2186,39,,1,,2661
2187,39,,1,,2662
2188,39,,1,,2663
2189,39,,1,,2664
2190,39,,1,,2665
2191,39,,1,,2666
2192,39,,2,,2667
2193,39,,1,,2668
2194,39,,1,,2669
2195,39,,1,,2670
2196,39,,1,,2671
2197,39,,2,,2672
2198,11,,1,,2673
2199,11,,1,,2674
2200,11,,1,,2675
2201,39,,1,,2676
2202,23,,1,,2677
2203,39,,1,,2678
2204,39,,1,,2679
2205,23,,1,,2680
2206,39,,2,,2681
2207,39,,1,,2682
2208,23,,1,,2683
2209,39,,1,,2684
2210,11,,1,,2685
2211,43,,1,,2686
2212,23,,1,,2687
2213,39,,1,,2688
2214,23,,1,,2689
2215,39,,1,,2690
2216,39,,1,,2691
2217,39,,1,,2692
2218,39,,1,,2693
2219,39,,1,,2694
2220,11,,1,,2695
2221,11,,1,,2696
2222,11,,1,,2697
2223,43,,1,,2698
2224,23,,1,,2699
2225,39,,1,,2700
2226,39,,1,,2701
2227,39,,1,,2702
2228,39,,2,,2703
2229,39,,1,,2704
2230,39,,1,,2705
2231,39,,2,,2706
2232,23,,1,,2707
2233,39,,1,,2708
2234,39,,1,,2709
2235,39,,1,,2710
2236,11,,1,,2711
2237,11,,1,,2712
2238,11,,1,,2713
2239,11,,1,,2714
2240,11,,1,,2715
2241,39,,1,,2716
2242,39,,1,,2717
2243,39,,1,,2718
2244,39,,1,,2719
2245,39,,2,,2720
2246,11,,1,,2721
2247,11,,1,,2722
2248,11,,1,,2723
2249,11,,1,,2724
2250,11,,1,,2725
2251,11,,1,,2726
2252,11,,1,,2727
2253,39,,1,,2728
2254,39,,1,,2729
2255,39,,1,,2730
2256,39,,2,,2731
2257,41,,1,,2732
2258,41,,1,,2733
2259,39,,1,,2734
2260,39,,1,,2735
2261,39,,1,,2736
2262,39,,1,,2737
2263,39,,1,,2738
2264,39,,1,,2739
2265,39,,1,,2740
2266,39,,1,,2741
2267,39,,1,,2742
2268,39,,1,,2743
2269,39,,1,,2744
2270,39,,2,,2745
2271,39,,1,,2746
2272,39,,1,,2747
2273,39,,1,,2748
2274,39,,1,,2749
2275,39,,1,,2750
2276,39,,2,,2751
2277,39,,1,,2752
2278,39,,1,,2753
2279,39,,1,,2754
2280,39,,1,,2755
2281,39,,1,,2756
2282,11,,1,,2757
2283,23,,1,,2758
2284,39,,1,,2759
2285,39,,1,,2760
2286,39,,1,,2761
2287,39,,1,,2762
2288,39,,1,,2763
2289,39,,1,,2764
2290,39,,1,,2765
2291,39,,1,,2766
2292,39,,1,,2767
2293,39,,2,,2768
2294,39,,1,,2769
2295,39,,1,,2770
2296,39,,1,,2771
2297,39,,1,,2772
2298,39,,1,,2773
2299,39,,1,,2774
2300,39,,1,,2775
2301,39,,1,,2776
2302,39,,2,,2777
2303,23,,1,,2778
2304,39,,1,,2779
2305,39,,1,,2780
2306,39,,1,,2781
2307,39,,1,,2782
2308,39,,1,,2783
2309,39,,1,,2784
2310,39,,1,,2785
2311,23,,1,,2786
2312,39,,1,,2787
2313,39,,1,,2788
2314,11,,1,,2789
2315,39,,1,,2790
2316,39,,2,,2791
2317,39,,1,,2792
2318,39,,1,,2793
2319,39,,1,,2794
2320,39,,1,,2795
2321,39,,1,,2796
2322,39,,1,,2797
2323,39,,1,,2798
2324,39,,1,,2799
2325,39,,1,,2800
2326,39,,1,,2801
2327,39,,1,,2802
2328,39,,1,,2803
2329,39,,1,,2804
2330,39,,1,,2805
2331,39,,1,,2806
2332,39,,1,,2807
2333,39,,1,,2808
2334,39,,1,,2809
2335,39,,3,,2810
2336,39,,2,,2811
2337,39,,1,,2812
2338,39,,1,,2813
2339,39,,2,,2814
2340,39,,1,,2815
2341,39,,1,,2816
2342,39,,1,,2817
2343,39,,1,,2818
2344,39,,1,,2819
2345,23,,1,,2820
2346,23,,1,,2821
2347,39,,1,,2822
2348,11,,1,,2823
2349,39,,1,,2824
2350,39,,2,,2825
2351,39,,2,,2826
2352,39,,1,,2827
2353,39,,1,,2828
2354,39,,1,,2829
2355,39,,2,,2830
2356,39,,2,,2831
2357,39,,2,,2832
2358,39,,1,,2833
2359,39,,1,,2834
2360,23,,1,,2835
2361,39,,2,,2836
2362,39,,2,,2837
2363,39,,1,,2838
2364,39,,2,,2839
2365,39,,1,,2840
2366,39,,1,,2841
2367,39,,1,,2842
2368,39,,3,,2843
2369,39,,2,,2844
2370,39,,1,,2845
2371,39,,1,,2846
2372,39,,1,,2847
2373,39,,1,,2848
2374,39,,1,,2849
2375,39,,1,,2850
2376,39,,2,,2851
2377,39,,1,,2852
2378,39,,1,,2853
2379,39,,3,,2854
2380,39,,1,,2855
2381,39,,1,,2856
2382,39,,2,,2857
2383,39,,1,,2858
2384,39,,2,,2859
2385,23,,1,,2860
2386,39,,2,,2861
2387,39,,1,,2862
2388,39,,1,,2863
2389,39,,1,,2864
2390,39,,2,,2865
2391,39,,2,,2866
2392,39,,2,,2867
2393,39,,1,,2868
2394,39,,1,,2869
2395,11,,1,,2870
2396,36,,1,,2871
2397,39,,2,,2872
2398,39,,1,,2873
2399,39,,1,,2874
2400,39,,1,,2875
2401,39,,1,,2876
2402,39,,2,,2877
2403,11,,1,,2878
2404,39,,1,,2879
2405,39,,1,,2880
2406,39,,1,,2881
2407,23,,1,,2882
2408,39,,1,,2883
2409,39,,1,,2884
2410,39,,1,,2885
2411,39,,1,,2886
2412,39,,1,,2887
2413,39,,1,,2888
2414,39,,1,,2889
2415,39,,1,,2890
2416,39,,1,,2891
2417,11,,1,,2892
2418,11,,1,,2893
2419,36,,1,,2894
2420,36,,1,,2895
2421,39,,1,,2896
2422,39,,1,,2897
2423,39,,1,,2898
2424,39,,1,,2899
2425,39,,2,,2900
2426,39,,2,,2901
2427,39,,1,,2902
2428,39,,1,,2903
2429,36,,1,,2904
2430,39,,1,,2905
2431,39,,1,,2906
2432,39,,1,,2907
2433,39,,1,,2908
2434,39,,1,,2909
2435,39,,3,,2910
2436,39,,2,,2911
2437,39,,1,,2912
2438,11,,1,,2913
2439,39,,1,,2914
2440,11,,1,,2915
2441,36,,1,,2916
2442,39,,1,,2917
2443,39,,1,,2918
2444,39,,1,,2919
2445,39,,1,,2920
2446,39,,2,,2921
2447,39,,1,,2922
2448,39,,1,,2923
2450,39,,1,,2924
2451,39,,1,,2925
2452,39,,1,,2926
2453,39,,1,,2927
2454,39,,1,,2928
2455,39,,2,,2929
2456,39,,1,,2930
2457,39,,1,,2931
2458,39,,1,,2932
2459,39,,1,,2933
2460,39,,1,,2934
2461,39,,2,,2935
2462,39,,1,,2936
2463,39,,2,,2937
2464,39,,1,,2938
2465,39,,1,,2939
2466,39,,1,,2940
2467,39,,1,,2941
2468,23,,1,,2942
2469,39,,1,,2943
2470,39,,1,,2944
2471,39,,2,,2945
2472,39,,1,,2946
2473,39,,2,,2947
2474,39,,1,,2948
2475,39,,2,,2949
2476,39,,1,,2950
2477,39,,1,,2951
2478,39,,1,,2952
2479,39,,1,,2953
2480,39,,2,,2954
2481,39,,2,,2955
2482,39,,1,,2956
2483,39,,1,,2957
2484,39,,2,,2958
2485,39,,1,,2959
2486,39,,2,,2960
2487,39,,2,,2961
2488,39,,1,,2962
2489,39,,1,,2963
2490,39,,1,,2964
2491,39,,1,,2965
2492,39,,1,,2966
2493,39,,1,,2967
2494,36,,2,,2968
2495,39,,1,,2969
2496,39,,1,,2970
2497,39,,2,,2971
2498,39,,1,,2972
2499,39,,1,,2973
2500,39,,3,,2974
2501,39,,1,,2975
2502,39,,3,,2976
2503,39,,2,,2977
2504,39,,1,,2978
2505,39,,1,,2979
2506,39,,1,,2980
2507,39,,1,,2981
2508,39,,1,,2982
2509,39,,1,,2983
2510,39,,1,,2984
2511,39,,2,,2985
2512,39,,1,,2986
2513,39,,2,,2987
2514,36,,1,,2988
2515,36,,2,,2989
2516,39,,1,,2990
2517,39,,2,,2991
2518,39,,2,,2992
2519,39,,1,,2993
2520,39,,1,,2994
2521,11,,1,,2995
2522,39,,1,,2996
2523,39,,1,,2997
2524,23,,1,,2998
2525,39,,2,,2999
2526,39,,2,,3000
2527,39,,2,,3001
2528,39,,1,,3002
2529,39,,1,,3003
2530,39,,1,,3004
2531,36,,1,,3005
2532,39,,1,,3006
2533,39,,1,,3007
2534,39,,1,,3008
2535,39,,3,,3009
2536,39,,1,,3010
2537,39,,1,,3011
2538,39,,1,,3012
2539,11,,1,,3013
2540,36,,1,,3014
2541,36,,1,,3015
2542,36,,2,,3016
2543,36,,1,,3017
2544,39,,1,,3018
2545,39,,1,,3019
2546,39,,1,,3020
2547,39,,3,,3021
2548,39,,2,,3022
2549,39,,1,,3023
2550,11,,1,,3024
2551,39,,1,,3025
2552,36,,1,,3026
2553,36,,1,,3027
2554,39,,1,,3028
2555,39,,1,,3029
2556,39,,1,,3030
2557,23,,1,,3031
2558,11,,1,,3032
2559,39,,1,,3033
2560,39,,1,,3034
2561,39,,1,,3035
2562,39,,2,,3036
2563,39,,1,,3037
2564,39,,2,,3038
2565,11,,1,,3039
2566,39,,1,,3040
2567,39,,1,,3041
2568,39,,1,,3042
2569,39,,2,,3043
2570,39,,1,,3044
2571,39,,1,,3045
2572,39,,1,,3046
2573,39,,1,,3047
2574,39,,1,,3048
2575,39,,1,,3049
2576,39,,1,,3050
2577,39,,1,,3051
2578,39,,1,,3052
2579,39,,1,,3053
2580,39,,2,,3054
2581,39,,1,,3055
2582,39,,1,,3056
2583,39,,1,,3057
2584,39,,1,,3058
2585,39,,1,,3059
2586,39,,1,,3060
2587,39,,2,,3061
2588,39,,1,,3062
2589,39,,1,,3063
2590,39,,1,,3064
2591,39,,1,,3065
2592,39,,1,,3066
2593,39,,1,,3067
2594,39,,1,,3068
2595,39,,2,,3069
2596,39,,1,,3070
2597,39,,1,,3071
2598,11,,1,,3072
2599,39,,2,,3073
2600,39,,1,,3074
2601,39,,1,,3075
2602,39,,1,,3076
2603,39,,1,,3077
2604,11,,1,,3078
2605,39,,1,,3079
2606,39,,1,,3080
2607,39,,1,,3081
2608,39,,1,,3082
2609,39,,1,,3083
2610,39,,1,,3084
2611,11,,1,,3085
2612,39,,2,,3086
2613,39,,1,,3087
2614,39,,1,,3088
2615,39,,2,,3089
2616,39,,2,,3090
2617,39,,2,,3091
2618,39,,2,,3092
2619,39,,2,,3093
2620,39,,1,,3094
2621,11,,1,,3095
2622,39,,1,,3096
2623,11,,1,,3097
2624,39,,1,,3098
2625,39,,2,,3099
2626,39,,1,,3100
2627,39,,1,,3101
2628,39,,1,,3102
2629,39,,1,,3103
2630,39,,1,,3104
2631,11,,1,,3105
2632,39,,1,,3106
2633,39,,1,,3107
2634,39,,2,,3108
2635,39,,1,,3109
2636,36,,1,,3110
2637,39,,1,,3111
2638,39,,1,,3112
2639,39,,2,,3113
2640,39,,2,,3114
2641,39,,2,,3115
2642,39,,1,,3116
2643,39,,1,,3117
2644,39,,3,,3118
2645,39,,1,,3119
2646,39,,2,,3120
2647,39,,2,,3121
2648,39,,1,,3122
2649,39,,1,,3123
2650,11,,1,,3124
2651,11,,1,,3125
2652,39,,1,,3126
2653,39,,1,,3127
2654,36,,1,,3128
2655,36,,1,,3129
2656,39,,1,,3130
2657,39,,1,,3131
2658,39,,2,,3132
2659,39,,1,,3133
2660,39,,1,,3134
2661,39,,2,,3135
2662,39,,1,,3136
2663,39,,1,,3137
2664,11,,1,,3138
2665,39,,1,,3139
2666,11,,1,,3140
2667,39,,1,,3141
2668,23,,1,,3142
2669,39,,1,,3143
2670,23,,1,,3144
2671,39,,1,,3145
2672,39,,2,,3146
2673,39,,1,,3147
2674,23,,1,,3148
2675,39,,1,,3149
2676,39,,1,,3150
2677,39,,1,,3151
2678,39,,1,,3152
2679,39,,1,,3153
2680,39,,1,,3154
2681,39,,1,,3155
2682,39,,1,,3156
2683,39,,1,,3157
2684,39,,1,,3158
2685,39,,1,,3159
2686,39,,1,,3160
2687,39,,1,,3161
2688,39,,2,,3162
2689,39,,3,,3163
2690,39,,2,,3164
2691,39,,1,,3165
2692,39,,1,,3166
2693,39,,2,,3167
2694,39,,1,,3168
2695,39,,2,,3169
2696,39,,2,,3170
2697,39,,1,,3171
2698,36,,2,,3172
2699,39,,1,,3173
2700,39,,1,,3174
2701,39,,1,,3175
2702,39,,3,,3176
2703,39,,1,,3177
2704,39,,1,,3178
2705,39,,1,,3179
2706,39,,1,,3180
2707,39,,1,,3181
2708,39,,1,,3182
2709,39,,2,,3183
2710,39,,1,,3184
2711,39,,3,,3185
2712,39,,1,,3186
2713,39,,1,,3187
2714,11,,1,,3188
2715,36,,1,,3189
2717,11,,1,,3190
2718,39,,2,,3191
2719,39,,2,,3192
2720,39,,2,,3193
2721,39,,2,,3194
2722,39,,1,,3195
2723,39,,1,,3196
2724,39,,1,,3197
2725,39,,2,,3198
2726,36,,2,,3199
2727,39,,2,,3200
2728,39,,1,,3201
2729,39,,1,,3202
2730,39,,1,,3203
2731,39,,1,,3204
2732,39,,2,,3205
2733,39,,2,,3206
2734,39,,1,,3207
2735,39,,1,,3208
2736,39,,1,,3209
2737,39,,2,,3210
2738,39,,3,,3211
2739,39,,3,,3211
2740,39,,5,,3212
2741,39,,3,,3213
2742,39,,1,,3214
2743,39,,1,,3215
2744,39,,2,,3216
2745,39,,1,,3217
2746,11,,1,,3218
2747,39,,1,,3219
2748,39,,1,,3220
2749,39,,2,,3221
2750,66,,1,,3222
2751,39,,1,,3223
2752,23,,1,,3224
2753,39,,2,,3225
2754,39,,1,,3226
2755,39,,2,,3227
2756,39,,1,,3228
2757,39,,1,,3229
2758,39,,1,,3230
2759,39,,1,,3231
2760,39,,1,,3232
2761,39,,1,,3233
2762,39,,1,,3234
2763,39,,1,,3235
2764,39,,1,,3236
2765,39,,2,,3237
2766,39,,1,,3238
2767,39,,1,,3239
2768,39,,1,,3240
2769,39,,1,,3241
2770,39,,1,,3242
2771,39,,1,,3243
2772,39,,2,,3244
2773,11,,1,,3245
2774,11,,1,,3246
2775,11,,2,,3247
2776,11,,1,,3248
2777,36,,1,,3249
2778,23,,1,,3250
2779,36,,1,,3251
2780,11,,1,,3252
2781,11,,1,,3253
2782,11,,1,,3254
2783,11,,1,,3255
2784,11,,1,,3256
2785,11,,1,,3257
2786,11,,1,,3258
2787,39,,1,,3259
2788,39,,1,,3260
2789,39,,1,,3261
2790,39,,1,,3262
2791,39,,1,,3263
2792,39,,1,,3264
2793,39,,1,,3265
2794,39,,2,,3266
2795,39,,1,,3267
2796,39,,1,,3268
2797,39,,1,,3269
2798,39,,1,,3270
2799,39,,1,,3271
2800,39,,2,,3272
2801,39,,2,,3273
2802,39,,1,,3274
2803,11,,1,,3275
2804,11,,1,,3276
2805,36,,1,,3277
2806,39,,1,,3278
2807,39,,2,,3279
2808,39,,1,,3280
2809,39,,1,,3281
2810,39,,1,,3282
2811,39,,1,,3283
2812,39,,2,,3284
2813,39,,2,,3285
2814,39,,1,,3286
2816,11,,1,,3287
2817,39,,3,,3288
2818,67,,1,,3289
2819,36,,1,,3290
2820,39,,1,,3291
2821,39,,1,,3292
2822,39,,1,,3293
2823,39,,1,,3294
2824,39,,1,,3295
2825,39,,1,,3296
2826,39,,2,,3297
2827,39,,1,,3298
2828,39,,1,,3299
2829,39,,1,,3300
2830,39,,1,,3301
2831,39,,2,,3302
2832,39,,1,,3303
2833,39,,1,,3304
2834,39,,1,,3305
2835,67,,1,,3306
2836,39,,1,,3307
2837,39,,1,,3308
2838,39,,1,,3309
2839,39,,1,,3310
2840,39,,1,,3311
2841,39,,1,,3312
2842,39,,1,,3313
2843,39,,1,,3314
2844,39,,1,,3315
2845,39,,2,,3316
2846,39,,1,,3317
2847,36,,1,,3318
2848,39,,1,,3319
2849,39,,1,,3320
2850,39,,1,,3321
2851,39,,1,,3322
2852,39,,1,,3323
2853,39,,1,,3324
2854,67,,1,,3325
2855,39,,1,,3326
2856,39,,1,,3327
2857,39,,1,,3328
2858,39,,2,,3329
2859,39,,1,,3330
2860,39,,1,,3331
2861,39,,1,,3332
2862,39,,2,,3333
2863,39,,1,,3334
2864,39,,1,,3335
2865,39,,1,,3336
2866,39,,1,,3337
2867,39,,3,,3338
2868,39,,1,,3339
2869,39,,2,,3340
2870,67,,1,,3341
2871,39,,2,,3342
2872,39,,1,,3343
2873,39,,2,,3344
2874,39,,1,,3345
2875,39,,1,,3346
2876,39,,1,,3347
2877,39,,1,,3348
2878,39,,1,,3349
2879,39,,2,,3350
2880,39,,1,,3351
2881,39,,1,,3352
2882,39,,2,,3353
2883,39,,1,,3354
2884,39,,1,,3355
2886,39,,1,,3356
2887,39,,2,,3357
2888,39,,1,,3358
2889,39,,1,,3359
2890,39,,1,,3360
2891,39,,1,,3361
2892,39,,1,,3362
2893,39,,2,,3363
2894,39,,2,,3364
2895,39,,1,,3365
2896,39,,2,,3366
2897,39,,1,,3367
2898,39,,2,,3368
2899,39,,3,,3369
2900,39,,1,,3370
2901,39,,1,,3371
2902,39,,1,,3372
2903,39,,2,,3373
2904,39,,1,,3374
2905,39,,3,,3375
2906,39,,2,,3376
2907,39,,2,,3377
2908,67,,1,,3378
2909,39,,2,,3379
2910,39,,1,,3380
2911,39,,1,,3381
2912,39,,1,,3382
2913,39,,1,,3383
2914,39,,2,,3384
2915,39,,2,,3385
2916,39,,1,,3386
2917,39,,1,,3387
2918,39,,1,,3388
2919,39,,1,,3389
2920,23,,1,,3390
2921,39,,1,,3391
2922,39,,3,,3392
2923,39,,1,,3393
2924,39,,1,,3394
2925,39,,1,,3395
2926,39,,1,,3396
2927,39,,1,,3397
2928,39,,1,,3398
2929,39,,1,,3399
2930,39,,1,,3400
2931,39,,1,,3401
2932,39,,1,,3402
2933,39,,1,,3403
2934,39,,2,,3404
2935,39,,1,,3405
2936,39,,1,,3406
2937,39,,1,,3407
2938,36,,1,,3408
2939,39,,1,,3409
2940,39,,1,,3410
2941,39,,2,,3411
2942,39,,2,,3412
2943,36,,1,,3413
2944,39,,1,,3414
2945,39,,2,,3415
2946,39,,1,,3416
2947,39,,1,,3417
2948,39,,1,,3418
2949,39,,1,,3419
2950,39,,2,,3420
2951,39,,1,,3421
2952,39,,2,,3422
2953,39,,1,,3423
2954,67,,1,,3424
2955,39,,1,,3425
2956,36,,1,,3426
2957,39,,1,,3427
2958,39,,2,,3428
2959,39,,3,,3429
2960,39,,1,,3430
2961,39,,2,,3431
2962,39,,1,,3432
2963,39,,1,,3433
2964,39,,1,,3434
2965,39,,2,,3435
2966,39,,1,,3436
2967,67,,1,,3437
2968,39,,2,,3438
2969,36,,1,,3439
2970,39,,1,,3440
2971,67,,1,,3441
2972,39,,1,,3442
2973,39,,1,,3443
2974,39,,1,,3444
2975,39,,1,,3445
2976,39,,2,,3446
2977,39,,2,,3447
2978,39,,1,,3448
2979,39,,1,,3449
2980,39,,1,,3450
2981,39,,1,,3451
2982,67,,1,,3452
2983,39,,1,,3453
2984,39,,1,,3454
2985,39,,1,,3455
2986,39,,1,,3456
2987,39,,1,,3457
2988,39,,1,,3458
2989,39,,1,,3459
2990,39,,1,,3460
2991,39,,1,,3461
2992,67,,1,,3462
2993,39,,1,,3463
2994,39,,2,,3464
2995,39,,1,,3465
2996,39,,1,,3466
2997,39,,1,,3467
2998,23,,1,,3468
2999,39,,1,,3469
3000,39,,2,,3470
3001,39,,2,,3471
3002,39,,1,,3472
3003,39,,1,,3473
3004,39,,1,,3474
3005,39,,1,,3475
3006,39,,1,,3476
3007,39,,1,,3477
3008,39,,2,,3478
3009,39,,3,,3479
3010,39,,1,,3480
3011,39,,1,,3481
3012,39,,1,,3482
3013,39,,1,,3483
3014,23,,1,,3484
3015,39,,1,,3485
3016,39,,1,,3486
3017,39,,2,,3487
3018,39,,2,,3488
3019,39,,1,,3489
3020,39,,1,,3490
3021,39,,1,,3491
3022,39,,2,,3492
3023,39,,1,,3493
3024,67,,1,,3494
3025,39,,1,,3495
3026,39,,1,,3496
3027,67,,1,,3497
3028,36,,1,,3498
3029,39,,1,,3499
3030,39,,1,,3500
3031,39,,2,,3501
3032,39,,1,,3502
3033,39,,2,,3503
3034,39,,1,,3504
3035,39,,1,,3505
3036,39,,1,,3506
3037,36,,1,,3507
3038,36,,1,,3508
3039,39,,1,,3509
3040,38,,1,,3510
3041,39,,1,,3511
3042,39,,1,,3512
3043,39,,1,,3513
3044,39,,1,,3514
3045,39,,2,,3515
3046,39,,1,,3516
3047,67,,1,,3517
3048,39,,2,,3518
3049,39,,1,,3519
3050,39,,4,,3520
3051,39,,1,,3521
3052,39,,1,,3522
3053,39,,1,,3523
3054,39,,1,,3524
3055,39,,1,,3525
3056,39,,1,,3526
3057,39,,1,,3527
3058,39,,1,,3528
3059,39,,1,,3529
3060,39,,1,,3530
3061,39,,1,,3531
3062,39,,1,,3532
3063,39,,1,,3533
3064,39,,1,,3534
3065,39,,1,,3535
3066,39,,1,,3536
3067,39,,1,,3537
3068,39,,1,,3538
3069,39,,1,,3539
3070,39,,2,,3540
3071,39,,1,,3541
3072,39,,1,,3542
3073,39,,1,,3543
3074,39,,1,,3544
3075,39,,1,,3545
3076,39,,1,,3546
3077,39,,1,,3547
3078,39,,2,,3548
3079,39,,1,,3549
3080,39,,1,,3550
3081,39,,1,,3551
3082,39,,1,,3552
3083,67,,1,,3553
3084,39,,1,,3554
3085,39,,1,,3555
3086,39,,1,,3556
3087,39,,1,,3557
3088,67,,1,,3558
3089,67,,1,,3559
3090,39,,1,,3560
3091,39,,1,,3561
3092,39,,1,,3562
3093,67,,1,,3563
3094,39,,1,,3564
3095,67,,1,,3565
3096,67,,1,,3566
3097,67,,1,,3567
3098,39,,1,,3568
3099,67,,1,,3569
3100,39,,1,,3570
3101,67,,1,,3571
3102,39,,1,,3572
3103,67,,1,,3573
3104,67,,1,,3574
3105,67,,1,,3575
3106,39,,1,,3576
3107,39,,1,,3577
3108,39,,1,,3578
3109,39,,1,,3579
3110,39,,1,,3580
3111,39,,1,,3581
3112,39,,1,,3582
3113,67,,1,,3583
3114,67,,1,,3584
3115,67,,1,,3585
3116,39,,1,,3586
3117,67,,1,,3587
3118,67,,1,,3588
3119,67,,1,,3589
3120,67,,1,,3590
3121,67,,1,,3591
3122,67,,1,,3592
3123,39,,1,,3593
3124,39,,1,,3594
3125,39,,1,,3595
3126,67,,1,,3596
3127,67,,1,,3597
3128,67,,1,,3598
3129,67,,1,,3599
3130,67,,1,,3600
3131,39,,1,,3601
3133,67,,1,,3602
3134,67,,1,,3603
3135,67,,1,,3604
3136,67,,1,,3605
3137,39,,1,,3606
3138,39,,1,,3607
3139,67,,1,,3608
3140,67,,1,,3609
3141,67,,1,,3610
3142,67,,1,,3611
3143,39,,1,,3612
3144,39,,1,,3613
3145,39,,1,,3614
3146,39,,1,,3615
3147,39,,1,,3616
3148,67,,1,,3617
3149,67,,1,,3618
3150,67,,1,,3619
3151,67,,1,,3620
3152,67,,1,,3621
3153,67,,1,,3622
3154,67,,1,,3623
3155,67,,1,,3624
3156,67,,1,,3625
3157,67,,1,,3626
3158,67,,1,,3627
3159,39,,1,,3628
3160,67,,1,,3629
3161,39,,1,,3630
3162,67,,1,,3631
3163,39,,1,,3632
3164,67,,1,,3633
3165,39,,1,,3634
3166,39,,1,,3635
3167,39,,1,,3636
3168,67,,1,,3637
3169,67,,1,,3638
3170,67,,1,,3639
3171,67,,1,,3640
3172,67,,1,,3641
3173,67,,1,,3642
3174,67,,1,,3643
3175,67,,1,,3644
3176,39,,1,,3652
3177,39,,2,,3653
3178,39,,1,,3656
3179,39,,1,,3658
3180,67,,1,,3665
3181,39,,1,,3676
3182,39,,1,,3677
3183,39,,1,,3678
3184,67,,1,,3679
3185,39,,1,,3680
3186,39,,1,,3681
3187,39,,1,,3682
3188,39,,1,,3683
3189,67,,1,,3684
3190,39,,1,,3685
3191,67,,1,,3686
3192,67,,1,,3687
3193,39,,1,,3688
3194,39,,1,,3689
3195,39,,3,,3690
3196,39,,1,,3691
3197,39,,1,,3692
3198,39,,1,,3693
3199,39,,1,,3694
3200,39,,1,,3695
3201,39,,1,,3696
3202,39,,1,,3697
3203,39,,1,,3698
3204,39,,1,,3699
3205,39,,1,,3700
3206,39,,1,,3701
3207,39,,1,,3702
3208,39,,1,,3703
3209,39,,1,,3704
3210,39,,1,,3705
3211,39,,1,,3706
3212,39,,1,,3707
3213,39,,1,,3708
3214,39,,1,,3709
3215,39,,2,,3710
3216,39,,1,,3711
3217,39,,1,,3712
3218,39,,1,,3713
3219,39,,1,,3714
3220,39,,1,,3715
3221,39,,1,,3716
3222,39,,1,,3717
3223,39,,2,,3718
3224,39,,1,,3719
3225,39,,1,,3720
3226,39,,1,,3721
3227,39,,1,,3722
3228,67,,1,,3723
3229,39,,1,,3724
3230,39,,1,,3725
3231,39,,1,,3726
3232,67,,1,,3727
3233,67,,1,,3728
3234,67,,1,,3729
3235,39,,1,,3730
3236,39,,1,,3731
3237,39,,1,,3732
3238,67,,1,,3733
3239,67,,1,,3734
3240,67,,1,,3735
3241,67,,1,,3736
3242,39,,1,,3737
3243,67,,1,,3738
3244,36,,1,,3739
3245,39,,1,,3740
3246,39,,1,,3741
3247,39,,1,,3742
3248,39,,1,,3743
3249,39,,1,,3744
3250,39,,2,,3745
3251,39,,1,,3746
3252,67,,1,,3747
3253,39,,1,,3748
3254,39,,1,,3749
3255,39,,1,,3750
3256,39,,1,,3751
3257,39,,1,,3752
3258,39,,1,,3753
3259,39,,1,,3754
3260,39,,1,,3755
3261,39,,1,,3756
3262,67,,1,,3757
3263,39,,2,,3758
3264,39,,1,,3759
3265,39,,1,,3760
3266,67,,1,,3761
3267,39,,1,,3762
3268,39,,1,,3763
3269,23,,1,,3764
3270,39,,1,,3765
3271,39,,2,,3766
3272,39,,1,,3767
3273,39,,1,,3768
3274,39,,1,,3769
3275,39,,2,,3770
3276,39,,1,,3771
3277,39,,1,,3772
3278,67,,1,,3773
3279,39,,1,,3774
3280,39,,1,,3775
3281,39,,1,,3776
3282,67,,1,,3777
3283,39,,1,,3778
3284,23,,1,,3779
3285,67,,1,,3780
3286,67,,1,,3781
3287,39,,1,,3782
3288,39,,1,,3783
3289,67,,1,,3784
3290,67,,1,,3785
3291,67,,1,,3786
3292,39,,1,,3787
3293,39,,1,,3788
3294,39,,1,,3789
3295,23,,1,,3790
3296,39,,1,,3791
3297,39,,1,,3792
3298,36,,1,,3793
3299,36,,1,,3794
3300,39,,1,,3795
3301,67,,1,,3796
3302,67,,1,,3797
3303,67,,1,,3798
3304,39,,2,,3799
3305,39,,1,,3800
3306,39,,1,,3801
3307,39,,1,,3802
3308,67,,1,,3803
3309,67,,1,,3804
3310,39,,1,,3805
3311,39,,1,,3806
3312,67,,1,,3807
3313,39,,1,,3808
3314,39,,1,,3809
3315,39,,1,,3810
3316,39,,2,,3811
3317,39,,1,,3812
3318,39,,1,,3813
3319,67,,1,,3814
3320,39,,1,,3815
3321,67,,1,,3816
3322,67,,1,,3817
3323,67,,1,,3818
3324,67,,1,,3819
3325,67,,1,,3820
3326,67,,1,,3821
3327,67,,1,,3822
3328,67,,1,,3823
3329,67,,1,,3824
3330,36,,2,,3825
3331,39,,2,,3826
3332,39,,1,,3827
3333,67,,1,,3828
3334,67,,1,,3829
3335,67,,1,,3830
3336,67,,1,,3831
3337,67,,1,,3832
3338,68,,1,,3833
3339,68,,1,,3834
3340,68,,1,,3835
3341,68,,1,,3836
3342,39,,1,,3837
3343,39,,1,,3838
3344,68,,1,,3839
3345,68,,1,,3840
3346,68,,1,,3841
3347,68,,1,,3842
3348,68,,1,,3843
3349,68,,1,,3844
3350,68,,1,,3845
3351,68,,1,,3846
3352,68,,1,,3847
3353,68,,1,,3848
3354,39,,1,,3849
3355,39,,1,,3850
3356,36,,1,,3851
3357,68,,1,,3852
3358,39,,1,,3853
3359,68,,1,,3854
3360,11,,1,,3855
3361,68,,1,,3856
3362,68,,1,,3857
3363,68,,1,,3858
3364,68,,1,,3859
3365,68,,1,,3860
3366,68,,1,,3861
3367,39,,1,,3862
3368,39,,1,,3863
3369,39,,2,,3864
3371,39,,2,,3865
3372,11,,1,,3866
3373,11,,1,,3867
3374,68,,1,,3868
3375,36,,1,,3869
3376,39,,1,,3870
3377,39,,2,,3871
3378,39,,1,,3872
3379,39,,1,,3873
3380,11,,1,,3874
3381,39,,1,,3875
3382,39,,1,,3876
3383,11,,1,,3877
3384,39,,1,,3878
3385,39,,1,,3879
3386,39,,1,,3880
3387,39,,2,,3881
3388,39,,2,,3882
3389,39,,1,,3883
3390,39,,1,,3884
3391,39,,1,,3885
3392,39,,1,,3886
3393,11,,1,,3887
3394,39,,1,,3888
3395,39,,1,,3889
3396,11,,1,,3890
3397,39,,1,,3892
3398,39,,1,,3893
3399,39,,1,,3895
3400,39,,1,,3896
3401,39,,1,,3897
3402,23,,1,,3898
3403,39,,1,,3899
3404,39,,1,,3900
3405,39,,1,,3901
3406,39,,2,,3902
3407,39,,1,,3903
3408,67,,1,,3904
3409,67,,1,,3905
3410,11,,1,,3906
3411,39,,1,,3907
3412,39,,1,,3908
3413,11,,1,,3909
3414,11,,1,,3910
3415,39,,1,,3911
3416,67,,1,,3912
3417,39,,1,,3913
3418,39,,2,,3914
3419,39,,1,,3915
3420,11,,1,,3916
3421,23,,1,,3917
3422,39,,1,,3918
3423,67,,1,,3919
3424,67,,2,,3920
3425,11,,1,,3921
3426,39,,1,,3922
3427,11,,1,,3923
3428,11,,1,,3924
3429,39,,1,,3925
3430,39,,1,,3926
3431,11,,1,,3927
3432,39,,1,,3928
3433,39,,1,,3929
3434,39,,1,,3930
3435,39,,1,,3931
3436,39,,1,,3932
3437,39,,2,,3933
3438,67,,1,,3934
3439,67,,1,,3935
3440,67,,1,,3936
3441,67,,1,,3937
3442,67,,1,,3938
3443,67,,1,,3939
3444,67,,3,,3940
3445,67,,2,,3941
3446,67,,1,,3942
3447,67,,1,,3943
3448,11,,1,,3944
3449,39,,1,,3945
3450,39,,2,,3946
3451,39,,2,,3947
3452,39,,1,,3948
3453,11,,1,,3949
3454,11,,1,,3950
3455,39,,1,,3951
3456,39,,1,,3952
3457,39,,1,,3953
3458,11,,1,,3954
3459,39,,2,,3955
3460,39,,1,,3956
3461,39,,2,,3957
3462,39,,1,,3958
3463,39,,1,,3959
3464,39,,1,,3960
3465,39,,1,,3961
3466,39,,2,,3962
3467,39,,2,,3963
3468,11,,1,,3964
3469,11,,1,,3965
3470,11,,1,,3966
3471,39,,1,,3967
3472,39,,1,,3968
3473,39,,1,,3969
3474,39,,1,,3970
3475,11,,1,,3971
3476,36,,1,,3972
3477,39,,1,,3973
3478,39,,1,,3974
3479,39,,1,,3975
3480,39,,1,,3976
3481,23,,1,,3977
3482,39,,1,,3978
3483,39,,1,,3979
3484,39,,1,,3980
3485,11,,1,,3981
3486,11,,1,,3982
3487,11,,1,,3983
3488,11,,1,,3984
3489,39,,2,,3985
3490,11,,1,,3986
3491,11,,1,,3987
3492,39,,1,,3988
3493,11,,1,,3989
3494,39,,1,,3990
3495,39,,1,,3991
3496,39,,1,,3992
3497,39,,1,,3993
3498,39,,1,,3994
3499,39,,1,,3995
3500,39,,1,,3996
3501,39,,1,,3997
3502,39,,1,,3998
3503,36,,1,,3999
3504,39,,1,,4000
3505,11,,1,,4001
3506,39,,1,,4002
3507,39,,1,,4003
3508,39,,1,,4004
3509,23,,1,,4005
3510,39,,1,,4006
3511,11,,1,,4007
3512,11,,1,,4008
3513,68,,1,,4009
3514,11,,1,,4010
3515,39,,1,,4011
3516,39,,1,,4012
3517,39,,4,,4013
3518,39,,1,,4014
3519,39,,2,,4015
3520,39,,2,,4016
3521,39,,1,,4017
3522,39,,1,,4018
3523,39,,1,,4019
3524,39,,1,,4020
3525,39,,1,,4021
3526,11,,1,,4022
3527,11,,1,,4023
3528,39,,1,,4024
3529,11,,1,,4025
3530,39,,2,,4026
3531,39,,1,,4027
3532,11,,1,,4028
3533,39,,1,,4029
3534,39,,1,,4030
3535,39,,2,,4031
3536,39,,1,,4032
3537,39,,1,,4033
3538,39,,2,,4034
3539,23,,1,,4035
3540,11,,1,,4036
3541,11,,1,,4037
3542,11,,1,,4038
3543,11,,1,,4039
3544,39,,1,,4040
3545,11,,1,,4041
3546,11,,1,,4042
3547,39,,1,,4043
3548,39,,1,,4044
3549,39,,1,,4045
3550,39,,2,,4046
3551,39,,2,,4047
3552,39,,1,,4048
3553,39,,1,,4049
3554,39,,2,,4050
3555,39,,2,,4051
3556,36,,1,,4052
3557,43,,1,,4053
3558,36,,1,,4054
3559,36,,1,,4055
3560,36,,1,,4056
3561,36,,1,,4057
3562,39,,1,,4058
3563,39,,1,,4059
3564,39,,2,,4060
3565,39,,1,,4061
3566,39,,1,,4062
3567,39,,1,,4063
3568,36,,1,,4064
3569,39,,1,,4065
3570,39,,1,,4066
3571,11,,1,,4067
3572,39,,1,,4068
3573,36,,1,,4069
3574,39,,1,,4070
3575,39,,1,,4071
3576,39,,1,,4072
3577,39,,1,,4073
3578,39,,1,,4074
3579,39,,1,,4075
3580,39,,1,,4076
3581,39,,1,,4077
3582,39,,1,,4078
3583,39,,2,,4079
3584,39,,2,,4080
3585,39,,1,,4081
3586,11,,1,,4082
3587,39,,1,,4083
3588,36,,1,,4084
3589,39,,1,,4085
3590,11,,1,,4086
3591,39,,1,,4087
3592,39,,1,,4088
3593,39,,1,,4089
3594,39,,1,,4090
3595,23,,1,,4091
3596,39,,2,,4092
3597,11,,1,,4093
3598,39,,1,,4094
3599,39,,1,,4095
3600,39,,1,,4096
3601,39,,1,,4097
3602,39,,1,,4098
3603,39,,1,,4099
3604,11,,1,,4100
3605,39,,1,,4101
3606,39,,1,,4102
3607,11,,1,,4103
3608,11,,1,,4104
3609,39,,1,,4105
3610,39,,1,,4106
3611,39,,1,,4107
3612,39,,2,,4108
3613,39,,2,,4109
3614,39,,1,,4110
3615,39,,1,,4111
3616,11,,1,,4112
3617,39,,2,,4113
3618,11,,1,,4114
3619,23,,1,,4115
3620,11,,1,,4116
3621,39,,1,,4117
3622,39,,1,,4118
3623,23,,1,,4119
3624,36,,1,,4120
3625,39,,1,,4121
3626,39,,1,,4122
3627,11,,1,,4123
3628,39,,2,,4124
3629,39,,4,,4125
3630,39,,1,,4126
3631,39,,1,,4127
3632,39,,1,,4128
3633,39,,1,,4129
3634,39,,1,,4130
3635,39,,1,,4131
3636,39,,5,,4132
3637,39,,2,,4133
3638,39,,1,,4134
3639,39,,2,,4135
3640,39,,3,,4136
3641,23,,1,,4137
3642,11,,1,,4138
3643,39,,1,,4139
3644,39,,1,,4140
3645,39,,1,,4141
3646,39,,1,,4142
3647,39,,2,,4143
3648,39,,1,,4144
3649,23,,1,,4145
3650,39,,1,,4146
3651,39,,2,,4147
3652,39,,1,,4148
3653,39,,1,,4149
3654,39,,1,,4150
3655,39,,1,,4151
3656,39,,1,,4152
3657,39,,1,,4153
3658,39,,1,,4154
3659,39,,2,,4155
3660,39,,2,,4156
3661,39,,1,,4157
3662,39,,1,,4158
3663,39,,1,,4159
3664,39,,1,,4160
3665,39,,2,,4161
3666,39,,1,,4162
3667,39,,1,,4163
3668,11,,1,,3645
3669,11,,1,,3646
3670,11,,1,,3647
3671,11,,1,,3648
3672,11,,1,,3649
3673,11,,1,,3650
3674,11,,1,,3651
3675,11,,1,,3654
3676,11,,1,,3655
3677,11,,1,,3657
3678,11,,1,,3659
3679,11,,1,,3660
3680,11,,1,,3661
3681,11,,1,,3662
3682,11,,1,,3663
3683,11,,1,,3664
3684,11,,1,,3666
3685,11,,1,,3667
3686,11,,1,,3668
3687,11,,1,,3669
3688,11,,1,,3670
3689,11,,1,,3671
3690,11,,1,,3672
3691,11,,1,,3673
3692,11,,1,,3674
3693,11,,1,,3675
3694,11,,1,,3891
3695,11,,1,,3894
3696,39,,1,,4164
3697,39,,1,,4165
3698,39,,1,,4166
3699,39,,1,,4167
3700,39,,1,,4168
3701,23,,1,,4169
3702,39,,1,,4170
3703,39,,1,,4171
3704,39,,2,,4172
3705,39,,1,,4173
3706,39,,1,,4174
3707,39,,1,,4175
3708,39,,2,,4176
3709,39,,2,,4177
3710,39,,1,,4178
3711,39,,1,,4179
3712,11,,1,,4180
3713,11,,1,,4181
3714,39,,1,,4182
3715,23,,1,,4183
3716,39,,1,,4184
3717,39,,1,,4185
3718,39,,2,,4186
3719,23,,1,,4187
3720,23,,1,,4188
3721,39,,1,,4189
3722,39,,1,,4190
3723,39,,1,,4191
3724,39,,1,,4192
3725,39,,1,,4193
3726,23,,1,,4194
3727,39,,1,,4195
3728,11,,1,,4196
3729,39,,1,,4197
3730,43,,1,,4198
3731,11,,1,,4199
3732,36,,1,,4200
3733,43,,1,,4201
3734,39,,1,,4202
3735,39,,1,,4203
3736,39,,1,,4204
3737,39,,1,,4205
3738,39,,1,,4206
3739,39,,2,,4207
3740,11,,1,,4208
3741,11,,2,,4209
3742,39,,1,,4210
3743,39,,1,,4211
3744,23,,2,,4212
3745,11,,1,,4213
3746,41,,1,,4214
3747,39,,1,,4215
3748,39,,1,,4216
3749,39,,1,,4217
3750,39,,1,,4218
3751,39,,1,,4219
3752,39,,1,,4220
3753,39,,1,,4221
3754,39,,1,,4222
3755,39,,1,,4223
3756,43,,1,,4224
3757,39,,1,,4225
3758,39,,1,,4226
3759,39,,1,,4227
3760,23,,1,,4228
3761,39,,1,,4229
3762,39,,1,,4230
3763,11,,1,,4231
3764,39,,1,,4232
3765,39,,1,,4233
3766,39,,2,,4234
3767,39,,1,,4235
3768,11,,1,,4236
3769,11,,1,,4237
3770,11,,1,,4238
3771,11,,1,,4239
3772,11,,1,,4240
3773,11,,1,,4241
3774,43,,1,,4242
3775,39,,1,,4243
3776,39,,1,,4244
3777,39,,1,,4245
3778,39,,1,,4246
3779,39,,1,,4247
3780,39,,1,,4248
3781,39,,1,,4249
3782,39,,2,,4250
3783,39,,1,,4251
3784,39,,1,,4252
3785,39,,1,,4253
3786,39,,1,,4254
3787,39,,2,,4255
3788,11,,1,,4256
3789,11,,1,,4257
3790,11,,1,,4258
3791,39,,1,,4259
3792,23,,1,,4260
3793,39,,1,,4261
3794,39,,1,,4262
3795,23,,1,,4263
3796,39,,2,,4264
3797,39,,1,,4265
3798,23,,1,,4266
3799,39,,1,,4267
3800,11,,1,,4268
3801,43,,1,,4269
3802,23,,1,,4270
3803,39,,1,,4271
3804,23,,1,,4272
3805,39,,1,,4273
3806,39,,1,,4274
3807,39,,1,,4275
3808,39,,1,,4276
3809,39,,1,,4277
3810,11,,1,,4278
3811,11,,1,,4279
3812,11,,1,,4280
3813,43,,1,,4281
3814,23,,1,,4282
3815,39,,1,,4283
3816,39,,1,,4284
3817,39,,1,,4285
3818,39,,2,,4286
3819,39,,1,,4287
3820,39,,1,,4288
3821,39,,2,,4289
3822,23,,1,,4290
3823,39,,1,,4291
3824,39,,1,,4292
3825,39,,1,,4293
3826,11,,1,,4294
3827,11,,1,,4295
3828,11,,1,,4310
3829,11,,1,,4309
3830,11,,1,,4308
3831,11,,1,,4307
3832,11,,1,,4306
3833,11,,1,,4305
3834,11,,1,,4304
3835,11,,1,,4298
3836,11,,1,,4297
3837,11,,1,,4296
3838,39,,1,,4299
3839,39,,1,,4300
3840,39,,1,,4301
3841,39,,1,,4302
3842,39,,2,,4303
3843,39,,1,,4311
3844,39,,1,,4312
3845,39,,1,,4313
3846,39,,2,,4314
3847,41,,1,,4315
3848,41,,1,,4316
3849,39,,1,,4317
3850,39,,1,,4318
3851,39,,1,,4319
3852,39,,1,,4320
3853,39,,1,,4321
3854,39,,2,,4322
3855,39,,1,,4323
3856,39,,1,,4324
3857,39,,1,,4325
3858,39,,1,,4326
3859,39,,1,,4327
3860,39,,2,,4328
3861,39,,1,,4329
3862,39,,1,,4330
3863,39,,1,,4331
3864,39,,1,,4332
3865,39,,1,,4333
3866,39,,2,,4334
3867,39,,1,,4335
3868,39,,1,,4336
3869,39,,1,,4337
3870,39,,1,,4338
3871,39,,1,,4339
3872,11,,1,,4340
3873,23,,1,,4341
3874,39,,1,,4342
3875,39,,1,,4343
3876,39,,1,,4344
3877,39,,1,,4345
3878,39,,1,,4346
3879,39,,1,,4347
3880,39,,1,,4348
3881,39,,1,,4349
3882,39,,1,,4350
3883,39,,2,,4351
3884,39,,1,,4352
3885,39,,1,,4353
3886,39,,1,,4354
3887,39,,1,,4355
3888,39,,1,,4356
3889,39,,1,,4357
3890,39,,1,,4358
3891,39,,1,,4359
3892,39,,2,,4360
3893,23,,1,,4361
3894,39,,1,,4362
3895,39,,1,,4363
3896,39,,1,,4364
3897,39,,1,,4365
3898,39,,1,,4366
3899,39,,1,,4367
3900,39,,1,,4368
3901,23,,1,,4369
3902,39,,1,,4370
3903,39,,1,,4371
3904,11,,1,,4372
3905,39,,1,,4373
3906,39,,2,,4374
3907,39,,1,,4375
3908,39,,1,,4376
3909,39,,1,,4377
3910,39,,1,,4378
3911,39,,1,,4379
3912,39,,1,,4380
3913,39,,1,,4381
3914,39,,1,,4382
3915,39,,1,,4383
3916,39,,1,,4384
3917,39,,1,,4385
3918,39,,1,,4386
3919,39,,1,,4387
3920,39,,1,,4388
3921,39,,1,,4389
3922,39,,1,,4390
3923,39,,1,,4391
3924,39,,1,,4392
3925,39,,3,,4393
3926,39,,2,,4394
3927,39,,1,,4395
3928,39,,1,,4396
3929,39,,2,,4397
3930,39,,1,,4398
3931,39,,1,,4399
3932,39,,1,,4400
3933,39,,1,,4401
3934,39,,1,,4402
3935,23,,1,,4403
3936,23,,1,,4404
3937,39,,1,,4405
3938,11,,1,,4406
3939,39,,1,,4407
3940,39,,2,,4408
3941,39,,2,,4409
3942,39,,1,,4410
3943,39,,1,,4411
3944,39,,1,,4412
3945,39,,2,,4413
3946,39,,2,,4414
3947,39,,2,,4415
3948,23,,1,,4416
3949,39,,1,,4417
3950,23,,1,,4418
3951,39,,2,,4419
3952,39,,2,,4420
3953,39,,1,,4421
3954,39,,2,,4422
3955,39,,1,,4423
3956,39,,1,,4424
3957,39,,1,,4425
3958,39,,3,,4426
3959,39,,2,,4427
3960,39,,1,,4428
3961,39,,1,,4429
3962,39,,1,,4430
3963,39,,1,,4431
3964,39,,1,,4432
3965,39,,1,,4433
3966,39,,1,,4434
3967,39,,1,,4435
3968,39,,1,,4436
3969,39,,3,,4437
3970,39,,1,,4438
3971,39,,1,,4439
3972,39,,2,,4440
3973,39,,1,,4441
3974,39,,2,,4442
3975,23,,1,,4443
3976,39,,2,,4444
3977,39,,1,,4445
3978,39,,1,,4446
3979,39,,1,,4447
3980,39,,2,,4448
3981,39,,2,,4449
3982,39,,2,,4450
3983,39,,1,,4451
3984,39,,1,,4452
3985,11,,1,,4453
3986,36,,1,,4454
3987,39,,2,,4455
3988,11,,1,,4456
3989,39,,1,,4457
3990,39,,1,,4458
3991,39,,1,,4459
3992,39,,2,,4460
3993,11,,1,,4461
3994,39,,1,,4462
3995,39,,1,,4463
3996,39,,1,,4464
3997,23,,1,,4465
3998,39,,1,,4466
3999,39,,1,,4467
4000,39,,1,,4468
4001,39,,1,,4469
4002,39,,1,,4470
4003,39,,1,,4471
4004,39,,1,,4472
4005,39,,1,,4473
4006,39,,1,,4474
4007,11,,1,,4475
4008,11,,1,,4476
4009,36,,1,,4477
4010,36,,1,,4478
4011,39,,1,,4479
4012,39,,1,,4480
4013,39,,1,,4481
4014,39,,1,,4482
4015,39,,1,,4483
4016,39,,2,,4484
4017,39,,1,,4485
4018,39,,1,,4486
4019,36,,1,,4487
4020,39,,1,,4488
4021,39,,1,,4489
4022,39,,1,,4490
4023,39,,1,,4491
4024,39,,1,,4492
4025,39,,2,,4493
4026,39,,2,,4494
4027,39,,1,,4495
4028,11,,1,,4496
4029,39,,1,,4497
4030,11,,1,,4498
4031,36,,1,,4499
4032,39,,1,,4500
4033,39,,1,,4501
4034,39,,1,,4502
4035,39,,1,,4503
4036,39,,2,,4504
4037,39,,1,,4505
4038,39,,1,,4506
4039,39,,1,,4507
4040,39,,1,,4508
4041,39,,1,,4509
4042,39,,1,,4510
4043,39,,1,,4511
4044,39,,2,,4512
4045,39,,1,,4513
4046,39,,1,,4514
4047,39,,1,,4515
4048,39,,1,,4516
4049,39,,1,,4517
4050,39,,2,,4518
4051,39,,1,,4519
4052,39,,2,,4520
4053,39,,1,,4521
4054,39,,1,,4522
4055,39,,1,,4523
4056,39,,1,,4524
4057,23,,1,,4525
4058,39,,1,,4526
4059,39,,1,,4527
4060,39,,2,,4528
4061,39,,1,,4529
4062,39,,2,,4530
4063,39,,1,,4531
4064,39,,2,,4532
4065,39,,1,,4533
4066,39,,1,,4534
4067,39,,1,,4535
4068,39,,1,,4536
4069,39,,2,,4537
4070,39,,2,,4538
4071,39,,1,,4539
4072,39,,1,,4540
4073,39,,2,,4541
4074,39,,1,,4542
4075,39,,2,,4543
4076,39,,2,,4544
4077,39,,1,,4545
4078,39,,1,,4546
4079,39,,1,,4547
4080,39,,1,,4548
4081,39,,1,,4549
4082,39,,1,,4550
4083,36,,1,,4551
4084,39,,1,,4552
4085,39,,1,,4553
4086,39,,2,,4554
4087,39,,1,,4555
4088,39,,1,,4556
4089,39,,3,,4557
4090,39,,1,,4558
4091,39,,3,,4559
4092,39,,2,,4560
4093,39,,1,,4561
4094,39,,1,,4562
4095,39,,1,,4563
4096,39,,1,,4564
4097,39,,1,,4565
4098,39,,1,,4566
4099,39,,1,,4567
4100,39,,2,,4568
4101,39,,1,,4569
4102,39,,2,,4570
4103,36,,1,,4571
4104,36,,1,,4572
4105,39,,1,,4573
4106,39,,2,,4574
4107,39,,2,,4575
4108,39,,1,,4576
4109,39,,1,,4577
4110,11,,1,,4578
4111,39,,1,,4579
4112,39,,1,,4580
4113,23,,1,,4581
4114,39,,2,,4582
4115,39,,2,,4583
4116,39,,2,,4584
4117,39,,1,,4585
4118,39,,1,,4586
4119,39,,1,,4587
4120,36,,1,,4588
4121,39,,1,,4589
4122,39,,1,,4590
4123,39,,1,,4591
4124,39,,3,,4592
4125,39,,1,,4593
4126,39,,1,,4594
4127,39,,1,,4595
4128,11,,1,,4596
4129,36,,1,,4597
4130,36,,1,,4598
4131,36,,2,,4599
4132,36,,1,,4600
4133,39,,1,,4601
4134,39,,1,,4602
4135,39,,1,,4603
4136,39,,3,,4604
4137,39,,2,,4605
4138,39,,1,,4606
4139,11,,1,,4607
4140,39,,1,,4608
4141,36,,1,,4609
4142,36,,1,,4610
4143,39,,1,,4611
4144,39,,1,,4612
4145,39,,1,,4613
4146,23,,1,,4614
4147,39,,1,,4615
4148,39,,1,,4616
4149,39,,1,,4617
4150,39,,1,,4618
4151,39,,2,,4619
4152,39,,1,,4620
4153,39,,2,,4621
4154,11,,1,,4622
4155,39,,1,,4623
4156,39,,1,,4624
4157,39,,1,,4625
4158,39,,2,,4626
4159,39,,1,,4627
4160,39,,1,,4628
4161,39,,1,,4629
4162,39,,1,,4630
4163,11,,1,,4631
4164,39,,1,,4632
4165,39,,1,,4633
4166,39,,1,,4634
4167,39,,1,,4635
4168,39,,1,,4636
4169,39,,2,,4637
4170,39,,1,,4638
4171,39,,1,,4639
4172,39,,1,,4640
4173,39,,1,,4641
4174,39,,1,,4642
4175,39,,1,,4643
4176,39,,2,,4644
4177,39,,1,,4645
4178,39,,1,,4646
4179,39,,1,,4647
4180,39,,1,,4648
4181,39,,1,,4649
4182,39,,1,,4650
4183,39,,1,,4651
4184,39,,2,,4652
4185,39,3,1,,4653
4186,39,1,1,,4654
4187,11,,1,,4655
4188,39,,1,,4656
4189,39,,1,,4657
4190,39,,1,,4658
4191,39,,1,,4659
4192,39,,1,,4660
4193,11,,1,,4661
4194,39,,1,,4662
4195,39,,1,,4663
4196,39,,1,,4664
4197,39,,1,,4665
4198,39,,1,,4666
4199,39,,1,,4667
4200,39,,1,,4668
4201,39,,,,4669
4202,39,,1,,4670
4203,39,,1,,4671
4204,39,,2,,4672
4205,39,,2,,4673
4206,39,,2,,4674
4207,39,,2,,4675
4208,39,,2,,4676
4209,39,3,1,,4677
4210,11,,1,,4678
4211,39,,1,,4679
4212,11,,1,,4680
4213,39,,1,,4681
4214,39,,2,,4682
4215,39,,1,,4683
4216,39,,1,,4684
4217,39,,1,,4685
4218,39,,1,,4686
4219,39,,1,,4687
4220,11,,1,,4688
4221,39,,1,,4689
4222,39,,1,,4690
4223,39,,2,,4691
4224,39,,1,,4692
4225,36,,1,,4693
4226,39,,1,,4694
4227,39,,1,,4695
4228,39,,2,,4696
4229,39,,2,,4697
4230,39,,2,,4698
4231,39,,1,,4699
4232,39,,1,,4700
4233,39,,2,,4701
4234,39,,1,,4702
4235,39,,2,,4703
4236,39,,2,,4704
4237,39,,1,,4705
4238,39,,1,,4706
4239,11,,1,,4707
4240,11,,1,,4708
4241,39,,1,,4709
4242,39,,1,,4710
4243,36,,1,,4711
4244,36,,1,,4712
4245,39,,1,,4713
4246,39,,1,,4714
4247,39,,2,,4715
4248,39,,1,,4716
4249,39,,1,,4717
4250,39,,2,,4718
4251,39,,1,,4719
4252,39,,1,,4720
4253,11,,1,,4721
4254,39,,1,,4722
4255,11,,1,,4723
4256,39,,1,,4724
4257,23,,1,,4725
4258,39,,1,,4726
4259,39,,1,,4727
4260,39,,1,,4728
4261,39,,2,,4729
4262,39,,1,,4730
4263,23,,1,,4731
4264,39,,1,,4732
4265,39,,1,,4733
4266,39,,1,,4734
4267,39,,1,,4735
4268,39,,1,,4736
4269,39,,1,,4737
4270,39,,1,,4738
4271,39,,1,,4739
4272,39,,1,,4740
4273,39,,1,,4741
4274,39,,1,,4742
4275,39,,1,,4743
4276,39,,1,,4744
4277,39,,2,,4745
4278,39,,3,,4746
4279,39,,2,,4747
4280,39,,1,,4748
4281,39,,1,,4749
4282,39,,2,,4750
4283,39,,1,,4751
4284,39,,2,,4752
4285,39,,2,,4753
4286,39,,1,,4754
4287,36,,2,,4755
4288,39,,1,,4756
4289,39,,1,,4757
4290,39,,1,,4758
4291,39,,3,,4759
4292,39,,1,,4760
4293,39,,1,,4761
4294,39,,1,,4762
4295,39,,1,,4763
4296,39,,1,,4764
4297,39,,1,,4765
4298,39,,2,,4766
4299,39,,1,,4767
4300,39,,3,,4768
4301,39,,1,,4769
4302,39,,1,,4770
4303,11,,1,,4771
4304,36,,1,,4772
4305,11,,1,,4773
4306,39,,2,,4774
4307,39,,2,,4775
4308,39,,2,,4776
4309,39,,1,,4777
4310,39,,1,,4778
4311,39,,1,,4779
4312,39,,1,,4780
4313,39,,2,,4781
4314,36,,2,,4782
4315,39,,1,,4783
4316,39,,1,,4784
4317,39,,1,,4785
4318,39,,1,,4786
4319,39,,1,,4787
4320,39,,2,,4788
4321,39,,2,,4789
4322,39,,1,,4790
4323,39,,1,,4791
4324,39,,1,,4792
4325,39,,2,,4793
4326,39,,3,,4794
4327,39,,5,,4795
4328,39,,3,,4796
4329,39,,1,,4797
4330,39,,1,,4798
4331,39,,2,,4799
4332,39,,1,,4800
4333,11,,1,,4801
4334,39,,1,,4802
4335,39,,1,,4803
4336,39,,2,,4804
4337,66,,1,,4805
4338,39,,1,,4806
4339,39,,1,,4807
4340,39,,2,,4808
4341,39,,1,,4809
4342,39,,2,,4810
4343,39,,1,,4811
4344,39,,1,,4812
4345,39,,1,,4813
4346,39,,1,,4814
4347,39,,1,,4815
4348,39,,1,,4816
4349,39,,1,,4817
4350,39,,1,,4818
4351,39,,1,,4819
4352,39,,,,4820
4353,39,,1,,4821
4354,11,,1,,5722
4355,43,,1,,5723
4356,11,,1,,5724
4357,11,,1,,5725
4358,11,,1,,5726
4359,11,,1,,5727
4360,36,,1,,5728
4361,36,,1,,5729
4362,36,,1,,5730
4363,36,,1,,5731
4364,36,,1,,5732
4365,39,,2,,5733
4366,11,,1,,5734
4367,11,,1,,5735
4368,11,,1,,5736
4369,11,,1,,5737
4370,11,,1,,5738
4371,11,,1,,5739
4372,11,,1,,5740
4373,11,,1,,5741
4374,11,,1,,5742
4375,11,,1,,5743
4376,11,,1,,5744
4377,11,,1,,5745
4378,11,,1,,5746
4379,11,,1,,5747
4380,11,,1,,5748
4381,11,,1,,5749
4382,11,,1,,5750
4383,11,,1,,5751
4384,11,,1,,5752
4385,36,,1,,5753
4386,11,,1,,5754
4387,11,,1,,5755
4388,11,,1,,5756
4389,11,,1,,5757
4390,11,,1,,5758
4391,11,,1,,5759
4392,11,,1,,5760
4393,11,,1,,5761
4394,11,,1,,5762
4395,11,,1,,5763
4396,39,,1,,5764
4397,39,,1,,5765
4398,12,,1,,5766
4399,11,,1,,5767
4400,11,,1,,5768
4401,11,,1,,5769
4402,11,,1,,5770
4403,11,,1,,5771
4404,11,,1,,5772
4405,11,,1,,5773
4406,12,,1,,5774
4407,36,,1,,5775
4408,11,,1,,5776
4409,11,,1,,5777
4410,11,,1,,5778
4411,11,,1,,5779
4412,8,,1,,5780
4413,11,,1,,5781
4414,11,,1,,5782
4415,11,,1,,5783
4416,11,,1,,5784
4417,11,,1,,5785
4418,11,,1,,5786
4419,11,,1,,5787
4420,11,,1,,5788
4421,11,,1,,5789
4422,11,,1,,5790
4423,11,,1,,5791
4424,11,,1,,5792
4425,11,,1,,5793
4426,11,,1,,5794
4427,11,,1,,5795
4428,11,,1,,5796
4429,11,,1,,5797
4430,11,,1,,5798
4431,39,,1,,5799
4432,11,,1,,5800
4433,36,,1,,5801
4434,8,,2,,5802
4435,36,,4,,5803
4436,36,,2,,5804
4437,36,,1,,5805
4438,36,,1,,5806
4439,36,,1,,5807
4440,36,,1,,5808
4441,41,,1,,5809
4442,36,,1,,5810
4443,36,,2,,5811
4444,36,,1,,5812
4445,36,,1,,5813
4446,11,,1,,5814
4447,11,,1,,5815
4448,11,,1,,5816
4449,11,,1,,5817
4450,11,,1,,5818
4451,11,,1,,5819
4452,36,,1,,5820
4453,36,,1,spots,5821
4454,36,,1,,5822
4455,36,,1,,5823
4456,36,,1,,5824
4457,36,,1,,5825
4458,36,,1,,5826
4459,36,,1,,5827
4460,36,,1,,5828
4461,36,,1,,5829
4462,36,,1,,5830
4463,36,,1,,5831
4464,36,,1,,5832
4465,36,,1,,5833
4466,36,,1,,5834
4467,36,,1,,5835
4468,36,,1,,5836
4469,36,,1,,5837
4470,36,,2,,5838
4471,36,,1,,5839
4472,36,,1,,5840
4473,11,,1,,5841
4474,36,,1,,5842
4475,36,,1,,5843
4476,36,,1,,5844
4477,36,,1,,5845
4478,11,,1,,5846
4479,36,,1,,5847
4480,36,,1,,5848
4481,36,,1,,5849
4482,36,,1,,5850
4483,36,,1,,5851
4484,11,,1,,5852
4485,36,,1,,5853
4486,36,,1,,5854
4487,36,,1,,5855
4488,36,,1,,5856
4489,36,,1,,5857
4490,39,,1,,5858
4491,11,,1,,5859
4492,36,,1,,5860
4493,13,,1,,5861
4494,36,,1,,5862
4495,11,,1,,5863
4496,36,,1,,5864
4497,36,,1,,5865
4498,36,,1,,5866
4499,59,,1,,5867
4500,36,,1,,5868
4501,36,,1,,5869
4502,36,,1,,5870
4503,36,,1,,5871
4504,36,,1,,5872
4505,11,,1,,5873
4506,36,,1,,5874
4507,36,,1,,5875
4508,13,,1,,5876
4509,36,,1,,5877
4510,36,,1,,5878
4511,36,,1,,5879
4512,36,,1,,5880
4513,36,,2,,5881
4514,36,,1,,5882
4515,11,,1,,5883
4516,36,,1,,5884
4517,36,,1,,5885
4518,36,,1,,5886
4519,36,,1,,5887
4520,36,,2,,5888
4521,11,,1,,5889
4522,11,,1,,5890
4523,39,,1,,5891
4524,39,,1,,5892
4525,11,,1,,5893
4526,11,,1,,5894
4527,11,,1,,5895
4528,11,,1,,5896
4529,11,,1,,5897
4530,11,,1,,5898
4531,11,,1,,5899
4532,11,,1,,5900
4533,11,,1,,5901
4534,11,,1,,5902
4535,11,,1,,5903
4536,11,,1,,5904
4537,11,,1,,5905
4538,11,,1,,5906
4539,11,,1,,5907
4540,11,,1,,5908
4541,11,,1,,5909
4542,11,,1,,5910
4543,11,,1,,5911
4544,11,,1,,5912
4545,11,,1,,5913
4546,39,,1,,5914
4547,39,3,1,,4822
4548,39,,1,,4823
4549,39,,1,,4824
4550,39,,1,,4825
4551,39,,1,,4826
4552,39,,2,,4827
4553,11,,1,,4828
4554,39,,1,,4829
4555,39,,2,,4830
4556,39,,1,,4831
4557,36,,1,,4832
4558,23,,1,,4833
4559,23,,1,,4834
4560,39,,1,,4835
4561,39,,1,,4836
4562,39,,1,,4837
4563,39,,1,,4838
4564,11,,1,,4839
4565,39,,1,,4840
4566,11,,1,,4841
4567,39,,1,,4842
4568,39,,1,,4843
4569,39,,2,,4844
4570,39,,1,,4845
4571,39,,1,,4846
4572,39,,1,,4847
4573,39,,1,,4848
4574,39,,2,,4849
4575,39,,1,,4850
4576,39,,1,,4851
4577,39,,1,,4852
4578,39,,1,,4853
4579,39,,1,,4854
4580,39,,2,,4855
4581,39,,2,,4856
4582,39,,1,,4857
4583,11,,1,,4858
4584,11,,1,,4859
4585,36,,1,,4860
4586,39,,1,,4861
4587,39,,2,,4862
4588,39,,1,,4863
4589,39,,1,,4864
4590,39,,1,,4865
4591,39,,1,,4866
4592,39,,2,,4867
4593,39,,2,,4868
4594,39,,1,,4869
4595,11,,1,,4870
4596,39,,3,,4871
4597,39,,1,,4872
4598,36,,1,,4873
4599,39,,1,,4874
4600,39,,1,,4875
4601,39,,1,,4876
4602,39,,1,,4877
4603,39,,1,,4878
4604,39,,1,,4879
4605,39,,2,,4880
4606,39,,1,,4881
4607,39,,1,,4882
4608,39,,1,,4883
4609,39,,1,,4884
4610,39,,1,,4885
4611,39,,1,,4886
4612,39,,1,,4887
4613,39,,1,,4888
4614,39,,1,,4889
4615,39,,1,,4890
4616,39,,1,,4891
4617,39,,1,,4892
4618,39,,1,,4893
4619,39,,1,,4894
4620,39,,1,,4895
4621,39,,1,,4896
4622,39,,1,,4897
4623,39,,1,,4898
4624,39,,2,,4899
4625,39,,1,,5915
4626,36,,1,,5916
4627,36,,1,,5917
4628,36,,1,,5918
4630,11,,1,,5919
4631,36,,2,,5920
4632,11,,1,,5921
4633,13,,1,,5922
4634,36,,1,,5923
4635,11,,1,,5924
4636,36,,1,,5925
4637,36,,2,,5926
4638,36,,1,,5927
4639,36,,1,,5928
4640,11,,1,,5929
4641,36,,1,,5930
4642,36,,1,,5931
4643,36,,1,,5932
4644,36,,1,,5933
4645,39,,1,,5934
4646,36,,1,,5935
4647,36,,1,,5936
4648,36,,1,,5937
4649,36,,1,,5938
4650,39,,1,,5939
4651,11,,1,,5940
4652,36,,1,,5941
4653,8,,2,,5942
4654,36,,4,,5943
4655,36,,1,,5944
4656,36,,1,,5945
4657,36,,1,,5946
4658,36,,1,,5947
4659,36,,1,,5948
4660,41,,1,,5949
4661,36,,1,,5950
4662,36,,2,,5951
4663,36,,1,,5952
4664,36,,1,,5953
4665,43,,1,,5954
4666,11,,1,,5955
4667,11,,1,,5956
4668,36,,2,,5957
4669,36,,1,,5958
4670,36,,1,,5959
4671,36,,1,,5960
4672,11,,1,,5961
4673,36,,1,,5962
4674,36,,2,,5963
4675,36,,1,,5964
4676,36,,1,,5965
4677,36,,1,,5966
4678,39,,1,,5967
4696,36,,1,,5968
4697,11,,1,,5969
4698,11,,1,,5970
4699,36,,1,,5971
4700,36,,1,,5972
4701,36,,1,,5973
4702,11,,1,,5974
4703,36,,1,,5975
4704,36,,2,,5976
4705,39,,1,,5977
4706,39,,1,,5978
4707,36,,1,,5979
4708,36,,1,,5980
4709,39,,1,,5981
4710,39,,1,,5982
4711,11,,1,,5983
4712,11,,1,,5984
4713,36,,1,,5985
4714,36,,1,,5986
4715,36,,1,,5987
4716,39,,1,,5988
4717,39,,1,,5989
4718,36,,1,,5990
4719,11,,1,,5991
4720,11,,1,,5992
4721,36,,1,,5993
4722,11,,1,,5994
4723,23,,1,,5995
4724,39,,1,,5996
4725,23,,1,,5997
4726,39,,1,,5998
4727,39,,1,,5999
4728,39,,1,,6000
4729,11,,1,,6001
4730,39,,1,,6002
4731,39,,1,,6003
4732,39,,1,,6004
4733,39,,1,,6005
4734,39,,1,,6006
4735,39,,1,,6007
4736,39,,1,,6008
4737,39,,1,,6009
4738,39,,1,,6010
4739,39,,1,,6011
4740,39,,1,,6012
4741,39,,1,,6013
4742,39,,1,,6014
4743,39,,1,,6015
4744,23,,1,,6016
4745,39,,1,,6017
4746,39,,1,,6018
4747,23,,1,,6019
4748,39,,1,,6020
4749,39,,1,,6021
4750,39,,1,,6022
4751,39,,1,,6023
4752,39,,1,,6024
4753,39,,1,,6025
4754,23,,1,,6026
4755,39,,1,,6027
4756,39,,1,,6028
4757,39,,1,,6029
4758,39,,1,,6030
4759,39,,1,,6031
4760,39,,1,,6032
4761,11,,1,,6033
4762,36,,2,,6034
4763,39,,1,,6035
4764,39,,1,,6036
4765,39,,1,,6037
4766,39,,1,,6038
4767,39,,1,,6039
4768,39,,1,,6040
4769,39,,1,,6041
4770,39,,1,,6042
4771,39,,1,,6043
4772,39,,1,,6044
4773,39,,1,,6045
4774,39,,1,,6046
4775,39,,1,,6047
4776,11,,1,,6048
4777,39,,1,,6049
4778,39,,1,,6050
4779,39,,1,,6051
4780,39,,1,,6052
4781,39,,1,,6053
4782,39,,1,,6054
4783,39,,1,,6055
4784,39,,1,,6056
4785,39,,1,,6057
4786,11,,1,,6058
4787,39,,1,,6059
4788,39,,1,,6060
4789,39,,1,,6061
4790,39,,1,,6062
4791,39,,1,,6063
4792,39,,1,,6064
4793,39,,1,,6065
4794,39,,1,,6066
4795,23,,1,,6067
4796,39,,1,,6068
4797,39,,1,,6069
4798,39,,1,,6070
4799,39,,1,,6071
4800,39,,1,,6072
4801,11,,1,,6073
4802,39,,1,,6074
4803,39,,1,,6075
4804,36,,1,,6076
4805,36,,1,,6077
4806,39,,1,,6078
4807,39,,1,,6079
4808,39,,1,,6080
4809,39,,1,,6081
4810,39,,1,,6082
4811,39,,1,,6083
4812,39,,1,,6084
4813,39,,1,,6085
4814,39,,1,,6086
4815,39,,1,,6087
4816,39,,1,,6088
4817,39,,1,,6089
4818,39,,1,,6090
4819,39,,1,,6091
4820,39,,1,,6092
4821,39,,1,,6093
4822,39,,1,,6094
4823,39,,1,,6095
4824,39,,1,,6096
4825,39,,1,,6097
4826,39,,1,,6098
4827,11,,1,,6099
4828,39,,1,,6100
4829,39,,1,,6101
4830,39,,1,,6102
4831,39,,1,,6103
4832,39,,1,,6104
4833,39,,1,,6105
4834,36,,2,,6106
4835,36,,1,,6107
4836,39,,2,,6108
4837,39,,1,,6109
4838,39,,1,,6110
4839,39,,1,,6111
4840,39,,1,,6112
4841,39,,1,,6113
4842,39,,1,,6114
4843,39,,1,,6115
4844,39,,1,,6116
4845,66,,1,,6117
4846,39,,1,,6118
4847,39,,1,,6119
4848,39,,1,,6120
4849,39,,1,,6121
4850,11,,1,,6122
4851,66,,1,,6123
4852,39,,1,,6124
4853,39,,1,,6125
4854,39,,1,,6126
4855,39,,1,,6127
4856,39,,1,,6128
4857,39,,1,,6129
4858,39,,1,,6130
4859,39,,1,,6131
4860,39,,1,,6132
4861,11,,1,,6133
4862,39,,1,,6134
4863,39,,1,,6135
4864,39,,1,,6136
4865,39,,1,,6137
4866,39,,1,,6138
4867,39,,1,,6139
4868,39,,1,,6140
4869,39,,1,,6141
4870,39,,1,,6142
4871,39,,1,,6143
4872,39,,1,,6144
4873,39,,1,,6145
4874,39,,1,,6146
4875,39,,1,,6147
4876,39,,1,,6148
4877,39,,1,,6149
4878,39,,1,,6150
4879,39,,1,,6151
4880,39,,1,,6152
4881,39,,1,,6153
4882,39,,1,,6154
4883,39,,1,,6155
4884,39,,1,,6156
4885,39,,1,,6157
4886,66,,1,,6158
4887,39,,1,,6159
4888,39,,1,,6160
4889,39,,1,,6161
4890,39,,1,,6162
4891,11,,1,,6163
4892,39,,1,,6164
4893,39,,1,,6165
4894,39,,1,,6166
4895,39,,1,,6167
4896,39,,1,,6168
4897,39,,1,,6169
4898,39,,1,,6170
4899,39,,1,,6171
4900,39,,1,,6172
4901,11,,1,,6173
4902,39,,1,,6174
4903,39,,1,,6175
4904,39,,1,,6176
4905,39,,1,,6177
4906,39,,1,,6178
4907,39,,1,,6179
4908,39,,1,,6180
4909,39,,1,,6181
4910,39,,1,,6182
4911,39,,1,,6183
4912,39,,1,,6184
4913,11,,1,,6185
4914,39,,1,,6186
4915,39,,1,,6187
4916,39,,1,,6188
4917,39,,1,,6189
4918,39,,1,,6190
4919,39,,1,,6191
4920,39,,1,,6192
4921,39,,1,,6193
4922,39,,1,,6194
4923,39,,1,,6195
4924,39,,1,,6196
4925,39,,1,,6197
4926,39,,1,,6198
4927,39,,1,,6199
4928,39,,1,,6200
4929,39,,1,,6201
4930,11,,1,,6202
4931,39,,1,,6203
4932,39,,1,,6204
4933,39,,1,,6205
4934,39,,1,,6206
4935,39,,1,,6207
4936,39,,1,,6208
4937,39,,1,,6209
4938,39,,1,,6210
4939,39,,1,,6211
4940,39,,1,,6212
4941,39,,1,,6213
4942,39,,1,,6214
4943,11,,1,,6215
4944,39,,1,,6216
4945,39,,1,,6217
4946,39,,1,,6218
4947,11,,1,,6219
4948,39,,1,,6220
4949,39,,1,,6221
4950,39,,1,,6222
4951,39,,1,,6223
4952,39,,1,,6224
4953,23,,1,,6225
4954,39,,1,,6226
4955,23,,1,,6227
4956,39,,1,,6228
4957,39,,1,,6229
4958,39,,1,,6230
4959,39,,1,,6231
4960,39,,1,,6232
4961,39,,1,,6233
4962,39,,1,,6234
4963,39,,1,,6235
4964,39,,1,,6236
4965,39,,1,,6237
4966,39,,1,,6238
4967,39,,1,,6239
4968,39,,1,,6240
4969,23,,1,,6241
4970,39,,1,,6242
4971,39,,1,,6243
4972,39,,1,,6244
4973,39,,1,,6245
4974,39,,1,,6246
4975,39,,1,,6247
4976,39,,1,,6248
4977,39,,1,,6249
4978,39,,1,,6250
4979,39,,1,,6251
4980,39,,1,,6252
4981,39,,1,,6253
4982,39,,1,,6254
4983,39,,1,,6255
4984,11,,1,,6256
4985,39,,1,,6257
4986,39,,1,,6258
4987,39,,1,,6259
4988,11,,1,,6260
4989,11,,1,,6261
4990,11,,1,,6262
4991,39,,1,,6263
4992,66,,1,,6264
4993,66,,1,,6265
4994,39,,1,,6266
4995,11,,1,,6267
4996,39,,1,,6268
4997,39,,1,,6269
4998,39,,1,,6270
4999,39,,1,,6271
5000,39,,1,,6272
5001,39,,1,,6273
5002,39,,1,,6274
5003,39,,1,,6275
5004,39,,1,,6276
5005,39,,1,,6277
5006,39,,1,,6278
5007,39,,1,,6279
5008,39,,1,,6280
5009,39,,1,,6281
5010,39,,1,,6282
5011,39,,1,,6283
5012,66,,1,,6284
5013,39,,1,,6285
5014,39,,1,,6286
5015,39,,1,,6287
5016,39,,1,,6288
5017,66,,1,,6289
5018,39,,1,,6290
5019,39,,1,,6291
5020,39,,1,,6292
5021,39,,1,,6293
5022,39,,1,,6294
5023,39,,1,,6295
5024,39,,1,,6296
5025,39,,1,,6297
5026,66,,1,,6298
5027,39,,1,,6299
5028,39,,1,,6300
5029,39,,1,,6301
5030,39,,1,,6302
5031,39,,1,,6303
5032,39,,1,,6304
5033,39,,1,,6305
5034,39,,1,,6306
5035,39,,1,,6307
5036,11,,1,,6308
5037,11,,1,,6309
5038,11,,1,,6310
5039,11,,1,,6311
5040,11,,1,,6312
5041,11,,1,,6313
5042,11,,1,,6314
5043,11,,1,,6315
5044,11,,1,,6316
5045,11,,1,,6317
5046,11,,1,,6318
5047,11,,1,,6319
5048,11,,1,,6320
5049,11,,1,,6321
5050,11,,1,,6322
5051,11,,1,,6323
5052,11,,1,,6324
5053,11,,1,,6325
5054,11,,1,,6326
5055,11,,1,,6327
5056,11,,1,,6328
5057,39,,1,,6329
5058,11,,1,,6330
5059,11,,1,,6331
5060,11,,1,,6332
5061,11,,1,,6333
5062,11,,1,,6334
5063,11,,1,,6335
5064,11,,1,,6336
5065,11,,1,,6337
5066,11,,1,,6338
5067,11,,1,,6339
5068,11,,1,,6340
5069,11,,1,,6341
5070,11,,1,,6342
5071,11,,1,,6343
5072,11,,1,,6344
5073,11,,1,,6345
5074,11,,1,,6346
5075,11,,1,,6347
5076,11,,1,,6348
5077,11,,1,,6349
5078,11,,1,,6350
5079,11,,1,,6351
5080,39,,1,,6352
5081,39,,1,,6353
5082,39,,1,,6354
5083,11,,1,,6355
5084,11,,1,,6356
5085,11,,1,,6357
5086,11,,1,,6358
5087,11,,1,,6359
5088,11,,1,,6360
5089,11,,1,,6361
5090,11,,1,,6362
5091,11,,1,,6363
5092,11,,1,,6364
5093,11,,1,,6365
5094,11,,1,,6366
5095,11,,1,,6367
5096,11,,1,,6368
5097,11,,1,,6369
5098,11,,1,,6370
5099,11,,1,,6371
5100,11,,1,,6372
5102,11,,1,,6373
5103,11,,1,,6374
5104,11,,1,,6375
5105,11,,1,,6376
5106,11,,1,,6377
5107,11,,1,,6378
5108,11,,1,,6379
5109,11,,1,,6380
5110,11,,1,,6381
5111,11,,1,,6382
5112,11,,1,,6383
5113,11,,1,,6384
5114,11,,1,,6385
5115,11,,1,,6386
5116,11,,1,,6387
5117,11,,1,,6388
5118,11,,1,,6389
5119,11,,1,,6390
5120,11,,1,,6391
5121,11,,1,,6392
5122,11,,1,,6393
5123,11,,1,,6394
5124,11,,1,,6395
5125,11,,1,,6396
5126,11,,1,,6397
5127,11,,1,,6398
5128,11,,1,,6399
5129,11,,1,,6400
5130,11,,1,,6401
5131,11,,1,,6402
5132,11,,1,,6403
5133,11,,1,,6404
5134,11,,1,,6405
5135,39,,1,,6406
5136,11,,1,,6407
5137,11,,1,,6408
5138,11,,1,,6409
5139,11,,1,,6410
5140,11,,1,,6411
5141,11,,1,,6412
5142,11,,1,,6413
5143,11,,1,,6414
5144,11,,1,,6415
5145,11,,1,,6416
5146,11,,1,,6417
5147,11,,1,,6418
5148,11,,1,,6419
5149,11,,1,,6420
5150,11,,1,,6421
5151,11,,1,,6422
5152,11,,1,,6423
5153,11,,1,,6424
5154,11,,1,,6425
5155,11,,1,,6426
5156,11,,1,,6544
5157,11,,1,,6545
5158,11,,1,,6546
5159,11,,1,,6547
5160,11,,1,,6548
5161,11,,1,,6549
5162,11,,1,,6550
5163,11,,1,,6551
5164,11,,1,,6552
5165,11,,1,,6553
5166,11,,1,,6554
5167,11,,1,,6555
5168,11,,1,,6556
5169,11,,1,,6557
5170,11,,1,,6558
5171,11,,1,,6559
5172,11,,1,,6560
5173,11,,1,,6561
5174,11,,1,,6562
5175,11,,1,,6563
5176,11,,1,,6564
5177,11,,1,,6565
5178,11,,1,,6566
5179,11,,1,,6567
5180,11,,1,,6568
5181,11,,1,,6569
5182,11,,1,,6570
5183,11,,1,,6571
5184,11,,1,,6572
5185,11,,1,,6573
5186,11,,1,,6574
5187,11,,1,,6575
5188,11,,1,,6576
5189,11,,1,,6577
5190,11,,1,,6578
5191,11,,1,,6579
5192,11,,1,,6580
5193,11,,1,,6581
5194,11,,1,,6582
5195,11,,1,,6583
5196,11,,1,,6584
5197,11,,1,,6585
5198,11,,1,,6586
5199,11,,1,,6587
5200,11,,1,,6588
5201,11,,1,,6589
5202,11,,1,,6590
5203,11,,1,,6591
5204,11,,1,,6592
5205,11,,1,,6593
5206,11,,1,,6594
5207,39,,1,,6595
5208,39,,1,,6596
5209,39,,1,,6597
5210,39,,1,,6598
5211,39,,1,,6599
5212,39,,1,,6600
5213,39,,1,,6601
5214,39,,1,,6602
5215,11,,1,,6603
5216,23,,1,,6604
5217,39,,1,,6605
5218,39,,1,,6606
5219,36,,4,,6607
5220,11,,1,,6608
5221,39,,1,,6609
5222,39,,1,,6610
5223,39,,1,,6611
5224,39,,1,,6612
5225,39,,1,,6613
5226,39,,1,,6614
5227,39,,1,,6615
5228,39,,1,,6616
5229,39,,1,,6617
5230,39,,1,,6618
5231,39,,1,,6619
5232,39,,1,,6620
5233,39,,1,,6621
5234,39,,1,,6622
5235,39,,1,,6623
5236,39,,1,,6624
5237,39,,1,,6625
5238,39,,1,,6626
5239,11,,1,,6627
5240,39,,1,,6628
5241,39,,1,,6629
5242,39,,1,,6630
5243,39,,1,,6631
5244,39,,1,,6632
5245,39,,1,,6633
5246,39,,1,,6634
5247,39,,1,,6635
5248,39,,1,,6636
5249,39,,1,,6637
5250,39,,1,,6638
5251,39,,1,,6639
5252,39,,1,,6640
5253,39,,1,,6641
5254,39,,1,,6642
5255,39,,1,,6643
5256,39,,1,,6644
5257,11,,1,,6645
5258,39,,1,,6646
5259,39,,1,,6647
5260,39,,1,,6648
5261,39,,1,,6649
5262,39,,1,,6650
5263,39,,1,,6651
5264,39,,1,,6652
5265,39,,1,,6653
5266,39,,1,,6654
5267,39,,1,,6655
5268,39,,1,,6656
5269,39,,1,,6657
5270,39,,1,,6658
5271,39,,1,,6659
5272,39,,1,,6660
5273,39,,1,,6661
5274,39,,1,,6662
5275,39,,1,,6663
5276,11,,1,,6664
5277,39,,1,,6665
5278,39,,1,,6666
5279,39,,1,,6667
5280,39,,1,,6668
5281,39,,1,,6669
5282,39,,1,,6670
5283,39,,1,,6671
5284,39,,1,,6672
5285,39,,1,,6673
5286,11,,1,,6674
5287,39,,1,,6675
5288,39,,1,,6676
5289,39,,1,,6677
5290,39,,1,,6678
5291,11,,1,,6679
5292,39,,1,,6680
5293,39,,1,,6681
5294,39,,1,,6682
5295,39,,1,,6683
5296,39,,1,,6684
5297,39,,1,,6685
5298,39,,1,,6686
5299,39,,1,,6687
5300,39,,1,,6688
5301,11,,1,,6689
5302,39,,1,,6690
5303,39,,1,,6691
5304,39,,1,,6692
5305,11,,1,,6693
5306,11,,1,,6694
5307,11,,1,,6695
5308,11,,1,,6696
5309,11,,1,,6697
5310,11,,1,,6698
5311,11,,1,,6699
5312,11,,1,,6700
5313,66,,1,,6701
5314,11,,1,,6702
5315,11,,1,,6703
5316,11,,1,,6704
5317,11,,1,,6705
5318,11,,1,,6706
5319,11,,1,,6707
5320,11,,1,,6708
5321,11,,1,,6709
5322,11,,1,,6710
5323,11,,1,,6711
5324,11,,1,,6712
5325,11,,1,,6713
5326,11,,1,,6714
5327,11,,1,,6715
5328,11,,1,,6716
5329,11,,1,,6717
5330,39,,1,,6718
5331,39,,1,,6719
5332,39,,1,,6720
5333,39,,1,,6721
5334,11,,1,,6722
5335,66,,1,,6723
5336,11,,1,,6724
5337,11,,1,,6725
5338,11,,1,,6726
5339,11,,1,,6727
5340,11,,1,,6728
5341,11,,1,,6729
5342,11,,1,,6730
5343,11,,1,,6731
5344,11,,1,,6732
5345,11,,1,,6733
5346,11,,1,,6734
5347,11,,1,,6735
5348,11,,1,,6736
5349,11,,1,,6737
5350,11,,1,,6738
5351,11,,1,,6739
5352,11,,1,,6740
5353,11,,1,,6741
5354,11,,1,,6742
5355,11,,1,,6743
5356,11,,1,,6744
5357,11,,1,,6745
5358,11,,1,,6746
5359,11,,1,,6747
5360,11,,1,,6748
5361,11,,1,,6749
5362,11,,1,,6750
5363,11,,1,,6751
5364,11,,1,,6752
5365,11,,1,,6754
5366,11,,1,,6753
5367,11,,1,,6755
5368,11,,1,,6756
5369,11,,1,,6757
5370,11,,1,,6758
5371,11,,1,,6759
5372,11,,1,,6760
5373,11,,1,,6761
5374,11,,1,,6762
5375,11,,1,,6763
5376,11,,1,,6764
5377,11,,1,,6765
5378,11,,1,,6766
5379,11,,1,,6767
5380,11,,1,,6768
5381,11,,1,,6769
5382,11,,1,,6770
5383,11,,1,,6771
5384,11,,1,,6772
5385,11,,1,,6773
5386,11,,1,,6774
5387,11,,1,,6775
5388,11,,1,,6776
5389,11,,1,,6777
5390,11,,1,,6778
5391,11,,1,,6779
5392,11,,1,,6780
5393,11,,1,,6781
5394,11,,1,,6782
5395,11,,1,,6783
5396,11,,1,,6784
5397,11,,1,,6785
5398,11,,1,,6786
5399,11,,1,,6787
5400,11,,1,,6788
5401,11,,1,,6789
5402,11,,1,,6790
5403,11,,1,,6791
5404,11,,1,,6792
5405,11,,1,,6793
5406,11,,1,,6794
5407,11,,1,,6795
5408,11,,1,,6796
5409,11,,1,,6797
5410,11,,1,,6798
5411,11,,1,,6799
5412,11,,1,,6800
5413,11,,1,,6801
5414,11,,1,,6802
5415,11,,1,,6803
5416,11,,1,,6804
5417,11,,1,,6805
5418,11,,1,,6806
5419,11,,1,,6807
5420,11,,1,,6808
5421,11,,1,,6809
5422,11,,1,,6810
5423,11,,1,,6811
5424,11,,1,,6812
5425,11,,1,,6813
5426,11,,1,,6814
5427,11,,1,,6815
5428,11,,1,,6427
5429,11,,1,,6428
5430,11,,1,,6429
5431,11,,1,,6430
5432,11,,1,,6431
5433,11,,1,,6432
5434,11,,1,,6433
5435,11,,1,,6434
5436,11,,1,,6435
5437,11,,1,,6436
5438,11,,1,,6437
5439,11,,1,,6438
5440,11,,1,,6439
5441,11,,1,,6440
5442,11,,1,,6441
5443,11,,1,,6442
5444,11,,1,,6443
5445,11,,1,,6456
5446,11,,1,,6444
5447,11,,1,,6445
5448,11,,1,,6446
5449,11,,1,,6447
5450,11,,1,,6448
5451,11,,1,,6449
5452,11,,1,,6450
5453,11,,1,,6451
5454,11,,1,,6452
5455,11,,1,,6453
5456,11,,1,,6454
5457,11,,1,,6455
5458,39,,1,,6457
5459,39,,1,,6458
5460,39,,1,,6459
5461,11,,1,,6460
5462,11,,1,,6461
5463,11,,1,,6462
5464,39,,1,,6463
5465,11,,1,,6464
5466,11,,1,,6465
5467,11,,1,,6466
5468,11,,1,,6467
5469,11,,1,,6468
5470,11,,1,,6469
5471,11,,1,,6470
5472,11,,1,,6471
5473,11,,1,,6472
5474,11,,1,,6473
5475,11,,1,,6474
5476,11,,1,,6475
5477,11,,1,,6476
5478,11,,1,,6477
5479,11,,1,,6478
5480,11,,1,,6479
5481,11,,1,,6480
5482,11,,1,,6481
5483,11,,1,,6482
5484,11,,1,,6483
5485,11,,1,,6484
5486,11,,1,,6485
5487,11,,1,,6486
5488,11,,1,,6487
5489,11,,1,,6488
5490,11,,1,,6489
5491,11,,1,,6490
5492,11,,1,,6491
5493,11,,1,,6492
5494,11,,1,,6493
5495,11,,1,,6494
5496,11,,1,,6495
5497,11,,1,,6496
5498,11,,1,,6497
5499,11,,1,,6498
5500,11,,1,,6499
5501,11,,1,,6500
5502,11,,1,,6501
5503,11,,1,,6502
5504,11,,1,,6503
5505,11,,1,,6504
5506,11,,1,,6505
5507,11,,1,,6506
5508,11,,1,,6507
5509,11,,1,,6508
5510,11,,1,,6509
5511,11,,1,,6510
5512,11,,1,,6511
5513,11,,1,,6512
5514,11,,1,,6513
5515,11,,1,,6514
5516,39,,1,,6515
5517,11,,1,,6516
5518,11,,1,,6517
5519,11,,1,,6518
5520,11,,1,,6519
5521,11,,1,,6520
5522,11,,1,,6521
5523,11,,1,,6522
5524,11,,1,,6523
5525,11,,1,,6524
5526,11,,1,,6525
5527,11,,1,,6526
5528,11,,1,,6527
5529,11,,1,,6528
5530,11,,1,,6529
5531,11,,1,,6530
5532,11,,1,,6531
5533,11,,1,,6532
5534,11,,1,,6533
5535,11,,1,,6534
5536,11,,1,,6535
5537,11,,1,,6536
5538,11,,1,,6537
5539,11,,1,,6538
5540,11,,1,,6539
5541,11,,1,,6540
5542,11,,1,,6541
5543,11,,1,,6542
5544,11,,1,,6543
5545,11,,1,,6816
5546,11,,1,,6817
5547,11,,1,,6818
5548,11,,1,,6819
5549,11,,1,,6820
5550,11,,1,,6821
5551,11,,1,,6822
5552,11,,1,,6823
5553,11,,1,,6824
5554,11,,1,,6825
5555,11,,1,,6826
5556,11,,1,,6827
5557,11,,1,,6828
5558,11,,1,,6829
5559,11,,1,,6830
5560,11,,1,,6831
5561,11,,1,,6832
5562,11,,1,,6833
5563,11,,1,,6834
5564,11,,1,,6835
5565,11,,1,,6836
5566,11,,1,,6837
5567,11,,1,,6838
5568,11,,1,,6839
5569,11,,1,,6840
5570,11,,1,,6841
5571,11,,1,,6842
5572,11,,1,,6843
5573,11,,1,,6844
5574,11,,1,,6845
5575,11,,1,,6846
5576,11,,1,,6847
5577,11,,1,,6848
5578,11,,1,,6849
5579,11,,1,,6850
5580,11,,1,,6851
5581,11,,1,,6852
5582,11,,1,,6853
5583,11,,1,,6854
5584,11,,1,,6855
5585,11,,1,,6856
5586,11,,1,,6857
5587,11,,1,,6858
5588,11,,1,,6859
5589,11,,1,,6860
5590,11,,1,,6861
5591,11,,1,,6862
5592,11,,1,,6863
5593,11,,1,,6864
5594,11,,1,,6865
5595,11,,1,,6866
5596,11,,1,,6867
5597,11,,1,,6868
5598,11,,1,,6869
5599,11,,1,,6870
5600,11,,1,,6871
5601,11,,1,,6872
5602,11,,1,,6873
5603,11,,1,,6874
5604,11,,1,,6875
5605,11,,1,,6876
5606,11,,1,,6877
5607,11,,1,,6878
5608,11,,1,,6879
5609,11,,1,,6880
5610,11,,1,,6881
5611,11,,1,,6882
5612,11,,1,,6883
5613,11,,1,,6884
5614,11,,1,,6885
5615,11,,1,,6886
5616,11,,1,,6887
5617,11,,1,,6888
5618,39,,1,,6889
5619,11,,1,,6890
5620,11,,1,,6891
5621,11,,1,,6892
5622,11,,1,,6893
5623,39,,1,,6894
5624,11,,1,,6895
5625,39,,1,,6896
5626,39,,1,,6897
5627,39,,1,,6898
5628,39,,1,,6899
5629,39,,1,,6900
5630,39,,1,,6901
5631,39,,1,,6902
5632,39,,1,,6903
5633,39,,1,,6904
5634,39,,1,,6905
5635,39,,1,,6906
5636,39,,1,,6907
5637,39,,1,,6908
5638,39,,1,,6909
5639,39,,1,,6910
5640,39,,1,,6911
5641,11,,1,,6912
5642,39,,1,,6913
5643,39,,1,,6914
5644,39,,1,,6915
5645,39,,1,,6916
5646,39,,1,,6917
5647,39,,1,,6918
5648,39,,1,,6919
5649,39,,1,,6920
5650,39,,1,,6921
5651,39,,1,,6922
5652,36,,1,,6923
5653,39,,1,,6924
5654,39,,1,,6925
5655,39,,1,,6926
5656,39,,1,,6927
5657,66,,1,,6928
5658,66,,1,,6929
5659,39,,1,,6930
5660,39,,1,,6931
5661,39,,1,,6932
5662,39,,1,,6933
5663,39,,1,,6934
5664,39,,1,,6935
5665,39,,1,,6936
5666,39,,1,,6937
5667,11,,1,,6938
5668,39,,1,,6939
5669,39,,1,,6940
5670,39,,1,,6941
5671,39,,1,,6942
5672,39,,1,,6943
5673,66,,1,,6944
5674,39,,1,,6945
5675,39,,1,,6946
5676,66,,1,,6947
5677,39,,1,,6948
5678,39,,1,,6949
5679,39,,1,,6950
5680,39,,1,,6951
5681,39,,1,,6952
5682,66,,1,,6953
5683,39,,1,,6954
5684,39,,1,,6955
5685,39,,1,,6956
5686,39,,1,,6957
5687,39,,1,,6958
5688,39,,1,,6959
5689,39,,1,,6960
5690,39,,1,,6961
5691,39,,1,,6962
5692,39,,1,,6963
5693,39,,1,,6964
5694,39,,1,,6965
5695,39,,1,,6966
5696,39,,1,,6967
5697,39,,1,,6968
5698,39,,1,,6969
5699,11,,1,,6970
5700,39,,1,,6971
5701,39,,1,,6972
5702,39,,1,,6973
5703,39,,1,,6974
5704,39,,1,,6975
5705,39,,1,,6976
5706,39,,1,,6977
5707,39,,1,,6978
5708,39,,1,,6979
5709,39,,1,,6980
5710,39,,1,,6981
5711,39,,1,,6982
5712,66,,1,,6983
5713,11,,1,,6984
5714,39,,1,,6985
5715,39,,1,,6986
5716,39,,1,,6987
5717,39,,1,,6988
5718,39,,1,,6989
5719,39,,1,,6990
5720,39,,1,,6991
5721,39,,1,,6992
5722,39,,1,,6993
5723,39,,1,,6994
5724,39,,1,,6995
5725,39,,1,,6996
5726,66,,1,,6997
5727,39,,1,,6998
5728,39,,1,,6999
5729,39,,1,,7000
5730,39,,1,,7001
5731,39,,1,,7002
5732,39,,1,,7003
5733,39,,1,,7004
5734,11,,1,,7005
5735,39,,1,,7006
5736,36,,1,,7007
5737,39,,1,,7008
5738,39,,1,,7009
5739,39,,1,,7010
5740,39,,1,,7011
5741,39,,1,,7012
5742,11,,1,,7013
5743,39,,1,,7014
5744,39,,1,,7015
5745,39,,1,,7016
5746,36,,1,,7017
5747,36,,1,,7018
5748,39,,1,,7019
5749,39,,1,,7020
5750,39,,1,,7021
5751,39,,1,,7022
5752,39,,1,,7023
5753,39,,1,,7024
5754,11,,1,,7025
5755,39,,1,,7026
5756,39,,1,,7027
5757,23,,1,,7028
5758,39,,1,,7029
5759,11,,1,,7030
5760,39,,1,,7031
5761,39,,1,,7032
5762,23,,1,,7033
5763,39,,1,,7034
5764,39,,1,,7035
5765,39,,1,,7036
5766,39,,1,,7037
5767,39,,1,,7038
5768,39,,1,,7039
5769,39,,1,,7040
5770,39,,1,,7041
5771,39,,1,,7042
5772,39,,1,,7043
5773,11,,1,,7044
5774,39,,1,,7045
5775,39,,1,,7046
5776,39,,1,,7047
5777,39,,1,,7048
5778,39,,1,,7049
5779,11,,1,,7050
5780,39,,1,,7051
5781,39,,1,,7052
5782,39,,1,,7053
5783,39,,1,,7054
5784,39,,1,,7055
5785,39,,1,,7056
5786,39,,1,,7057
5787,39,,1,,7058
5788,39,,1,,7059
5789,39,,1,,7060
5790,39,,1,,7061
5791,39,,1,,7062
5792,39,,1,,7063
5793,39,,1,,7064
5794,39,,1,,7065
5795,39,,1,,7066
5796,39,,1,,7067
5797,39,,1,,7068
5798,39,,1,,7069
5799,39,,1,,7070
5800,39,,1,,7071
5801,39,,1,,7072
5802,39,,1,,7073
5803,39,,1,,7074
5804,39,,1,,7075
5805,39,,1,,7076
5806,39,,1,,7077
5807,39,,1,,7078
5808,66,,1,,7079
5809,66,,1,,7080
5810,39,,1,,7081
5811,39,,1,,7082
5812,39,,1,,7083
5813,39,,1,,7084
5814,39,,1,,7085
5815,39,,1,,7086
5816,39,,1,,7087
5817,66,,1,,7088
5818,39,,1,,7089
5819,39,,1,,7090
5820,39,,1,,7091
5821,39,,1,,7092
5822,39,,1,,7093
5823,39,,1,,7094
5824,39,,1,,7095
5825,39,,1,,7096
5826,39,,1,,7097
5827,39,,1,,7098
5828,39,,1,,7099
5829,39,,1,,7100
5830,39,,1,,7101
5831,11,,1,,7102
5832,11,,1,,7103
5833,39,,1,,7104
5834,39,,1,,7105
5835,39,,1,,7106
5836,39,,1,,7107
5837,66,,1,,7108
5838,39,,1,,7109
5839,39,,1,,7110
5840,39,,1,,7111
5841,39,,1,,7112
5842,39,,1,,7113
5843,39,,1,,7114
5844,39,,1,,7115
5845,39,,1,,7116
5846,11,,1,,7117
5847,39,,1,,7118
5848,39,,1,,7119
5849,39,,1,,7120
5850,39,,1,,7121
5851,39,,1,,7122
5852,39,,1,,7123
5853,39,,1,,7124
5854,39,,1,,7125
5855,39,,1,,7126
5856,39,,1,,7127
5857,39,,1,,7128
5858,39,,1,,7129
5859,39,,1,,7130
5860,39,,1,,7131
5861,39,,1,,7132
5862,39,,1,,7133
5863,11,,1,,7134
5864,39,,1,,7135
5865,39,,1,,7136
5866,36,,1,,7137
5867,39,,1,,7138
5868,36,,1,,7139
5869,39,,1,,7140
5870,39,,1,,7141
5871,39,,1,,7142
5872,39,,1,,7143
5873,39,,1,,7144
5874,39,,1,,7145
5875,39,,1,,7146
5876,39,,1,,7147
5877,39,,1,,7148
5878,39,,1,,7149
5879,39,,1,,7150
5880,39,,1,,7151
5881,39,,1,,7152
5882,39,,1,,7153
5883,39,,1,,7154
5884,39,,1,,7155
5885,39,,1,,7156
5886,39,,1,,7157
5887,39,,1,,7158
5888,39,,1,,7159
5889,39,,1,,7160
5890,39,,1,,7161
5891,39,,1,,7162
5892,39,,1,,7163
5893,39,,1,,7164
5894,39,,1,,7165
5895,39,,1,,7166
5896,11,,1,,7167
5897,39,,1,,7168
5898,39,,1,,7169
5899,39,,1,,7170
5900,39,,1,,7171
5901,39,,1,,7172
5902,39,,1,,7173
5903,36,,2,,7174
5904,36,,1,,7175
5905,39,,1,,7176
5906,39,,1,,7177
5907,39,,1,,7178
5908,39,,1,,7179
5909,39,,1,,7180
5910,39,,1,,7181
5911,39,,1,,7182
5912,39,,1,,7183
5913,39,,1,,7184
5914,39,,1,,7185
5915,39,,1,,7186
5916,39,,1,,7187
5917,39,,1,,7188
5918,39,,1,,7189
5919,66,,1,,7190
5920,39,,1,,7191
5921,39,,1,,7192
5922,39,,1,,7193
5923,39,,1,,7194
5924,11,,1,,7195
5925,66,,1,,7196
5926,39,,1,,7197
5927,39,,1,,7198
5928,39,,1,,7199
5929,39,,1,,7200
5930,39,,1,,7201
5931,39,,1,,7202
5932,39,,1,,7203
5933,39,,1,,7204
5934,39,,1,,7205
5935,39,,1,,7206
5936,39,,1,,7207
5937,11,,1,,7208
5938,39,,1,,7209
5939,39,,1,,7210
5940,39,,1,,7211
5941,39,,1,,7212
5942,39,,1,,7213
5943,39,,1,,7214
5944,39,,1,,7215
5945,39,,1,,7216
5946,39,,1,,7217
5947,39,,1,,7218
5948,39,,1,,7219
5949,39,,1,,7220
5950,39,,1,,7221
5951,39,,1,,7222
5952,39,,1,,7223
5953,39,,1,,7224
5954,39,,1,,7225
5955,39,,1,,7226
5956,39,,1,,7227
5957,39,,1,,7228
5958,39,,1,,7229
5959,39,,1,,7230
5960,39,,1,,7231
5961,39,,1,,7232
5962,66,,1,,7233
5963,39,,1,,7234
5964,39,,1,,7236
5965,39,,1,,7237
5966,39,,1,,7238
5967,39,,1,,7239
5968,66,,1,,7240
5969,39,,1,,7241
5970,39,,1,,7242
5971,39,,1,,7243
5972,39,,1,,7244
5973,39,,1,,7245
5974,11,,1,,7246
5975,39,,1,,7247
5976,39,,1,,7248
5977,39,,1,,7249
5978,39,,1,,7250
5979,39,,1,,7251
5980,39,,1,,7252
5981,39,,1,,7253
5982,39,,1,,7254
5983,39,,1,,7255
5984,11,,1,,7256
5985,39,,1,,7257
5986,39,,1,,7258
5987,39,,1,,7259
5988,39,,1,,7260
5989,39,,1,,7261
5990,39,,1,,7262
5991,39,,1,,7263
5992,39,,1,,7264
5993,39,,1,,7265
5994,39,,1,,7266
5995,39,,1,,7267
5996,39,,1,,7268
5997,39,,1,,7269
5998,11,,1,,7270
5999,39,,1,,7271
6000,39,,1,,7272
6001,39,,1,,7273
6002,39,,1,,7274
6003,39,,1,,7275
6004,39,,1,,7276
6005,39,,1,,7277
6006,39,,1,,7278
6007,39,,1,,7279
6008,39,,1,,7280
6009,39,,1,,7281
6010,39,,1,,7282
6011,39,,1,,7283
6012,39,,1,,7284
6013,39,,1,,7285
6014,39,,1,,7286
6015,39,,1,,7287
6016,11,,1,,7288
6017,39,,1,,7289
6018,39,,1,,7290
6019,39,,1,,7291
6020,39,,1,,7292
6021,39,,1,,7293
6022,39,,1,,7294
6023,39,,1,,7295
6024,39,,1,,7296
6025,39,,1,,7297
6026,39,,1,,7298
6027,39,,1,,7299
6028,39,,1,,7300
6029,39,,1,,7301
6030,39,,1,,7302
6031,11,,1,,7303
6032,39,,1,,7304
6033,39,,1,,7305
6034,39,,1,,7306
6035,11,,1,,7307
6036,39,,1,,7308
6037,39,,1,,7309
6038,11,,1,,7310
6039,39,,1,,7311
6040,39,,1,,7312
6041,39,,1,,7313
6042,23,,1,,7314
6043,39,,1,,7315
6044,23,,1,,7316
6045,39,,1,,7317
6046,39,,1,,7318
6047,39,,1,,7319
6048,39,,1,,7320
6049,39,,1,,7321
6050,39,,1,,7322
6051,39,,1,,7323
6052,39,,1,,7324
6053,39,,1,,7325
6054,39,,1,,7326
6055,39,,1,,7327
6056,39,,1,,7328
6057,39,,1,,7329
6058,23,,1,,7330
6059,39,,1,,7331
6060,39,,1,,7332
6061,39,,1,,7333
6062,39,,1,,7334
6063,39,,1,,7335
6064,39,,1,,7336
6065,39,,1,,7337
6066,39,,1,,7338
6067,39,,1,,7339
6068,39,,1,,7340
6069,39,,1,,7341
6070,39,,1,,7342
6071,39,,1,,7343
6072,39,,1,,7344
6073,39,,1,,7345
6074,39,,1,,7346
6075,11,,1,,7347
6076,39,,1,,7348
6077,39,,1,,7349
6078,39,,1,,7350
6079,11,,1,,7351
6080,11,,1,,7352
6081,11,,1,,7353
6082,39,,1,,7354
6083,66,,1,,7355
6084,66,,1,,7356
6085,39,,1,,7357
6086,11,,1,,7358
6087,39,,1,,7359
6088,39,,1,,7360
6089,39,,1,,7361
6090,39,,1,,7362
6091,39,,1,,7363
6092,39,,1,,7364
6093,39,,1,,7365
6094,39,,1,,7366
6095,39,,1,,7367
6096,39,,1,,7368
6097,39,,1,,7369
6098,39,,1,,7370
6099,39,,1,,7371
6100,39,,1,,7372
6101,39,,1,,7373
6102,39,,1,,7374
6103,66,,1,,7375
6104,39,,1,,7376
6105,39,,1,,7377
6106,39,,1,,7378
6107,39,,1,,7379
6108,66,,1,,7380
6109,39,,1,,7381
6110,39,,1,,7382
6111,39,,1,,7383
6112,39,,1,,7384
6113,39,,1,,7385
6114,39,,1,,7386
6115,39,,1,,7387
6116,39,,1,,7388
6117,66,,1,,7389
6118,39,,1,,7390
6119,39,,1,,7391
6120,39,,1,,7392
6121,39,,1,,7393
6122,39,,1,,7394
6123,39,,1,,7395
6124,39,,1,,7396
6125,39,,1,,7397
6126,39,,1,,7398
6127,11,,1,,7399
6128,11,,1,,7400
6129,11,,1,,7401
6130,11,,1,,7402
6131,11,,1,,7403
6132,11,,1,,7404
6133,11,,1,,7405
6134,11,,1,,7406
6135,11,,1,,7407
6136,11,,1,,7408
6137,11,,1,,7409
6138,11,,1,,7410
6139,11,,1,,7411
6140,11,,1,,7412
6141,11,,1,,7413
6142,11,,1,,7414
6143,11,,1,,7415
6144,11,,1,,7416
6145,11,,1,,7417
6146,11,,1,,7418
6147,11,,1,,7419
6148,39,,1,,7420
6149,11,,1,,7421
6150,11,,1,,7422
6151,11,,1,,7423
6152,11,,1,,7424
6153,11,,1,,7425
6154,11,,1,,7426
6155,11,,1,,7427
6156,11,,1,,7428
6157,11,,1,,7429
6158,11,,1,,7430
6159,11,,1,,7431
6160,11,,1,,7432
6161,11,,1,,7433
6162,11,,1,,7434
6163,11,,1,,7435
6164,11,,1,,7436
6165,11,,1,,7437
6166,11,,1,,7438
6167,11,,1,,7439
6168,11,,1,,7440
6169,11,,1,,7441
6170,11,,1,,7442
6171,39,,1,,7443
6172,39,,1,,7444
6173,39,,1,,7445
6174,11,,1,,7446
6175,11,,1,,7447
6176,11,,1,,7448
6177,11,,1,,7449
6178,11,,1,,7450
6179,11,,1,,7451
6180,11,,1,,7452
6181,11,,1,,7453
6182,11,,1,,7454
6183,11,,1,,7455
6184,11,,1,,7456
6185,11,,1,,7457
6186,11,,1,,7458
6187,11,,1,,7459
6188,11,,1,,7460
6189,11,,1,,7461
6190,11,,1,,7462
6191,11,,1,,7463
6192,11,,1,,7464
6193,11,,1,,7465
6194,11,,1,,7466
6195,11,,1,,7467
6196,11,,1,,7468
6197,11,,1,,7469
6198,11,,1,,7470
6199,11,,1,,7471
6200,11,,1,,7472
6201,11,,1,,7473
6202,11,,1,,7474
6203,11,,1,,7475
6204,11,,1,,7476
6205,11,,1,,7477
6206,11,,1,,7478
6207,11,,1,,7479
6208,11,,1,,7480
6209,11,,1,,7481
6210,11,,1,,7482
6211,11,,1,,7483
6212,11,,1,,7484
6213,11,,1,,7485
6214,11,,1,,7486
6215,11,,1,,7487
6216,11,,1,,7488
6217,11,,1,,7489
6218,11,,1,,7490
6219,11,,1,,7491
6220,11,,1,,7492
6221,11,,1,,7493
6222,11,,1,,7494
6223,11,,1,,7495
6224,11,,1,,7496
6225,39,,1,,7497
6226,11,,1,,7498
6227,11,,1,,7499
6228,11,,1,,7500
6229,11,,1,,7501
6230,11,,1,,7502
6231,11,,1,,7503
6232,11,,1,,7504
6233,11,,1,,7505
6234,11,,1,,7506
6235,11,,1,,7507
6236,11,,1,,7508
6237,11,,1,,7509
6238,11,,1,,7510
6239,11,,1,,7511
6240,11,,1,,7512
6241,11,,1,,7513
6242,11,,1,,7514
6243,11,,1,,7515
6244,11,,1,,7516
6245,11,,1,,7517
6246,11,,1,,7518
6247,11,,1,,7519
6248,11,,1,,7520
6249,11,,1,,7521
6250,11,,1,,7522
6251,11,,1,,7523
6252,11,,1,,7524
6253,11,,1,,7525
6254,11,,1,,7526
6255,11,,1,,7527
6256,11,,1,,7528
6257,11,,1,,7529
6258,11,,1,,7530
6259,11,,1,,7531
6260,11,,1,,7532
6261,11,,1,,7533
6262,11,,1,,7534
6263,11,,1,,7535
6264,11,,1,,7536
6265,11,,1,,7537
6266,11,,1,,7538
6267,11,,1,,7539
6268,11,,1,,7540
6269,11,,1,,7541
6270,11,,1,,7542
6271,11,,1,,7543
6272,11,,1,,7544
6273,11,,1,,7545
6274,11,,1,,7546
6275,11,,1,,7547
6276,39,,1,,7548
6277,39,,1,,7549
6278,11,,1,,7550
6279,11,,1,,7551
6280,11,,1,,7552
6281,11,,1,,7553
6282,39,,1,,7554
6283,11,,1,,7555
6284,11,,1,,7556
6285,11,,1,,7557
6286,11,,1,,7558
6287,11,,1,,7559
6288,11,,1,,7560
6289,11,,1,,7561
6290,11,,1,,7562
6291,11,,1,,7563
6292,11,,1,,7564
6293,11,,1,,7565
6294,11,,1,,7566
6295,11,,1,,7567
6296,11,,1,,7568
6297,11,,1,,7569
6298,11,,1,,7570
6299,11,,1,,7571
6300,11,,1,,7572
6301,11,,1,,7573
6302,11,,1,,7574
6303,11,,1,,7575
6304,11,,1,,7576
6305,11,,1,,7577
6306,11,,1,,7578
6307,11,,1,,7579
6308,11,,1,,7580
6309,11,,1,,7581
6310,11,,1,,7582
6311,11,,1,,7583
6312,11,,1,,7584
6313,11,,1,,7585
6314,11,,1,,7586
6315,11,,1,,7587
6316,11,,1,,7588
6317,11,,1,,7589
6318,11,,1,,7590
6319,11,,1,,7591
6320,11,,1,,7592
6321,11,,1,,7593
6322,11,,1,,7594
6323,11,,1,,7595
6324,11,,1,,7596
6325,39,,1,,7235
6326,36,,1,,7698
6327,11,,1,,7597
6328,11,,1,,7598
6329,11,,1,,7599
6330,11,,1,,7600
6331,11,,1,,7601
6332,11,,1,,7602
6333,11,,1,,7603
6335,11,,1,,7604
6336,11,,1,,7605
6337,39,,1,,7606
6338,11,,1,,7607
6339,11,,1,,7608
6340,11,,1,,7609
6341,11,,1,,7610
6342,11,,1,,7611
6343,11,,1,,7612
6344,11,,1,,7613
6345,11,,1,,7614
6346,11,,1,,7615
6347,11,,1,,7616
6348,11,,1,,7617
6349,11,,1,,7618
6350,11,,1,,7619
6351,11,,1,,7620
6352,11,,1,,7621
6353,11,,1,,7622
6354,11,,1,,7623
6355,11,,1,,7624
6356,11,,1,,7625
6357,11,,1,,7626
6358,11,,1,,7627
6359,11,,1,,7628
6360,11,,1,,7629
6361,11,,1,,7630
6362,11,,1,,7631
6363,11,,1,,7632
6364,11,,1,,7633
6365,11,,1,,7634
6366,11,,1,,7635
6367,11,,1,,7636
6368,11,,1,,7637
6369,11,,1,,7638
6370,11,,1,,7639
6371,11,,1,,7640
6372,11,,1,,7641
6373,11,,1,,7642
6374,11,,1,,7643
6375,11,,1,,7644
6376,11,,1,,7645
6377,11,,1,,7646
6378,11,,1,,7647
6379,11,,1,,7648
6380,11,,1,,7649
6381,11,,1,,7650
6382,11,,1,,7651
6383,11,,1,,7652
6384,11,,1,,7653
6385,11,,1,,7654
6386,11,,1,,7655
6387,11,,1,,7656
6388,11,,1,,7657
6389,11,,1,,7658
6390,11,,1,,7659
6391,11,,1,,7660
6392,11,,1,,7661
6393,11,,1,,7662
6394,11,,1,,7663
6395,11,,1,,7664
6396,11,,1,,7665
6397,11,,1,,7666
6398,11,,1,,7667
6399,11,,1,,7668
6400,11,,1,,7669
6401,11,,1,,7670
6402,11,,1,,7671
6403,11,,1,,7672
6404,11,,1,,7673
6405,11,,1,,7674
6406,11,,1,,7675
6407,11,,1,,7676
6408,11,,1,,7677
6409,11,,1,,7678
6410,11,,1,,7679
6411,11,,1,,7680
6412,11,,1,,7681
6413,11,,1,,7682
6414,11,,1,,7683
6415,11,,1,,7684
6416,11,,1,,7685
6417,39,,1,,7686
6418,39,,1,,7687
6419,39,,1,,7688
6420,39,,1,,7689
6421,39,,1,,7690
6422,39,,1,,7691
6423,39,,1,,7692
6424,39,,1,,7693
6425,11,,1,,7694
6426,23,,1,,7695
6427,39,,1,,7696
6428,39,,1,,7697
6429,11,,1,,7699
6430,39,,1,,7700
6431,39,,1,,7701
6432,39,,1,,7702
6433,39,,1,,7703
6434,39,,1,,7704
6435,39,,1,,7705
6436,39,,1,,7706
6437,39,,1,,7707
6438,39,,1,,7708
6439,39,,1,,7709
6440,39,,1,,7710
6441,39,,1,,7711
6442,39,,1,,7712
6443,39,,1,,7713
6444,39,,1,,7714
6445,39,,1,,7715
6446,39,,1,,7716
6447,39,,1,,7717
6448,11,,1,,7718
6449,39,,1,,7719
6450,39,,1,,7720
6451,39,,1,,7721
6452,39,,1,,7722
6453,39,,1,,7723
6454,39,,1,,7724
6455,39,,1,,7725
6456,39,,1,,7726
6457,39,,1,,7727
6458,39,,1,,7728
6459,39,,1,,7729
6460,39,,1,,7730
6461,39,,1,,7731
6462,39,,1,,7732
6463,39,,1,,7733
6464,39,,1,,7734
6465,39,,1,,7735
6466,11,,1,,7736
6467,39,,1,,7737
6468,39,,1,,7738
6469,39,,1,,7739
6470,39,,1,,7740
6471,39,,1,,7741
6472,39,,1,,7742
6473,39,,1,,7743
6474,39,,1,,7744
6475,39,,1,,7745
6476,39,,1,,7746
6477,39,,1,,7747
6478,39,,1,,7748
6479,39,,1,,7749
6480,39,,1,,7750
6481,39,,1,,7751
6482,39,,1,,7752
6483,39,,1,,7753
6484,39,,1,,7754
6485,11,,1,,7755
6486,39,,1,,7756
6487,39,,1,,7757
6488,39,,1,,7758
6489,39,,1,,7759
6490,39,,1,,7760
6491,39,,1,,7761
6492,39,,1,,7762
6493,39,,1,,7763
6494,39,,1,,7764
6495,11,,1,,7765
6496,39,,1,,7766
6497,39,,1,,7767
6498,39,,1,,7768
6499,39,,1,,7769
6500,11,,1,,7770
6501,11,,1,,7771
6502,11,,1,,7772
6503,11,,1,,7773
6504,11,,1,,7774
6505,11,,1,,7775
6506,11,,1,,7776
6507,11,,1,,7777
6508,11,,1,,7778
6509,11,,1,,7779
6510,11,,1,,7780
6511,11,,1,,7781
6512,11,,1,,7782
6513,11,,1,,7783
6514,11,,1,,7784
6515,11,,1,,7785
6516,11,,1,,7786
6517,11,,1,,7787
6518,11,,1,,7788
6519,11,,1,,7789
6520,11,,1,,7790
6521,11,,1,,7791
6522,66,,1,,7792
6523,11,,1,,7793
6524,11,,1,,7794
6525,11,,1,,7795
6526,11,,1,,7796
6527,11,,1,,7797
6528,11,,1,,7798
6529,11,,1,,7799
6530,11,,1,,7800
6531,11,,1,,7801
6532,11,,1,,7802
6533,11,,1,,7803
6534,11,,1,,7804
6535,11,,1,,7805
6536,11,,1,,7806
6537,11,,1,,7807
6538,11,,1,,7808
6539,39,,1,,7809
6540,39,,1,,7810
6541,39,,1,,7811
6542,39,,1,,7812
6543,11,,1,,7813
6544,39,,1,,7814
6545,11,,1,,7815
6546,11,,1,,7816
6547,11,,1,,7817
6548,11,,1,,7818
6549,11,,1,,7819
6550,11,,1,,7820
6551,11,,1,,7821
6552,11,,1,,7822
6553,11,,1,,7823
6554,11,,1,,7824
6555,11,,1,,7825
6556,11,,1,,7826
6557,11,,1,,7827
6558,11,,1,,7828
6559,11,,1,,7829
6560,11,,1,,7830
6561,11,,1,,7831
6562,11,,1,,7832
6563,11,,1,,7833
6564,11,,1,,7834
6565,11,,1,,7835
6566,11,,1,,7836
6567,11,,1,,7837
6568,11,,1,,7838
6569,11,,1,,7839
6570,11,,1,,7840
6571,11,,1,,7841
6572,11,,1,,7842
6573,11,,1,,7843
6574,11,,1,,7844
6575,11,,1,,7845
6576,11,,1,,7846
6577,11,,1,,7847
6578,11,,1,,7848
6579,11,,1,,7849
6580,11,,1,,7850
6581,11,,1,,7851
6582,11,,1,,7852
6583,11,,1,,7853
6584,11,,1,,7854
6585,11,,1,,7855
6586,11,,1,,7856
6587,11,,1,,7857
6588,11,,1,,7858
6589,11,,1,,7859
6590,11,,1,,7860
6591,11,,1,,7861
6592,11,,1,,7862
6593,11,,1,,7863
6594,11,,1,,7864
6595,11,,1,,7865
6596,11,,1,,7866
6597,11,,1,,7867
6598,11,,1,,7868
6599,11,,1,,7869
6600,11,,1,,7870
6601,11,,1,,7871
6602,11,,1,,7872
6603,11,,1,,7873
6604,11,,1,,7874
6605,11,,1,,7875
6606,11,,1,,7876
6607,11,,1,,7877
6608,11,,1,,7878
6609,11,,1,,7879
6610,11,,1,,7880
6611,11,,1,,7881
6612,11,,1,,7882
6613,11,,1,,7883
6614,11,,1,,7884
6615,11,,1,,7885
6616,11,,1,,7886
6617,11,,1,,7887
6618,11,,1,,7888
6619,11,,1,,7889
6620,11,,1,,7890
6621,11,,1,,7891
6622,11,,1,,7892
6623,11,,1,,7893
6624,11,,1,,7894
6625,11,,1,,7895
6626,11,,1,,7896
6627,11,,1,,7897
6628,11,,1,,7898
6629,11,,1,,7899
6630,11,,1,,7900
6631,11,,1,,7901
6632,11,,1,,7902
6633,11,,1,,7903
6634,11,,1,,7904
6635,11,,1,,7905
6636,11,,1,,7906
6637,11,,1,,7907
6638,11,,1,,7908
6639,11,,1,,7909
6640,11,,1,,7910
6641,11,,1,,7911
6642,11,,1,,7912
6643,11,,1,,7913
6644,11,,1,,7914
6645,11,,1,,7915
6646,11,,1,,7916
6647,11,,1,,7917
6648,11,,1,,7918
6649,11,,1,,7919
6650,11,,1,,7920
6651,11,,1,,7921
6652,11,,1,,7922
6653,11,,1,,7923
6654,11,,1,,7924
6655,11,,1,,7925
6656,11,,1,,7926
6657,11,,1,,7927
6658,11,,1,,7928
6659,11,,1,,7929
6660,11,,1,,7930
6661,11,,1,,7931
6662,11,,1,,7932
6663,11,,1,,7933
6664,11,,1,,7934
6665,11,,1,,7935
6666,11,,1,,7936
6667,11,,1,,7937
6668,11,,1,,7938
6669,11,,1,,7939
6670,11,,1,,7940
6671,11,,1,,7941
6672,11,,1,,7942
6673,11,,1,,7943
6674,11,,1,,7944
6675,11,,1,,7945
6676,11,,1,,7946
6677,11,,1,,7947
6678,11,,1,,7948
6679,11,,1,,7949
6680,11,,1,,7950
6681,11,,1,,7951
6682,11,,1,,7952
6683,11,,1,,7953
6684,11,,1,,7954
6685,11,,1,,7955
6686,11,,1,,7956
6687,11,,1,,7957
6688,11,,1,,7958
6689,11,,1,,7959
6690,11,,1,,7960
6691,11,,1,,7961
6692,11,,1,,7962
6693,11,,1,,7963
6694,11,,1,,7964
6695,11,,1,,7965
6696,11,,1,,7966
6697,11,,1,,7967
6698,11,,1,,7968
6699,11,,1,,7969
6700,11,,1,,7970
6701,11,,1,,7971
6702,11,,1,,7972
6703,11,,1,,7973
6704,11,,1,,7974
6705,11,,1,,7975
6706,11,,1,,7976
6707,11,,1,,7977
6708,11,,1,,7978
6709,11,,1,,7979
6710,39,,1,,7980
6711,11,,1,,7981
6712,11,,1,,7982
6713,11,,1,,7983
6714,11,,1,,7984
6715,39,,1,,7985
6716,39,,1,,7986
6717,39,,1,,7987
6718,39,,1,,7988
6719,39,,1,,7989
6720,39,,1,,7990
6721,39,,1,,7991
6722,39,,1,,7992
6723,39,,1,,7993
6724,39,,1,,7994
6725,39,,1,,7995
6726,39,,1,,7996
6727,39,,1,,7997
6728,39,,1,,7998
6729,39,,1,,7999
6730,39,,1,,8000
6731,39,,1,,8001
6732,39,,1,,8002
6733,11,,1,,8003
6734,39,,1,,8004
6735,39,,1,,8005
6736,39,,1,,8006
6737,39,,1,,8007
6738,39,,1,,8008
6739,39,,1,,8009
6740,39,,1,,8010
6741,39,,1,,8011
6742,39,,1,,8012
6743,39,,1,,8013
6744,36,,1,,8014
6745,39,,1,,8015
6746,39,,1,,8016
6747,39,,1,,8017
6748,39,,1,,8018
6749,66,,1,,8019
6750,66,,1,,8020
6751,39,,1,,8021
6752,39,,1,,8022
6753,39,,1,,8023
6754,39,,1,,8024
6755,39,,1,,8025
6756,39,,1,,8026
6757,39,,1,,8027
6758,39,,1,,8028
6759,11,,1,,8029
6760,39,,1,,8030
6761,39,,1,,8031
6762,39,,1,,8032
6763,39,,1,,8033
6764,39,,1,,8034
6765,66,,1,,8035
6766,39,,1,,8036
6767,39,,1,,8037
6768,66,,1,,8038
6769,39,,1,,8039
6770,39,,1,,8040
6771,39,,1,,8041
6772,39,,1,,8042
6773,39,,1,,8043
6774,66,,1,,8044
6775,39,,1,,8045
6776,39,,1,,8046
6777,39,,1,,8047
6778,39,,1,,8048
6779,39,,1,,8049
6780,39,,1,,8050
6781,39,,1,,8051
6782,39,,1,,8052
6783,39,,1,,8053
6784,39,,1,,8054
6785,39,,1,,8055
6786,39,,1,,8056
6787,39,,1,,8057
6788,39,,1,,8058
6789,39,,1,,8059
6790,39,,1,,8060
6791,11,,1,,8061
6792,39,,1,,8062
6793,39,,1,,8063
6794,39,,1,,8064
6795,39,,1,,8065
6796,39,,1,,8066
6797,39,,1,,8067
6798,39,,1,,8068
6799,39,,1,,8069
6800,39,,1,,8070
6801,39,,1,,8071
6802,39,,1,,8072
6803,39,,1,,8073
6804,66,,1,,8074
6805,11,,1,,8075
6806,39,,1,,8076
6807,39,,1,,8077
6808,39,,1,,8078
6809,39,,1,,8079
6810,39,,1,,8080
6811,39,,1,,8081
6812,39,,1,,8082
6813,39,,1,,8083
6814,39,,1,,8084
6815,39,,1,,8085
6816,39,,1,,8086
6817,39,,1,,8087
6818,66,,1,,8088
6819,39,,1,,8089
6820,39,,1,,8090
6821,39,,1,,8091
6822,39,,1,,8092
6823,39,,1,,8093
6824,39,,1,,8094
6825,39,,1,,8095
6826,11,,1,,8096
6827,39,,1,,8097
6828,36,,1,,8098
6829,39,,1,,8099
6830,39,,1,,8100
6831,39,,1,,8101
6832,39,,1,,8102
6833,39,,1,,8103
6834,11,,1,,8104
6835,39,,1,,8105
6836,39,,1,,8106
6837,39,,1,,8107
6838,36,,1,,8108
6839,36,,1,,8109
6840,39,,1,,8110
6841,39,,1,,8111
6842,39,,1,,8112
6843,39,,1,,8113
6844,39,,1,,8114
6845,39,,1,,8115
6846,39,,1,,8116
6847,39,,1,,8117
6848,39,,1,,8118
6849,23,,1,,8119
6850,39,,1,,8120
6851,11,,1,,8121
6852,39,,1,,8122
6853,39,,1,,8123
6854,23,,1,,8124
6855,39,,1,,8125
6856,39,,1,,8126
6857,39,,1,,8127
6858,39,,1,,8128
6859,39,,1,,8129
6860,39,,1,,8130
6861,39,,1,,8131
6862,39,,1,,8132
6863,39,,1,,8133
6864,39,,1,,8134
6865,11,,1,,8135
6866,39,,1,,8136
6867,39,,1,,8137
6868,39,,1,,8138
6869,39,,1,,8139
6870,39,,1,,8140
6871,11,,1,,8141
6872,39,,1,,8142
6873,39,,1,,8143
6874,39,,1,,8144
6875,39,,1,,8145
6876,39,,1,,8146
6877,39,,1,,8147
6878,39,,1,,8148
6879,39,,1,,8149
6880,39,,1,,8150
6881,39,,1,,8151
6882,39,,1,,8152
6883,39,,1,,8153
6884,39,,1,,8154
6885,39,,1,,8155
6886,39,,1,,8156
6887,39,,1,,8157
6888,39,,1,,8158
6889,39,,1,,8159
6890,39,,1,,8160
6891,39,,1,,8161
6892,39,,1,,8162
6893,39,,1,,8163
6894,39,,1,,8164
6895,39,,1,,8165
6896,39,,1,,8166
6897,39,,1,,8167
6898,39,,1,,8168
6899,39,,1,,8169
6900,66,,1,,8170
6901,66,,1,,8171
6902,39,,1,,8172
6903,39,,1,,8173
6904,39,,1,,8174
6905,39,,1,,8175
6906,39,,1,,8176
6907,39,,1,,8177
6908,39,,1,,8178
6909,66,,1,,8179
6910,39,,1,,8180
6911,39,,1,,8181
6912,39,,1,,8182
6913,39,,1,,8183
6914,39,,1,,8184
6915,39,,1,,8185
6916,39,,1,,8186
6917,39,,1,,8187
6918,39,,1,,8188
6919,39,,1,,8189
6920,39,,1,,8190
6921,39,,1,,8191
6922,39,,1,,8192
6923,11,,1,,8193
6924,11,,1,,8194
6925,39,,1,,8195
6926,39,,1,,8196
6927,39,,1,,8197
6928,39,,1,,8198
6929,66,,1,,8199
6930,39,,1,,8200
6931,39,,1,,8201
6932,39,,1,,8202
6933,39,,1,,8203
6934,39,,1,,8204
6935,39,,1,,8205
6936,39,,1,,8206
6937,39,,1,,8207
6938,11,,1,,8208
6939,39,,1,,8209
6940,39,,1,,8210
6941,39,,1,,8211
6942,39,,1,,8212
6943,39,,1,,8213
6944,39,,1,,8214
6945,39,,1,,8215
6946,39,,1,,8216
6947,39,,1,,8217
6948,39,,1,,8218
6949,39,,1,,8219
6950,39,,1,,8220
6951,39,,1,,8221
6952,39,,1,,8222
6953,39,,1,,8223
6954,39,,1,,8224
6955,39,,1,,8225
6956,39,,1,,8226
6957,11,,1,,8227
6958,39,,1,,8228
6959,36,,1,,8229
6960,36,,1,,8230
6961,36,,1,,8231
6962,21,,1,,8232
6963,36,,1,,8233
6964,36,,1,,8234
6965,36,,1,,8235
6966,36,,1,,8236
6967,11,,1,,8237
6968,21,,1,,8238
6969,11,,1,,8239
6970,11,,1,,8240
6971,66,,1,,8241
6972,39,,1,,8242
6973,39,,1,,8243
6974,39,,1,,8244
6975,39,,1,,8245
6976,23,,1,,8246
6977,43,,1,,8247
6978,66,,1,,8248
6979,23,,1,,8249
6980,39,,1,,8250
6981,43,,1,,8251
6982,39,,1,,8252
6983,39,,1,,8253
6984,11,,1,,8254
6985,39,,1,,8255
6986,39,,1,,8256
6987,66,,1,,8257
6988,43,,1,,8258
6989,43,,1,,8259
6990,13,,1,,8260
6991,11,,1,,8261
6992,39,,1,,8262
6993,39,,1,,8263
6994,39,,1,,8264
6995,11,,1,,8265
6996,39,,1,,8266
6997,23,,1,,8267
6998,39,,1,,8268
6999,39,,1,,8269
7000,39,,1,,8270
7001,39,,1,,8271
7002,39,,1,,8272
7003,39,,1,,8273
7004,43,,1,,8274
7005,39,,1,,8275
7006,43,,1,,8276
7007,66,,1,,8277
7008,11,,1,,8278
7009,39,,1,,8279
7010,39,,1,,8280
7011,11,,1,,8281
7012,39,,1,,8282
7013,11,,1,,8283
7014,11,,1,,8284
7015,11,,1,,8285
7016,43,,1,,8286
7017,21,,1,,8287
7018,39,,1,,8288
7019,39,,1,,8289
7020,39,,1,,8290
7021,11,,1,,8291
7022,23,,1,,8292
7023,39,,1,,8293
7024,66,,1,,8294
7025,11,,1,,8295
7026,39,,1,,8296
7027,39,,1,,8297
7028,39,,1,,8298
7029,39,,1,,8299
7030,39,,1,,8300
7031,39,,1,,8301
7032,39,,1,,8302
7033,39,,1,,8303
7034,11,,1,,8304
7035,39,,1,,8305
7036,39,,1,,8306
7037,39,,1,,8307
7038,39,,1,,8308
7039,39,,1,,8309
7040,39,,1,,8310
7041,39,,1,,8311
7042,39,,1,,8312
7043,39,,1,,8313
7044,39,,1,,8314
7045,39,,1,,8315
7046,39,,1,,8316
7047,41,,1,,8317
7048,23,,1,,8318
7049,39,,1,,8319
7050,39,,1,,8320
7051,39,,1,,8321
7052,39,,1,,8322
7053,39,,1,,8323
7054,11,,1,,8324
7055,11,,1,,8325
7056,39,,1,,4900
7057,11,,1,,4901
7058,39,,1,,4902
7059,39,,1,,4903
7060,39,,1,,4904
7061,39,,1,,4905
7062,39,,1,,4906
7063,39,,1,,4907
7064,11,,1,,4908
7065,39,,1,,4909
7066,39,,1,,4910
7067,39,,1,,4911
7068,39,,1,,4912
7069,39,,1,,4913
7070,39,,1,,4914
7071,39,,1,,4915
7072,39,,1,,4916
7073,39,,1,,4917
7074,39,,1,,4918
7075,39,,1,,4919
7076,39,,1,,4920
7077,39,,1,,4921
7078,39,,1,,4922
7079,39,,1,,4923
7080,11,,1,,4924
7081,39,,1,,4925
7082,39,,1,,4926
7083,39,,1,,4927
7084,39,,1,,4928
7085,39,,1,,4929
7086,39,,1,,4930
7087,39,,1,,4931
7088,39,,1,,4932
7089,39,,1,,4933
7090,39,,1,,4934
7091,39,,1,,4935
7092,39,,1,,4936
7093,39,,1,,4937
7094,39,,1,,4938
7095,39,,1,,4939
7096,39,,1,,4940
7097,39,,1,,4941
7098,39,,1,,4942
7099,39,,1,,4943
7100,39,,1,,4944
7101,39,,1,,4945
7102,39,,1,,4946
7103,39,,1,,4947
7104,39,,1,,4948
7105,39,,1,,4949
7106,39,,1,,4950
7107,39,,1,,4951
7108,39,,1,,4952
7109,39,,1,,4953
7110,39,,1,,4954
7111,39,,1,,4955
7112,39,,1,,4956
7113,39,,1,,4957
7114,39,,1,,4958
7115,39,,1,,4959
7116,39,,1,,4960
7117,39,,1,,4961
7118,39,,1,,4962
7119,39,,1,,4963
7120,39,,1,,4964
7121,39,,1,,4965
7122,39,,1,,4966
7123,39,,1,,4967
7124,39,,1,,4968
7125,39,,1,,4969
7126,39,,1,,4970
7127,39,,1,,4971
7128,39,,1,,4972
7129,39,,1,,4973
7130,39,,1,,4974
7131,39,,1,,4975
7132,39,,1,,4976
7133,39,,1,,4977
7134,39,,1,,4978
7135,39,,1,,4979
7136,39,,1,,4980
7137,39,,1,,4982
7138,39,,1,,4983
7139,39,,1,,4984
7140,39,,1,,4985
7141,39,,1,,4986
7142,39,,1,,4987
7143,39,,1,,4988
7144,39,,1,,4989
7145,39,,1,,4990
7146,39,,1,,4991
7147,39,,1,,4992
7148,39,,1,,4993
7149,39,,1,,4994
7150,39,,1,,4995
7151,36,,1,,4996
7152,39,,1,,4997
7153,39,,1,,4998
7154,39,,1,,4999
7155,39,,1,,5000
7156,39,,1,,5001
7157,39,,1,,5002
7158,39,,1,,5003
7159,39,,1,,5004
7160,39,,1,,5005
7161,39,,1,,5006
7162,11,,1,,5007
7163,11,,1,,5008
7164,36,,1,,5009
7165,39,,1,,5010
7166,39,,1,,5011
7167,39,,1,,5012
7168,39,,1,,5013
7169,39,,1,,5014
7170,39,,1,,5015
7171,39,,1,,5016
7172,39,,1,,5017
7173,39,,1,,5018
7174,39,,1,,5019
7175,11,,1,,5020
7176,39,,1,,5021
7177,36,,1,,5022
7178,39,,1,,5023
7179,36,,1,,5024
7180,39,,1,,5025
7181,39,,1,,5026
7182,39,,1,,5027
7183,39,,1,,5028
7184,39,,1,,5029
7185,39,,1,,5030
7186,39,,1,,5031
7187,39,,1,,5032
7188,39,,1,,5033
7189,39,,1,,5034
7190,11,,1,,5035
7191,39,,1,,5036
7192,39,,1,,5037
7193,39,,1,,5038
7194,39,,1,,5039
7195,39,,1,,5040
7196,39,,1,,5041
7197,39,,1,,5042
7198,39,,1,,5043
7199,39,,1,,5044
7200,11,,1,,5045
7201,39,,1,,5046
7202,39,,1,,5047
7203,39,,1,,5048
7204,39,,1,,5049
7205,39,,1,,5050
7206,39,,1,,5051
7207,39,,1,,5052
7208,39,,1,,5053
7209,39,,1,,5054
7210,39,,1,,5055
7211,39,,1,,5056
7212,39,,1,,5057
7213,39,,1,,5058
7214,39,,1,,5059
7215,39,,1,,5060
7216,39,,1,,5061
7217,39,,1,,5062
7218,39,,1,,5063
7219,39,,1,,5064
7220,39,,1,,5065
7221,39,,1,,5066
7222,23,,1,,5067
7223,39,,1,,5068
7224,39,,1,,5069
7225,39,,1,,5071
7226,39,,1,,5072
7227,39,,1,,5073
7228,39,,1,,5074
7229,39,,1,,5075
7230,39,,1,,5076
7231,11,,1,,5077
7232,39,,1,,5078
7233,39,,1,,5079
7234,11,,1,,5080
7235,36,,1,,5081
7236,39,,1,,5082
7237,39,,1,,5083
7238,39,,1,,5084
7239,39,,1,,5085
7240,39,,1,,5086
7241,39,,1,,5087
7242,39,,1,,5088
7243,39,,1,,5089
7244,36,,1,,5090
7245,36,,1,,5091
7246,39,,1,,5092
7247,41,,1,,5093
7248,39,,1,,5094
7249,39,,1,,5095
7250,39,,1,,5096
7251,39,,1,,5097
7252,39,,1,,5098
7253,39,,1,,5099
7254,39,,1,,5100
7255,39,,1,,5101
7256,39,,1,,5102
7257,39,,1,,5103
7258,39,,1,,5104
7259,39,,1,,5105
7260,39,,1,,5106
7261,39,,1,,5107
7262,39,,1,,5108
7263,39,,1,,5109
7264,39,,1,,5110
7265,39,,1,,5111
7266,39,,1,,5112
7267,39,,1,,5113
7268,39,,1,,5114
7269,39,,1,,5115
7270,39,,1,,5116
7271,39,,1,,5117
7272,39,,1,,5118
7273,39,,1,,5119
7274,39,,1,,5120
7275,39,,1,,5121
7276,39,,1,,5122
7277,39,,1,,5123
7278,39,,1,,5124
7279,39,,1,,5125
7280,39,,1,,5126
7281,39,,1,,5127
7282,39,,1,,5128
7283,39,,1,,5129
7284,39,,1,,5130
7285,39,,1,,5131
7286,39,,1,,5132
7287,39,,1,,5133
7288,39,,1,,5134
7289,39,,1,,5135
7290,39,,1,,5136
7291,39,,1,,5137
7292,39,,1,,5138
7293,39,,1,,5139
7294,39,,1,,5140
7295,11,,1,,5141
7296,11,,1,,5142
7297,39,,1,,5143
7298,39,,1,,5144
7299,39,,1,,5145
7300,11,,1,,5146
7301,39,,1,,5147
7302,39,,1,,5148
7303,11,,1,,5149
7304,11,,1,,5150
7305,39,,1,,5151
7306,11,,1,,5152
7307,39,,1,,5153
7308,11,,1,,5154
7309,39,,1,,5155
7310,11,,1,,5156
7311,11,,1,,5157
7312,11,,1,,5158
7313,39,,1,,5159
7314,39,,1,,5160
7315,39,,1,,5161
7316,39,,1,,5162
7317,39,,1,,5163
7318,39,,1,,5164
7319,39,,1,,5165
7320,39,,1,,5166
7321,11,,1,,5167
7322,11,,1,,5168
7323,39,,1,,5169
7324,11,,1,,5170
7325,69,,1,,8326
7326,69,,1,,8327
7327,69,,1,,8328
7328,69,,1,,8329
7329,69,,1,,8330
7330,69,,1,,8331
7331,69,,1,,8332
7332,69,,1,,8333
7333,43,,1,,8334
7334,43,,1,,8335
7335,36,,1,,8336
7336,36,,1,,8337
7337,69,,1,,8338
7338,69,,1,,8339
7339,69,,1,,8340
7340,69,,1,,8341
7341,69,,1,,8342
7342,69,,1,,8343
7343,69,,1,,8344
7344,69,,1,,8345
7345,69,,1,,8346
7346,22,,1,,8347
7347,69,,1,,8348
7348,36,,3,,8349
7349,69,,1,,8350
7350,67,,1,,8351
7351,36,,1,,8352
7352,36,,3,,8353
7353,36,,1,,8354
7354,43,,1,,8355
7355,36,,1,,8356
7356,36,,1,,8357
7357,43,,1,,8358
7358,69,,1,,8359
7359,69,,1,,8360
7360,69,,1,,8361
7361,69,,1,,8362
7362,69,,1,,8363
7363,69,,1,,8364
7364,69,,1,,8365
7365,67,,1,,8366
7366,67,,1,,8367
7367,43,,1,,8368
7368,22,,1,,8369
7369,69,,1,,8370
7370,69,,1,,8371
7371,69,,1,,8372
7372,67,,1,,8373
7373,36,,1,,8374
7374,67,,1,,8375
7375,41,,1,,8376
7376,69,,1,,8377
7377,67,,1,,8378
7378,69,,1,,8379
7379,69,,1,,8380
7380,69,,1,,8381
7381,69,,1,,8382
7382,67,,1,,8383
7383,36,,1,,8384
7384,67,,1,,8385
7385,41,,1,,8386
7386,69,,1,,8387
7387,67,,1,,8388
7388,69,,1,,8389
7389,69,,1,,8390
7390,69,,1,,8391
7391,69,,1,,8392
7392,67,,1,,8393
7393,67,,1,,8394
7394,69,,1,,8395
7395,69,,1,,8396
7396,69,,1,,8397
7397,69,,1,,8398
7398,13,,1,,8399
7399,36,,1,,8400
7400,69,,1,,8401
7401,69,,1,,8402
7402,69,,1,,8403
7403,69,,1,,8404
7404,69,,1,,8405
7405,69,,1,,8406
7406,22,,1,,8407
7407,69,,1,,8408
7408,69,,1,,8409
7409,69,,1,,8410
7410,69,,1,,8411
7411,69,,1,,8412
7412,69,,1,,8413
7413,69,,1,,8414
7414,69,,1,,8415
7415,69,,1,,8416
7416,69,,1,,8417
7417,69,,1,,8418
7418,69,,1,,8419
7419,69,,1,,8420
7420,69,,1,,8421
7421,69,,1,,8422
7422,69,,1,,8423
7423,69,,1,,8424
7424,69,,1,,8425
7425,67,,1,,8426
7426,69,,1,,8427
7427,69,,1,,8428
7428,67,,1,,8429
7429,69,,1,,8430
7430,36,,1,,8431
7431,69,,1,,8432
7432,69,,1,,8433
7433,69,,1,,8434
7434,69,,1,,8435
7435,69,,1,,8436
7436,69,,1,,8437
7437,69,,1,,8438
7438,67,,1,,8439
7439,69,,1,,8440
7440,69,,1,,8441
7441,69,,1,,8442
7442,69,,1,,8443
7443,69,,1,,8444
7444,69,,1,,8445
7445,67,,1,,8446
7446,36,,1,,8447
7447,69,,1,,8448
7448,69,,1,,8449
7449,69,,1,,8450
7450,69,,1,,8451
7451,69,,1,,8452
7452,69,,1,,8453
7453,69,,1,,8454
7454,69,,1,,8455
7455,69,,1,,8456
7456,36,,1,,8457
7457,36,,1,,8458
7458,36,,1,,8459
7459,36,,1,,8460
7460,36,,1,,8461
7461,69,,1,,8462
7462,69,,1,,8463
7463,69,,1,,8464
7464,69,,1,,8465
7465,69,,1,,8466
7466,69,,1,,8467
7467,69,,1,,8468
7468,69,,1,,8469
7469,69,,1,,8470
7470,69,,1,,8471
7471,69,,1,,8472
7472,69,,1,,8473
7473,67,,1,,8474
7474,36,,1,,8475
7475,39,,1,,8476
7476,39,,1,,8477
7477,69,,1,,8478
7478,69,,1,,8479
7479,69,,1,,8480
7480,69,,1,,8481
7481,69,,1,,8482
7482,69,,1,,8483
7483,69,,1,,8484
7484,69,,1,,8485
7485,69,,1,,8486
7486,67,,1,,8487
7487,69,,1,,8488
7488,69,,1,,8489
7489,69,,1,,8490
7490,69,,1,,8491
7491,69,,1,,8492
7492,36,,1,,8493
7493,69,,1,,8494
7494,69,,1,,8495
7495,69,,1,,8496
7496,39,,1,,8497
7497,69,,1,,8498
7498,69,,1,,8499
7499,69,,1,,8500
7500,69,,1,,8501
7501,69,,1,,8502
7502,69,,1,,8503
7503,69,,1,,8504
7504,69,,1,,8505
7505,69,,1,,8506
7506,69,,1,,8507
7507,69,,1,,8508
7508,67,,1,,8509
7509,69,,1,,8510
7510,69,,1,,8511
7511,69,,1,,8512
7512,66,,1,,8513
7513,69,,1,,8514
7514,69,,1,,8515
7515,67,,1,,8516
7516,69,,1,,8517
7517,69,,1,,8518
7518,43,,1,,8519
7519,69,,1,,8520
7520,69,,1,,8521
7521,69,,1,,8522
7522,69,,1,,8523
7523,69,,1,,8524
7524,69,,1,,8525
7525,69,,1,,8526
7526,69,,1,,8527
7527,69,,1,,8528
7528,69,,1,,8529
7529,67,,1,,8530
7530,69,,1,,8531
7531,69,,1,,8532
7532,69,,1,,8533
7533,69,,1,,8534
7534,39,,1,,8535
7535,39,,1,,8536
7536,69,,1,,8537
7537,69,,1,,8538
7538,69,,1,,8539
7539,69,,1,,8540
7540,69,,1,,8541
7541,67,,1,,8542
7542,69,,1,,8543
7543,67,,1,,8544
7544,69,,1,,8545
7545,69,,1,,8546
7546,69,,1,,8547
7547,69,,1,,8548
7548,69,,1,,8549
7549,69,,1,,8550
7550,69,,1,,8551
7551,69,,1,,8552
7552,69,,1,,8553
7553,69,,1,,8554
7554,69,,1,,8555
7555,69,,1,,8556
7556,67,,1,,8557
7557,39,,1,,8558
7558,67,,1,,8559
7559,69,,1,,8560
7560,69,,1,,8561
7561,69,,1,,8562
7562,69,,1,,8563
7563,69,,1,,8564
7564,69,,1,,8565
7565,69,,1,,8566
7566,69,,1,,8567
7567,69,,1,,8568
7568,69,,1,,8569
7569,69,,1,,8570
7570,69,,1,,8571
7571,69,,1,,8572
7572,36,,1,,8573
7573,36,,1,,8574
7574,69,,1,,8575
7575,39,,1,,8576
7576,69,,1,,8577
7577,69,,1,,8578
7578,69,,1,,8579
7579,69,,1,,8580
7580,69,,1,,8581
7581,69,,1,,8582
7582,69,,1,,8583
7583,36,,1,,8584
7584,69,,1,,8585
7585,69,,1,,8586
7586,67,,1,,8587
7587,43,,1,,8588
7588,69,,1,,8589
7589,69,,1,,8590
7590,69,,1,,8591
7591,69,,1,,8592
7592,69,,1,,8593
7593,69,,1,,8594
7594,69,,1,,8595
7595,69,,1,,8596
7596,69,,1,,8597
7597,69,,1,,8598
7598,69,,1,,8599
7599,69,,1,,8600
7600,67,,1,,8601
7601,69,,1,,8602
7602,69,,1,,8603
7603,69,,1,,8604
7604,69,,1,,8605
7605,67,,1,,8606
7606,69,,1,,8607
7607,36,,1,,8608
7608,36,,1,,8609
7609,36,,1,,8610
7610,36,,1,,8611
7611,36,,1,,8612
7612,36,,1,,8613
7613,36,,1,,8614
7614,67,,1,,8615
7615,39,,1,,8616
7616,67,,1,,8617
7617,36,,1,,8618
7618,36,,1,,8619
7619,36,,1,,8620
7620,36,,1,,8621
7621,36,,1,,8622
7622,36,,1,,8623
7623,36,,1,,8624
7624,36,,1,,8625
7625,36,,1,,8626
7626,36,,1,,8627
7627,36,,1,,8628
7628,36,,1,,8629
7629,36,,1,,8630
7630,36,,1,,8631
7631,36,,2,,8632
7632,36,,1,,8633
7633,36,,1,,8634
7634,39,,1,,8635
7635,36,,1,,8636
7636,39,,1,,8637
7637,36,,1,,8638
7638,36,,1,,8639
7639,36,,1,,8640
7640,36,,1,,8641
7641,36,,1,,8642
7642,36,,1,,8643
7643,36,,1,,8644
7644,36,,1,,8645
7645,36,,1,,8646
7646,36,,1,,8647
7647,36,,1,,8648
7648,36,,1,,8649
7649,36,,1,,8650
7650,36,,1,,8651
7651,43,,1,,8652
7652,36,,1,,8653
7653,36,,1,,8654
7654,43,,1,,8655
7655,43,,1,,8656
7656,67,,1,,8657
7657,39,,1,,8658
7658,67,,1,,8659
7659,36,,1,,8660
7660,36,,1,,8661
7661,36,,1,,8662
7662,67,,1,,8663
7663,43,,1,,8664
7664,36,,1,,8665
7665,36,,1,,8666
7666,43,,1,,8667
7667,43,,1,,8668
7668,67,,1,,8669
7669,39,,1,,8670
7670,67,,1,,8671
7671,36,,1,,8672
7672,36,,1,,8673
7673,36,,1,,8674
7674,67,,1,,8675
7675,59,,1,,8676
7676,36,,1,,8677
7677,59,,1,,8678
7678,36,,1,,8679
7679,36,,1,,8680
7680,36,,1,,8681
7681,36,,1,,8682
7682,36,,1,,8683
7683,36,,1,,8684
7684,36,,1,,8685
7685,36,,1,,8686
7686,36,,1,,8687
7687,36,,1,,8688
7688,36,,1,,8689
7689,67,,1,,8690
7690,36,,1,,8691
7691,36,,2,,8692
7692,36,,1,,8693
7693,36,,1,,8694
7694,36,,1,,8695
7695,43,,1,,8696
7696,36,,1,,8697
7697,36,,1,,8698
7698,36,,1,,8699
7699,36,,1,,8700
7700,36,,1,,8701
7701,36,,1,,8702
7702,36,,1,,8703
7703,36,,1,,8704
7704,39,,1,,8705
7705,43,,1,,8707
7706,59,,1,,8708
7707,36,,1,,8709
7708,59,,1,,8710
7709,36,,1,,8711
7710,36,,1,,8712
7711,36,,1,,8713
7712,36,,1,,8714
7713,36,,1,,8715
7714,36,,1,,8716
7715,36,,1,,8717
7716,36,,1,,8718
7717,36,,1,,8719
7718,36,,1,,8720
7719,36,,1,,8721
7720,67,,1,,8722
7721,36,,1,,8723
7722,36,,2,,8724
7723,36,,1,,8725
7724,36,,1,,8726
7725,36,,1,,8727
7726,43,,1,,8728
7727,36,,1,,8729
7728,36,,1,,8730
7729,36,,1,,8731
7730,36,,1,,8732
7731,36,,1,,8733
7732,36,,1,,8734
7733,36,,1,,8735
7734,36,,1,,8736
7735,39,,1,,4981
7736,39,,1,,5070
7737,68,,1,,5171
7738,68,,1,,5172
7739,68,,1,,5173
7740,68,,1,,5174
7741,68,,1,,5175
7742,39,,1,,5176
7743,39,,1,,5177
7744,39,,1,,5178
7745,68,,1,,5179
7746,68,,1,,5180
7747,67,,1,,5181
7748,68,,1,,5182
7749,68,,1,,5183
7750,39,,1,,5184
7751,68,,1,,5185
7752,67,,1,,5186
7753,67,,1,,5187
7754,39,,1,,5188
7755,39,,1,,5189
7756,39,,1,,5190
7757,68,,1,,5191
7758,68,,1,,5192
7759,68,,1,,5193
7760,68,,1,,5194
7761,39,,1,,5195
7762,39,,1,,5196
7763,39,,1,,5197
7764,39,,1,,5198
7765,39,,1,,5199
7766,39,,1,,5200
7767,68,,1,,5201
7768,68,,1,,5202
7769,68,,1,,5203
7770,68,,1,,5204
7771,68,,1,,5205
7772,68,,1,,5206
7773,39,,1,,5207
7774,68,,1,,5208
7775,68,,1,,5209
7776,68,,1,,5210
7777,39,,1,,5211
7778,67,,1,,5212
7779,39,,1,,5213
7780,67,,1,,5214
7781,68,,1,,5215
7782,68,,1,,5216
7783,39,,1,,5217
7784,39,,1,,5218
7785,39,,1,,5219
7786,68,,1,,5220
7787,68,,1,,5221
7788,68,,1,,5222
7789,68,,1,,5223
7790,68,,1,,5224
7791,68,,1,,5225
7792,68,,1,,5226
7793,68,,1,,5227
7794,68,,1,,5228
7795,68,,1,,5229
7796,68,,1,,5230
7797,68,,1,,5231
7798,68,,1,,5232
7799,68,,1,,5233
7800,39,,1,,5234
7801,39,,1,,5235
7802,39,,1,,5236
7803,39,,1,,5237
7804,68,,1,,5238
7805,39,,1,,5239
7806,68,,1,,5240
7807,39,,1,,5241
7808,39,,1,,5242
7809,68,,1,,5243
7810,68,,1,,5244
7811,68,,1,,5245
7812,68,,1,,5246
7813,67,,1,,5247
7814,67,,1,,5248
7815,39,,1,,5249
7816,68,,1,,5250
7817,68,,1,,5251
7818,68,,1,,5252
7819,68,,1,,5253
7820,68,,1,,5254
7821,68,,1,,5255
7822,68,,1,,5256
7823,68,,1,,5257
7824,68,,1,,5258
7825,39,,1,,5259
7826,39,,1,,5260
7827,39,,1,,5261
7828,67,,1,,5262
7829,39,,1,,5263
7830,39,,1,,5264
7831,39,,1,,5265
7832,39,,1,,5266
7833,67,,1,,5267
7834,39,,1,,5268
7835,67,,1,,5269
7836,67,,1,,5270
7837,39,,1,,5271
7838,39,,1,,5272
7839,39,,1,,5273
7840,39,,1,,5274
7841,39,,1,,5275
7842,39,,1,,5276
7843,39,,1,,5277
7844,39,,1,,5278
7845,39,,1,,5279
7846,39,,1,,5280
7847,39,,1,,5281
7848,39,,1,,5282
7849,39,,1,,5283
7850,39,,1,,5284
7851,39,,1,,5285
7852,39,,1,,5286
7853,39,,1,,5287
7854,39,,1,,5288
7855,39,,1,,5289
7856,39,,1,,5290
7857,39,,1,,5291
7858,39,,1,,5292
7859,39,,1,,5293
7860,39,,1,,5294
7861,39,,1,,5295
7862,39,,1,,5296
7863,39,,1,,5297
7864,39,,1,,5298
7865,39,,1,,5299
7866,39,,1,,5300
7867,39,,1,,5301
7868,39,,1,,5302
7869,39,,1,,5303
7870,39,,1,,5304
7871,39,,1,,5305
7872,67,,1,,5306
7873,39,,1,,5307
7874,39,,1,,5308
7875,39,,1,,5309
7876,67,,1,,5310
7877,67,,1,,5311
7878,67,,1,,5312
7879,39,,1,,5313
7880,39,,1,,5314
7881,39,,1,,5315
7882,67,,1,,5316
7883,39,,1,,5317
7884,67,,1,,5318
7885,67,,1,,5319
7886,39,,1,,5320
7887,67,,1,,5321
7888,36,,1,,5322
7889,39,,1,,5323
7890,39,,1,,5324
7891,39,,1,,5325
7892,39,,1,,5326
7893,39,,1,,5327
7894,39,,1,,5328
7895,39,,1,,5329
7896,39,,1,,5330
7897,39,,1,,5331
7898,39,,1,,5332
7899,39,,1,,5333
7900,39,,1,,5334
7901,39,,1,,5335
7902,39,,1,,5336
7903,39,,1,,5337
7904,39,,1,,5338
7905,39,,1,,5339
7906,67,,1,,5340
7907,39,,1,,5341
7908,39,,1,,5342
7909,39,,1,,5343
7910,67,,1,,5344
7911,39,,1,,5345
7912,39,,1,,5346
7913,23,,1,,5347
7914,39,,1,,5348
7915,39,,1,,5349
7916,39,,1,,5350
7917,39,,1,,5351
7918,39,,1,,5352
7919,39,,1,,5353
7920,39,,1,,5354
7921,39,,1,,5355
7922,67,,1,,5356
7923,39,,1,,5357
7924,39,,1,,5358
7925,39,,1,,5359
7926,67,,1,,5360
7927,39,,1,,5361
7928,23,,1,,5362
7929,67,,1,,5363
7930,67,,1,,5364
7931,39,,1,,5365
7932,39,,1,,5366
7933,67,,1,,5367
7934,67,,1,,5368
7935,67,,1,,5369
7936,39,,1,,5370
7937,39,,1,,5371
7938,39,,1,,5372
7939,23,,1,,5373
7940,39,,1,,5374
7941,39,,1,,5375
7942,36,,1,,5376
7943,36,,1,,5377
7944,39,,1,,5378
7945,67,,1,,5379
7946,39,,1,,5380
7947,67,,1,,5381
7948,39,,1,,5382
7949,39,,1,,5383
7950,39,,1,,5384
7951,39,,1,,5385
7952,67,,1,,5386
7953,39,,1,,5387
7954,39,,1,,5388
7955,39,,1,,5389
7956,67,,1,,5390
7957,39,,1,,5391
7958,39,,1,,5392
7959,39,,1,,5393
7960,39,,1,,5394
7961,39,,1,,5395
7962,39,,1,,5396
7963,67,,1,,5397
7964,39,,1,,5398
7965,67,,1,,5399
7966,68,,1,,5400
7967,68,,1,,5401
7968,68,,1,,5402
7969,68,,1,,5403
7970,68,,1,,5404
7971,68,,1,,5405
7972,68,,1,,5406
7973,68,,1,,5407
7974,36,,1,,5408
7975,39,,1,,5409
7976,39,,1,,5410
7977,68,,1,,5411
7978,68,,1,,5412
7979,68,,1,,5413
7980,68,,1,,5414
7981,68,,1,,5415
7982,68,,1,,5416
7983,68,,1,,5417
7984,68,,1,,5418
7985,68,,1,,5419
7986,39,,1,,5420
7987,39,,1,,5421
7988,68,,1,,5422
7989,68,,1,,5423
7990,68,,1,,5424
7991,68,,1,,5425
7992,68,,1,,5426
7993,68,,1,,5427
7994,68,,1,,5428
7995,68,,1,,5429
7996,68,,1,,5430
7997,68,,1,,5431
7998,39,,1,,5432
7999,39,,1,,5433
8000,36,,1,,5434
8001,68,,1,,5435
8002,39,,1,,5436
8003,68,,1,,5437
8004,67,,1,,5438
8005,68,,1,,5439
8006,68,,1,,5440
8007,68,,1,,5441
8008,68,,1,,5442
8009,68,,1,,5443
8010,68,,1,,5444
8011,39,,1,,5445
8012,39,,1,,5446
8013,39,,1,,5447
8014,39,,1,,5448
8015,67,,1,,5449
8016,67,,1,,5450
8017,67,,1,,5451
8018,36,,1,,5452
8019,39,,1,,5453
8020,39,,1,,5454
8021,39,,1,,5455
8022,39,,1,,5456
8023,67,,1,,5457
8024,39,,1,,5458
8025,39,,1,,5459
8026,67,,1,,5460
8027,39,,1,,5461
8028,39,,1,,5462
8029,39,,1,,5463
8030,39,,1,,5464
8031,39,,1,,5465
8032,39,,1,,5466
8033,39,,1,,5467
8034,39,,1,,5468
8035,39,,1,,5469
8036,67,,1,,5470
8037,39,,1,,5471
8038,39,,1,,5472
8039,67,,1,,5473
8040,67,,1,,5474
8041,39,,1,,5475
8042,39,,1,,5476
8043,67,,1,,5477
8044,39,,1,,5478
8045,39,,1,,5479
8046,39,,1,,5480
8047,23,,1,,5481
8048,39,,1,,5482
8049,39,,1,,5483
8050,39,,1,,5484
8051,39,,1,,5485
8052,39,,1,,5486
8053,39,,1,,5487
8054,39,,1,,5488
8055,39,,1,,5489
8056,39,,1,,5490
8057,39,,1,,5491
8058,39,,1,,5492
8059,39,,1,,5493
8060,39,,1,,5494
8061,67,,1,,5495
8062,39,,1,,5496
8063,39,,1,,5497
8064,39,,1,,5498
8065,39,,1,,5499
8066,39,,1,,5500
8067,39,,1,,5501
8068,39,,1,,5502
8069,39,,1,,5503
8070,39,,1,,5504
8071,39,,1,,5505
8072,67,,1,,5506
8073,67,,1,,5507
8074,39,,1,,5508
8075,39,,1,,5509
8076,67,,1,,5510
8077,39,,1,,5511
8078,39,,1,,5512
8079,39,,1,,5513
8080,39,,1,,5514
8081,39,,1,,5515
8082,39,,1,,5516
8083,39,,1,,5517
8084,39,,1,,5518
8085,39,,1,,5519
8086,39,,1,,5520
8087,39,,1,,5521
8088,39,,1,,5522
8089,39,,1,,5523
8090,39,,1,,5524
8091,39,,1,,5525
8092,39,,1,,5526
8093,67,,1,,5527
8094,39,,1,,5528
8095,39,,1,,5529
8096,39,,1,,5530
8097,39,,1,,5531
8098,67,,1,,5532
8099,67,,1,,5533
8100,39,,1,,5534
8101,39,,1,,5535
8102,39,,1,,5536
8103,67,,1,,5537
8104,39,,1,,5538
8105,39,,1,,5539
8106,39,,1,,5540
8107,39,,1,,5541
8108,39,,1,,5542
8109,39,,1,,5543
8110,39,,1,,5544
8111,39,,1,,5545
8112,39,,1,,5546
8113,67,,1,,5547
8114,67,,1,,5548
8115,67,,1,,5549
8116,39,,1,,5550
8117,39,,1,,5551
8118,39,,1,,5552
8119,39,,1,,5553
8120,67,,1,,5554
8121,36,,1,,5555
8122,39,,1,,5556
8123,39,,1,,5557
8124,39,,1,,5558
8125,39,,1,,5559
8126,23,,1,,5560
8127,39,,1,,5561
8128,39,,1,,5562
8129,39,,1,,5563
8130,67,,1,,5564
8131,67,,1,,5565
8132,67,,1,,5566
8133,67,,1,,5567
8134,39,,1,,5568
8135,67,,1,,5569
8136,67,,1,,5570
8137,39,,1,,5571
8138,67,,1,,5572
8139,39,,1,,5573
8140,39,,1,,5574
8141,39,,1,,5575
8142,39,,1,,5576
8143,39,,1,,5577
8144,39,,1,,5578
8145,39,,1,,5579
8146,39,,1,,5580
8147,39,,1,,5581
8148,36,,1,,5582
8149,39,,1,,5583
8150,39,,1,,5584
8151,39,,1,,5585
8152,39,,1,,5586
8153,39,,1,,5587
8154,39,,1,,5588
8155,39,,1,,5589
8156,67,,1,,5590
8157,67,,1,,5591
8158,67,,1,,5592
8159,67,,1,,5593
8160,39,,1,,5594
8161,39,,1,,5595
8162,39,,1,,5596
8163,39,,1,,5597
8164,39,,1,,5598
8165,39,,1,,5599
8166,39,,1,,5600
8167,39,,1,,5601
8168,39,,1,,5602
8169,39,,1,,5603
8170,39,,1,,5604
8171,39,,1,,5605
8172,67,,1,,5606
8173,39,,1,,5607
8174,67,,1,,5608
8175,39,,1,,5609
8176,39,,1,,5610
8177,67,,1,,5611
8178,39,,1,,5612
8179,39,,1,,5613
8180,39,,1,,5614
8181,39,,1,,5615
8182,39,,1,,5616
8183,39,,1,,5617
8184,23,,1,,5618
8185,67,,1,,5619
8186,67,,1,,5620
8187,67,,1,,5621
8188,67,,1,,5622
8189,39,,1,,5623
8190,67,,1,,5624
8191,67,,1,,5625
8192,39,,1,,5626
8193,39,,1,,5627
8194,39,,1,,5628
8195,39,,1,,5629
8196,39,,1,,5630
8197,39,,1,,5631
8198,39,,1,,5632
8199,39,,1,,5633
8200,39,,1,,5634
8201,36,,1,,5635
8202,43,,1,,5636
8203,36,,1,,5637
8204,36,,1,,5638
8205,36,,1,,5639
8206,36,,1,,5640
8207,39,,1,,5641
8208,39,,1,,5642
8209,39,,1,,5643
8210,39,,1,,5644
8211,39,,1,,5645
8212,39,,1,,5646
8213,36,,1,,5647
8214,39,,1,,5648
8215,39,,1,,5649
8216,67,,1,,5650
8217,39,,1,,5651
8218,36,,1,,5652
8219,39,,1,,5653
8220,39,,1,,5654
8221,39,,1,,5655
8222,39,,1,,5656
8223,39,,1,,5657
8224,39,,1,,5658
8225,39,,1,,5659
8226,39,,1,,5660
8227,39,,1,,5661
8228,39,,1,,5662
8229,39,,1,,5663
8230,39,,1,,5664
8231,67,,1,,5665
8232,39,,1,,5666
8233,36,,1,,5667
8234,39,,1,,5668
8235,67,,1,,5669
8236,39,,1,,5670
8237,39,,1,,5671
8238,39,,1,,5672
8239,39,,1,,5673
8240,23,,1,,5674
8241,39,,1,,5675
8242,67,,1,,5676
8243,39,,1,,5677
8244,39,,1,,5678
8245,39,,1,,5679
8246,39,,1,,5680
8247,39,,1,,5681
8248,39,,1,,5682
8249,67,,1,,5683
8250,39,,1,,5684
8251,39,,1,,5685
8252,67,,1,,5686
8253,67,,1,,5687
8254,67,,1,,5688
8255,39,,1,,5689
8256,39,,1,,5690
8257,39,,1,,5691
8258,39,,1,,5692
8259,39,,1,,5693
8260,39,,1,,5694
8261,67,,1,,5695
8262,39,,1,,5696
8263,67,,1,,5697
8264,23,,1,,5698
8265,67,,1,,5699
8266,39,,1,,5700
8267,39,,1,,5701
8268,23,,1,,5702
8269,36,,1,,5703
8270,39,,1,,5704
8271,39,,1,,5705
8272,67,,1,,5706
8273,39,,1,,5707
8274,39,,1,,5708
8275,39,,1,,5709
8276,39,,1,,5710
8277,39,,1,,5711
8278,39,,1,,5712
8279,39,,1,,5713
8280,39,,1,,5714
8281,39,,1,,5715
8282,39,,1,,5716
8283,39,,1,,5717
8284,39,,1,,5718
8285,39,,1,,5719
8286,39,,1,,5720
8287,67,,1,,5721
8288,39,,1,,8706
8289,22,,1,,8737
8290,22,,1,,8738
8291,39,,1,,8739
8292,67,,1,,8740
8293,67,,1,,8741
8294,67,,1,,8742
8295,22,,1,,8743
8296,39,,1,,8744
8297,23,,1,,8745
8298,39,,1,,8746
8299,39,,1,,8747
8300,39,,1,,8748
8301,39,,1,,8749
8302,39,,1,,8750
8303,39,,1,,8751
8304,39,,1,,8752
8305,67,,1,,8753
8306,39,,1,,8754
8307,39,,1,,8755
8308,39,,1,,8756
8309,22,,1,,8757
8310,67,,1,,8758
8311,39,,1,,8759
8312,39,,1,,8760
8313,36,,1,,8761
8314,39,,1,,8762
8315,39,,1,,8763
8316,39,,1,,8764
8317,39,,1,,8765
8318,39,,1,,8766
8319,39,,1,,8767
8320,39,,1,,8768
8321,39,,1,,8769
8322,39,,1,,8770
8323,36,,1,,8771
8324,36,,1,,8772
8325,36,,1,,8773
8326,39,,1,,8774
8327,39,,1,,8775
8328,39,,1,,8776
8329,67,,1,,8777
8330,67,,1,,8778
8331,22,,1,,8779
8332,39,,1,,8780
8333,67,,1,,8781
8334,67,,1,,8782
8335,67,,1,,8783
8336,39,,1,,8784
8337,39,,1,,8785
8338,39,,1,,8786
8339,36,,1,,8787
8340,36,,1,,8788
8341,39,,1,,8789
8342,36,,1,,8790
8343,36,,1,,8791
8344,36,,1,,8792
8345,39,,1,,8793
8346,43,,1,,8794
8347,67,,1,,8795
8348,39,,1,,8796
8349,36,,1,,8797
8350,67,,1,,8798
8351,36,,1,,8799
8352,39,,1,,8800
8353,36,,1,,8801
8354,43,,1,,8802
8355,39,,1,,8803
8356,67,,1,,8804
8357,39,,1,,8805
8358,39,,1,,8806
8359,22,,1,,8807
8360,13,,1,,8808
8361,23,,1,,8809
8362,39,,1,,8810
8363,39,,1,,8811
8364,39,,1,,8812
8365,39,,1,,8813
8366,23,,1,search and rescue,8814
8367,23,,1,,8815
8368,39,,1,,8816
8369,39,,1,,8817
8370,23,,1,,8818
8371,39,,1,,8819
8372,39,,1,,8820
8373,39,,1,,8821
8374,67,,1,,8822
8375,39,,1,,8823
8376,39,,1,,8824
8377,39,,1,,8825
8378,39,,1,,8826
8379,39,,1,,8827
8380,39,,1,,8828
8381,67,,1,,8829
8382,67,,1,,8830
8383,39,,1,,8831
8384,36,,1,,8832
8385,39,,1,,8833
8386,22,,1,,8834
8387,36,,1,,8835
8388,36,,1,,8836
8389,39,,1,,8837
8390,36,,1,,8838
8391,36,,1,,8839
8392,39,,1,,8840
8393,67,,1,,8841
8394,36,,1,,8842
8395,36,,1,,8843
8396,36,,1,,8844
8397,36,,1,,8845
8398,36,,1,,8846
8399,39,,1,,8847
8400,36,,1,,8848
8401,36,,1,,8849
8402,39,,1,,8850
8403,36,,1,,8851
8404,36,,1,,8852
8405,36,,1,,8853
8407,67,,1,,8854
8408,36,,1,,8855
8409,36,,1,,8856
8410,36,,1,,8857
8411,67,,1,,8858
8412,36,,1,,8859
8413,36,,1,,8860
8414,67,,1,,8861
8415,36,,1,,8862
8416,36,,1,,8863
8417,36,,1,,8864
8418,36,,1,,8865
8419,36,,1,,8866
8420,36,,1,,8867
8421,36,,1,,8868
8422,36,,1,,8869
8423,36,,1,,8870
8424,36,,1,,8871
8425,36,,2,,8872
8426,67,,1,,8873
8427,67,,1,,8874
8428,67,,1,,8875
8429,36,,1,,8876
8430,36,,1,,8877
8431,36,,1,,8878
8432,36,,1,,8879
8433,67,,1,,8880
8434,36,,1,,8881
8435,36,,1,,8882
8436,36,,1,,8883
8437,36,,1,,8884
8438,67,,1,,8885
8439,36,,1,,8886
8440,36,,1,,8887
8441,36,,1,,8888
8442,36,,1,,8889
8443,36,,1,,8890
8444,36,,1,,8891
8445,36,,1,,8892
8446,36,,1,,8893
8447,67,,1,,8894
8448,39,,1,,8895
8449,25,,1,,8896
8450,36,,1,,8897
8451,36,,1,,8898
8452,36,,1,,8899
8453,36,,1,,8900
8454,67,,1,,8901
8455,36,,1,,8902
8456,25,,1,,8903
8457,36,,1,,8904
8458,36,,1,,8905
8459,36,,1,,8906
8460,36,,1,,8907
8461,36,,1,,8908
8462,36,,1,,8909
8463,36,,1,,8910
8464,36,,1,,8911
8465,36,,1,,8912
8466,36,,1,,8913
8467,36,,1,,8914
8468,36,,1,,8915
8469,39,,1,,8916
8470,36,,1,,8917
8471,36,,1,,8918
8472,36,,1,,8919
8473,36,,1,,8920
8474,39,,1,,8921
8475,39,,1,,8922
8476,39,,1,,8923
8477,36,,1,,8924
8478,36,,1,,8925
8479,39,,1,,8926
8480,39,,1,,8927
8481,36,,1,,8928
8482,36,,1,,8929
8483,39,,1,,8930
8484,39,,1,,8931
8485,67,,1,,8932
8486,39,,1,,8933
8487,36,,1,,8934
8488,39,,1,,8935
8489,22,,1,,8936
8490,36,,1,,8937
8491,36,,1,,8938
8492,39,,1,,8939
8493,25,,1,,8940
8494,36,,1,,8941
8495,39,,1,,8942
8496,67,,1,,8943
8497,36,,1,,8944
8498,36,,1,,8945
8499,36,,1,,8946
8500,36,,1,,8947
8501,36,,1,,8948
8502,39,,1,,8949
8503,36,,1,,8950
8504,36,,1,,8951
8505,39,,1,,8952
8506,36,,1,,8953
8507,36,,1,,8954
8508,36,,1,,8955
8509,67,,1,,8956
8510,36,,1,,8957
8511,36,,1,,8958
8512,36,,1,,8959
8513,67,,1,,8960
8514,36,,1,,8961
8515,36,,1,,8962
8516,67,,1,,8963
8517,36,,1,,8964
8518,36,,1,,8965
8519,36,,1,,8966
8520,36,,1,,8967
8521,36,,1,,8968
8522,36,,1,,8969
8523,36,,1,,8970
8524,36,,1,,8971
8525,36,,1,,8972
8526,36,,1,,8973
8527,36,,1,,8974
8528,67,,1,,8975
8529,67,,1,,8976
8530,67,,1,,8977
8531,36,,1,,8978
8532,36,,1,,8979
8533,36,,1,,8980
8534,36,,1,,8981
8535,67,,1,,8982
8536,36,,1,,8983
8537,36,,1,,8984
8538,36,,1,,8985
8539,36,,1,,8986
8540,67,,1,,8987
8541,36,,1,,8988
8542,36,,1,,8989
8543,36,,1,,8990
8544,36,,1,,8991
8545,36,,1,,8992
8546,36,,1,,8993
8547,36,,1,,8994
8548,36,,1,,8995
8549,67,,1,,8996
8550,39,,1,,8997
8551,25,,1,,8998
8552,36,,1,,8999
8553,36,,1,,9000
8554,36,,1,,9001
8555,36,,1,,9002
8556,67,,1,,9003
8557,36,,1,,9004
8558,36,,1,,9005
8559,36,,1,,9006
8560,36,,1,,9007
8561,36,,1,,9008
8562,36,,1,,9009
8563,36,,1,,9010
8564,36,,1,,9011
8565,36,,1,,9012
8566,36,,1,,9013
8567,36,,1,,9014
8568,36,,1,,9015
8569,36,,1,,9016
8570,36,,1,,9017
8571,39,,1,,9018
8572,36,,1,,9019
8573,36,,1,,9020
8574,36,,1,,9021
8575,36,,1,,9022
8576,39,,1,,9023
8577,36,,1,,9024
8578,39,,1,,9025
8579,36,,1,,9026
8580,36,,1,,9027
8581,39,,1,,9028
8582,39,,1,,9029
8583,36,,1,,9030
8584,36,,1,,9031
8585,39,,1,,9032
8586,39,,1,,9033
8587,67,,1,,9034
8588,39,,1,,9035
8589,36,,1,,9036
8590,39,,1,,9037
8591,22,,1,,9038
8592,36,,1,,9039
8593,36,,1,,9040
8594,39,,1,,9041
8595,36,,1,,9042
8596,36,,1,,9043
8597,39,,1,,9044
8598,67,,1,,9045
8599,36,,1,,9046
8600,36,,1,,9047
8601,36,,1,,9048
8602,36,,1,,9049
8603,36,,1,,9050
8604,39,,1,,9051
8605,36,,1,,9052
8606,36,,1,,9053
8607,39,,1,,9054
8608,36,,1,,9055
8609,36,,1,,9056
8610,36,,1,,9057
8611,67,,1,,9058
8612,36,,1,,9059
8613,36,,1,,9060
8614,36,,1,,9061
8615,67,,1,,9062
8616,36,,1,,9063
8617,36,,1,,9064
8618,67,,1,,9065
8619,36,,1,,9066
8620,36,,1,,9067
8621,36,,1,,9068
8622,36,,1,,9069
8623,36,,1,,9070
8624,36,,1,,9071
8625,36,,1,,9072
8626,36,,1,,9073
8627,36,,1,,9074
8628,36,,1,,9075
8629,36,,1,,9076
8630,67,,1,,9077
8631,67,,1,,9078
8632,67,,1,,9079
8633,36,,1,,9080
8634,36,,1,,9081
8635,36,,1,,9082
8636,36,,1,,9083
8637,67,,1,,9084
8638,36,,1,,9085
8639,36,,1,,9086
8640,36,,1,,9087
8641,36,,1,,9088
8642,67,,1,,9089
8643,36,,1,,9090
8644,36,,1,,9091
8645,36,,1,,9092
8646,36,,1,,9093
8647,36,,1,,9094
8648,36,,1,,9095
8649,36,,1,,9096
8650,36,,1,,9097
8651,67,,1,,9098
8652,39,,1,,9099
8653,25,,1,,9100
8654,36,,1,,9101
8655,36,,1,,9102
8656,36,,1,,9103
8657,36,,1,,9104
8659,67,,1,,9105
8660,36,,1,,9106
8661,36,,1,,9107
8662,36,,1,,9108
8663,36,,1,,9109
8664,36,,1,,9110
8665,36,,1,,9111
8666,36,,1,,9112
8667,36,,1,,9113
8668,36,,1,,9114
8669,36,,1,,9115
8670,36,,1,,9116
8671,36,,1,,9117
8672,36,,1,,9118
8673,36,,1,,9119
8674,39,,1,,9120
8675,36,,1,,9121
8676,36,,1,,9122
8677,36,,1,,9123
8678,36,,1,,9124
8679,39,,1,,9125
8680,36,,1,,9126
8681,39,,1,,9127
8682,36,,1,,9128
8683,36,,1,,9129
8684,39,,1,,9130
8685,39,,1,,9131
8686,36,,1,,9132
8687,36,,1,,9133
8688,39,,1,,9134
8689,39,,1,,9135
8690,67,,1,,9136
8691,39,,1,,9137
8692,39,,1,,9138
8693,36,,1,,9139
8694,67,,1,,9140
8695,39,,1,,9141
8696,36,,1,,9142
8697,43,,1,,9143
8698,39,,1,,9144
8699,39,,1,,9145
8700,39,,1,,9146
8701,43,,1,,9147
8702,69,,1,,9148
8703,69,,1,,9149
8704,39,,1,,9150
8705,43,,1,,9151
8706,43,,1,,9152
8707,43,,1,,9153
8708,36,,1,,9154
8709,36,,1,,9155
8710,39,,1,,9156
8711,39,,1,,9157
8712,39,,1,,9158
8713,39,,1,,9159
8714,39,,1,,9160
8715,23,,1,,9161
8716,43,,1,,9162
8717,36,,1,,9163
8718,36,,1,,9164
8719,43,,1,,9165
8720,39,,1,,9166
8721,43,,1,,9167
8722,43,,1,,9168
8723,43,,1,,9169
8724,43,,1,,9170
8725,43,,1,,9171
8726,39,,1,,9172
8727,39,,1,,9173
8728,36,,1,,9174
8729,36,,1,,9175
8730,36,,1,,9176
8731,36,,1,,9177
8732,39,,1,,9178
8733,39,,1,,9179
8734,43,,1,,9180
8735,43,,1,,9181
8736,43,,1,,9182
8737,23,,1,,9183
8738,39,,1,,9184
8739,39,,1,,9185
8740,39,,1,,9186
8741,67,,1,,9187
8742,39,,1,,9188
8743,39,,1,,9189
8744,39,,1,,9190
8745,36,,1,,9191
8746,36,,1,,9192
8747,36,,1,,9193
8748,36,,1,,9194
8749,36,,1,,9195
8750,36,,1,,9196
8751,36,,1,,9197
8752,36,,1,,9198
8753,36,,1,,9199
8754,36,,1,,9200
8755,36,,1,,9201
8756,36,,1,,9202
8757,36,,1,,9203
8758,36,,1,,9204
8759,36,,1,,9205
8760,36,,1,,9206
8761,39,,1,,9207
8762,39,,1,,9208
8763,39,,1,,9209
8764,43,,1,,9210
8765,39,,1,,9211
8766,23,,1,,9212
8767,13,,1,,9213
8768,36,,1,,9214
8769,39,,1,,9215
8770,39,,1,,9216
8771,39,,1,,9217
8772,39,,1,,9218
8773,66,,1,,9219
8774,66,,1,,9220
8775,23,,1,,9221
8776,43,,1,,9222
8777,39,,1,,9223
8778,39,,1,,9224
8779,69,,1,,9225
8780,39,,1,,9226
8781,43,,1,,9227
8782,39,,1,,9228
8783,39,,1,,9229
8784,39,,1,,9230
8785,39,,1,,9231
8786,39,,1,,9232
8787,39,,1,,9233
8788,39,,1,,9234
8789,39,,1,,9235
8790,36,,1,,9236
8791,39,,1,,9237
8792,39,,1,,9238
8793,36,,1,,9239
8794,36,,1,,9240
8795,36,,1,,9241
8796,36,,1,,9242
8797,36,,1,,9243
8798,43,,1,,9244
8799,39,,1,,9245
8800,36,,1,,9246
8801,36,,1,,9247
8802,39,,1,,9248
8803,36,,1,,9249
8804,36,,1,,9250
8805,23,,1,,9251
8806,13,,1,,9252
8807,39,,1,,9253
8808,67,,1,,9254
8809,23,,1,,9255
8810,39,,1,,9256
8811,39,,1,,9257
8812,69,,1,,9258
8813,69,,1,,9259
8814,39,,1,,9260
8815,39,,1,,9261
8816,39,,1,,9262
8817,39,,1,,9263
8818,23,,1,,9264
8819,39,,1,,9265
8820,39,,1,,9266
8821,39,,1,,9267
8822,36,,1,,9268
8823,36,,1,,9269
8824,36,,1,,9270
8825,36,,1,,9271
8826,36,,1,,9272
8827,67,,1,,9273
8828,39,,1,,9274
8829,39,,1,,9275
8830,39,,1,,9276
8831,39,,1,,9277
8832,39,,1,,9278
8833,39,,1,,9279
8834,39,,1,,9280
8835,23,,1,,9281
8836,23,,1,,9282
8837,39,,1,,9283
8838,39,,1,,9284
8839,39,,1,,9285
8840,39,,1,,9286
8841,39,,1,,9287
8842,39,,1,,9288
8843,39,,1,,9289
8844,43,,1,,9290
8845,39,,1,,9291
8846,69,,1,,9292
8847,69,,1,,9293
8848,39,,1,,9294
8849,36,,1,,9295
8850,36,,1,,9296
8851,36,,1,,9297
8852,36,,1,,9298
8853,36,,1,,9299
8854,36,,1,,9300
8855,36,,1,,9301
8856,43,,1,,9302
8857,39,,1,,9303
8858,39,,1,,9304
8859,39,,1,,9305
8860,39,,1,,9306
8861,69,,1,,9307
8862,36,,1,,9308
8863,39,,1,,9309
8864,39,,1,,9310
8865,39,,1,,9311
8866,36,,1,,9312
8867,36,,1,,9313
8868,36,,1,,9314
8869,67,,1,,9315
8870,67,,1,,9316
8871,67,,1,,9317
8872,67,,1,,9318
8873,67,,1,,9319
8874,36,,1,,9320
8875,67,,1,,9321
8876,67,,1,,9322
8877,67,,1,,9323
8878,43,,1,,9324
8879,39,,1,,9325
8880,39,,1,,9326
8881,23,,1,,9327
8882,39,,1,,9328
8883,39,,1,,9329
8884,66,,1,,9330
8885,39,,1,,9331
8886,43,,1,,9332
8887,43,,1,,9333
8888,43,,1,,9334
8889,36,,1,,9335
8890,36,,1,,9336
8891,36,,1,,9337
8892,43,,1,,9338
8893,43,,1,,9339
8894,43,,1,,9340
8895,43,,1,,9341
8896,36,,1,,9342
8897,69,,1,,9343
8898,69,,1,,9344
8899,69,,1,,9345
8900,67,,1,,9346
8901,39,,1,,9347
8902,39,,1,,9348
8903,43,,1,,9349
8904,43,,1,,9350
8905,36,,1,,9351
8906,39,,1,,9352
8907,43,,1,,9353
8908,39,,1,,9354
8909,66,,1,,9355
8910,43,,1,,9356
8911,43,,1,,9357
8912,13,,1,,9358
8913,43,,1,,9359
8914,39,,1,,9360
8915,43,,1,,9361
8916,36,,1,,9362
8917,39,,1,,9363
8918,36,,1,,9364
8919,39,,1,,9365
8920,36,,1,,9366
8921,43,,1,,9367
8922,39,,1,,9368
8923,39,,1,,9369
8924,43,,1,,9370
8925,43,,1,,9371
8926,39,,1,,9372
8927,39,,1,,9373
8928,43,,1,,9374
8929,39,,1,,9375
8930,43,,1,,9376
8932,43,,1,,9377
8933,23,,1,,9378
8934,39,,1,,9379
8935,39,,1,,9380
8936,39,,1,,9381
8937,39,,1,,9382
8938,39,,1,,9383
8939,39,,1,,9384
8940,36,,1,,9385
8941,36,,1,,9386
8942,39,,1,,9387
8943,39,,1,,9388
8944,39,,1,,9389
8945,39,,1,,9390
8946,67,,1,,9391
8947,39,,1,,9392
8948,36,,1,,9393
8949,36,,1,,9394
8950,36,,1,,9395
8951,39,,1,,9396
8952,36,,1,,9397
8953,36,,1,,9398
8954,43,,1,,9399
8955,67,,1,,9400
8956,23,,1,,9401
8957,66,,1,,9402
8958,66,,1,,9403
8959,66,,1,,9404
8960,36,,1,,9405
8961,36,,1,,9406
8962,36,,1,,9407
8963,36,,1,,9408
8964,36,,1,,9409
8965,36,,1,,9410
8966,23,,1,,9411
8967,39,,1,,9412
8968,39,,1,,9413
8969,39,,1,,9414
8970,36,,1,,9415
8971,36,,1,,9416
8972,36,,1,,9417
8973,39,,1,,9418
8974,39,,1,,9419
8975,39,,1,,9420
8976,39,,1,,9421
8977,39,,1,,9422
8978,39,,1,,9423
8979,43,,1,,9424
8980,43,,1,,9425
8981,36,,1,,9426
8982,36,,1,,9427
8983,39,,1,,9428
8984,39,,1,,9429
8985,39,,1,,9430
8986,39,,1,,9431
8987,39,,1,,9432
8988,36,,1,,9433
8989,36,,1,,9434
8990,36,,1,,9435
8991,39,,1,,9436
8992,39,,1,,9437
8993,39,,1,,9438
8994,36,,1,,9439
8995,39,,1,,9440
8996,39,,1,,9441
8997,43,,1,,9442
8998,39,,1,,9443
8999,39,,1,,9444
9000,23,,1,,9445
9001,39,,1,,9446
9002,39,,1,,9447
9003,39,,1,,9448
9004,39,,1,,9449
9005,23,,1,,9450
9006,39,,1,,9451
9007,39,,1,,9452
9008,39,,1,,9453
9009,39,,1,,9454
9010,39,,1,,9455
9011,39,,1,,9456
9012,39,,1,,9457
9013,39,,1,,9458
9014,39,,1,,9459
9015,36,,1,,9460
9016,43,,1,,9461
9017,39,,1,,9462
9018,39,,1,,9463
9019,39,,1,,9464
9020,39,,1,,9465
9021,36,,1,,9468
9022,23,,1,,9469
9023,39,,1,,9470
9024,39,,1,,9471
9025,39,,1,,9472
9026,43,,1,,9473
9027,36,,1,,9474
9028,36,,1,,9475
9029,39,,1,,9476
9030,43,,1,,9477
9031,39,,1,,9478
9032,39,,1,,9479
9033,69,,1,,9480
9034,39,,1,,9481
9035,69,,1,,9482
9036,39,,1,,9483
9037,43,,1,,9484
9038,39,,1,,9485
9039,67,,1,,9486
9040,22,,1,,9487
9041,39,,1,,9488
9042,39,,1,,9489
9043,39,,1,,9490
9044,39,,1,,9491
9045,39,,1,,9492
9046,39,,1,,9493
9047,39,,1,,9494
9048,39,,1,,9495
9049,69,,1,,9496
9050,39,,1,,9497
9051,39,,1,,9498
9052,39,,1,,9499
9053,66,,1,,9500
9054,39,,1,,9501
9055,39,,1,,9502
9056,36,,1,,9503
9057,39,,1,,9504
9058,39,,1,,9505
9059,25,,1,,9506
9060,25,,1,,9507
9061,25,,1,,9508
9062,25,,1,,9509
9063,25,,1,,9510
9064,25,,1,,9511
9065,13,,1,,9512
9066,39,,1,,9513
9067,39,,1,,9514
9068,36,,1,,9515
9069,39,,1,,9516
9070,36,,1,,9517
9071,67,,1,,9518
9072,67,,1,,9519
9073,39,,1,,9520
9074,36,,1,,9521
9075,39,,1,,9522
9076,39,,1,,9523
9077,39,,1,,9524
9078,69,,1,,9525
9079,69,,1,,9526
9080,39,,1,,9527
9081,39,,1,,9528
9082,39,,1,,9529
9083,66,,1,,9530
9084,39,,1,,9531
9085,36,,1,,9532
9086,39,,1,,9533
9087,39,,1,,9534
9088,36,,1,,9535
9089,36,,1,,9536
9090,36,,1,,9537
9091,69,,1,,9538
9092,69,,1,,9539
9093,59,,1,,9540
9094,63,,1,,9541
9095,63,,1,,9542
9096,63,,1,,9543
9097,63,,1,,9544
9098,39,,1,,9545
9099,63,,1,,9546
9100,63,,1,,9547
9101,69,,1,,9548
9102,69,,1,,9549
9103,36,,1,,9550
9104,36,,1,,9551
9105,36,,1,,9552
9106,36,,1,,9553
9107,36,,1,,9554
9108,36,,1,,9555
9109,36,,1,,9556
9110,39,,1,,9557
9111,39,,1,,9558
9112,63,,1,,9559
9113,36,,1,,9560
9114,25,,1,,9561
9115,41,,1,,9562
9116,39,,1,,9563
9117,23,,1,,9564
9118,36,,1,,9565
9119,25,,1,,9566
9120,39,,1,,9567
9121,39,,1,,9568
9122,39,,1,,9569
9123,39,,1,,9570
9124,39,,1,,9571
9125,39,,1,,9572
9126,36,,1,,9573
9127,39,,1,,9574
9128,59,,1,,9575
9129,36,,1,,9576
9130,69,,1,,9577
9131,69,,1,,9578
9132,63,,1,,9579
9133,39,,1,,9580
9134,39,,1,,9581
9135,39,,1,,9582
9136,39,,1,,9583
9137,8,,1,,9584
9138,67,,1,,9585
9139,63,,1,,9586
9140,63,,1,,9587
9141,63,,1,,9588
9142,69,,1,,9589
9143,69,,1,,9590
9144,39,,1,,9591
9145,39,,1,,9592
9146,39,,1,,9593
9147,39,,1,,9594
9148,43,,1,,9595
9149,67,,1,,9596
9150,39,,1,,9597
9151,39,,1,,9598
9152,39,,1,,9599
9153,36,,1,,9600
9154,36,,1,,9601
9155,43,,1,,9602
9156,43,,1,,9603
9157,43,,1,,9604
9158,41,,1,,9605
9159,39,,1,,9606
9160,67,,1,,9607
9161,59,,1,,9608
9162,67,,1,,9609
9163,67,,1,,9610
9164,67,,1,,9611
9165,43,,1,,9612
9166,59,,1,,9613
9167,67,,1,,9614
9168,67,,1,,9615
9169,67,,1,,9616
9170,67,,1,,9617
9171,67,,1,,9618
9172,69,,1,,9619
9173,69,,1,,9620
9174,39,,1,,9621
9175,39,,1,,9622
9176,69,,1,,9623
9177,36,,1,,9624
9178,69,,1,,9625
9179,39,,1,,9626
9180,13,,1,,9627
9181,36,,1,,9628
9182,39,,1,,9629
9183,23,,1,,9630
9184,39,,1,,9631
9185,39,,1,,9632
9186,39,,1,,9633
9187,59,,1,,9634
9188,59,,1,,9635
9189,59,,1,,9636
9190,63,,1,,9637
9191,63,,1,,9638
9192,63,,1,,9639
9193,63,,1,,9640
9194,69,,1,,9641
9195,69,,1,,9642
9196,69,,1,,9643
9197,69,,1,,9644
9198,69,,1,,9645
9199,39,,1,,9646
9200,39,,1,,9647
9201,69,,1,,9648
9202,23,,1,,9649
9203,69,,1,,9650
9204,69,,1,,9651
9205,39,,1,,9652
9206,41,,1,,9653
9207,39,,1,,9654
9208,39,,1,,9655
9209,39,,1,,9656
9210,43,,1,,9657
9211,39,,1,,9658
9212,39,,1,,9659
9213,39,,1,,9660
9214,43,,1,,9661
9215,36,,1,,9662
9216,13,,1,,9663
9217,43,,1,,9664
9218,36,,1,,9665
9219,39,,1,,9666
9220,39,,1,,9667
9221,22,,1,,9668
9222,41,,1,,9669
9223,36,,1,,9670
9224,39,,1,,9671
9225,36,,1,,9672
9226,39,,1,,9673
9227,39,,1,,9674
9228,36,,1,,9675
9229,36,,1,,9676
9230,36,,1,,9677
9231,36,,1,,9678
9232,36,,1,,9679
9233,36,,1,,9680
9234,36,,1,,9681
9235,36,,1,,9682
9236,39,,1,,9683
9237,39,,1,,9684
9238,67,,1,,9685
9239,39,,1,,9466
9240,39,,1,,9467
9241,39,,1,,9686
9242,39,,1,,9687
9243,36,,1,,9688
9244,39,,1,,9689
9245,39,,1,,9690
9246,39,,1,,9691
9247,22,,1,,9692
9248,41,,1,,9693
9249,39,,1,,9694
9250,41,,1,,9695
9251,41,,1,,9696
9252,41,,1,,9697
9253,41,,1,,9698
9254,39,,1,,9699
9255,69,,1,,9700
9256,69,,1,,9701
9257,39,,1,,9702
9258,39,,1,,9703
9259,13,,1,,9704
9260,41,,1,,9705
9261,39,,1,,9706
9262,69,,1,,9707
9263,69,,1,,9708
9264,36,,1,,9709
9265,36,,1,,9710
9266,36,,1,,9711
9267,36,,1,,9712
9268,36,,1,,9713
9269,67,,1,,9714
9270,13,,1,,9715
9271,36,,1,,9716
9272,39,,1,,9717
9273,43,,1,,9718
9274,39,,1,,9719
9275,39,,1,,9720
9276,36,,1,,9721
9277,36,,1,,9722
9278,36,,1,,9723
9279,36,,1,,9724
9280,22,,1,,9725
9281,43,,1,,9726
9282,39,,1,,9727
9283,39,,1,,9728
9284,39,,1,,9729
9285,39,,1,,9730
9286,39,,1,,9731
9287,36,,1,,9732
9288,36,,1,,9733
9289,39,,1,,9734
9290,25,,1,,9735
9291,43,,1,,9736
9292,43,,1,,9737
9293,43,,1,,9738
9294,39,,1,,9739
9295,43,,1,,9740
9296,25,,1,,9741
9297,67,,1,,9742
9298,36,,1,,9743
9299,36,,1,,9744
9300,36,,1,,9745
9301,39,,1,,9746
9302,36,,1,,9747
9303,43,,1,,9748
9304,39,,1,,9749
9305,43,,1,,9750
9306,41,,1,,9751
9307,43,,1,,9752
9308,36,,1,,9753
9309,36,,5,,9754
9310,36,,3,,9755
9311,36,,1,,9756
9312,36,,1,,9757
9313,43,,1,,9758
9314,39,,1,,9759
9315,39,,1,,9760
9316,43,,1,,9761
9317,43,,1,,9762
9318,67,,1,,9763
9319,39,,1,,9764
9320,43,,1,,9765
9321,25,,1,,9766
9322,36,,1,,9767
9323,22,,1,,9768
9324,25,,1,,9769
9325,36,,1,,9770
9326,39,,1,,9771
9327,23,,1,,9772
9328,39,,1,,9773
9329,39,,1,,9774
9330,39,,1,,9775
9331,39,,1,,9776
9332,39,,1,,9777
9333,39,,1,,9778
9334,67,,1,,9779
9335,43,,1,,9780
9336,36,,1,,9781
9337,69,,1,,9782
9338,69,,1,,9783
9339,66,,1,,9784
9340,39,,1,,9785
9341,36,,1,,9786
9342,36,,1,,9787
9343,36,,1,,9788
9344,36,,1,,9789
9345,36,,1,,9790
9346,67,,1,,9791
9347,39,,1,,9792
9348,39,,1,,9793
9349,39,,1,,9794
9350,36,,1,,9795
9351,69,,1,,9796
9352,69,,1,,9797
9353,39,,1,,9798
9354,43,,1,,9799
9355,36,,1,,9800
9356,36,,1,,9801
9357,36,,1,,9802
9358,36,,1,,9803
9359,25,,1,,9804
9360,36,,1,,9805
9361,69,,1,,9806
9362,69,,1,,9807
9363,43,,1,,9808
9364,43,,1,,9809
9365,36,,1,,9810
9366,39,,1,,9811
9367,39,,1,,9812
9368,25,,1,,9813
9369,39,,1,,9814
9370,39,,1,,9815
9371,39,,1,,9816
9372,67,,1,,9817
9373,36,,1,,9818
9374,36,,1,,9819
9375,39,,1,,9820
9376,13,,1,,9821
9377,43,,1,,9822
9378,69,,1,,9823
9379,69,,1,,9824
9380,67,,1,,9825
9381,69,,1,,9826
9382,69,,1,,9827
9383,69,,1,,9828
9384,69,,1,,9829
9385,69,,1,,9830
9386,23,,1,,9831
9387,39,,1,,9832
9388,36,,1,,9833
9389,36,,1,,9834
9390,69,,1,,9835
9391,39,,1,,9836
9392,39,,1,,9837
9393,69,,1,,9838
9394,69,,1,,9839
9395,13,,1,,9840
9396,69,,1,,9841
9397,69,,1,,9842
9398,43,,1,,9843
9399,67,,1,,9844
9400,69,,1,,9845
9401,69,,1,,9846
9402,36,,1,,9847
9403,39,,1,,9848
9404,67,,1,,9849
9405,43,,1,,9850
9406,59,,1,,9851
9407,39,,1,,9852
9408,39,,1,,9853
9409,43,,1,,9854
9410,36,,1,,9855
9411,39,,1,,9856
9412,43,,1,,9857
9413,43,,1,,9858
9414,23,,1,,9859
9415,39,,1,,9860
9416,39,,1,,9861
9417,39,,1,,9862
9418,39,,1,,9863
9419,39,,1,,9864
9420,67,,1,,9865
9421,67,,1,,9866
9422,36,,1,,9867
9423,36,,1,,9868
9424,36,,1,,9869
9425,39,,1,,9870
9426,36,,1,,9871
9427,36,,1,,9872
9428,43,,1,,9873
9429,39,,1,,9874
9430,39,,1,,9875
9431,39,,1,,9876
9432,39,,1,,9877
9433,13,,1,,9878
9434,69,,1,,9879
9435,69,,1,,9880
9436,39,,1,,9881
9437,39,,1,,9882
9438,67,,1,,9883
9439,67,,1,,9884
9440,67,,1,,9885
9441,39,,1,,9886
9442,39,,1,,9887
9443,39,,1,,9888
9444,39,,1,,9889
9445,39,,1,,9890
9446,44,,1,,9891
9447,44,,1,,9892
9448,39,,1,,9893
9449,43,,1,,9894
9450,69,,1,,9895
9451,69,,1,,9896
9452,43,,1,,9897
9453,39,,1,,9898
9454,23,,1,,9899
9455,41,,1,,9900
9456,39,,1,,9901
9457,39,,1,,9902
9458,67,,1,,9903
9459,39,,1,,9904
9460,39,,1,,9905
9461,67,,1,,9906
9462,36,,1,,9907
9463,39,,1,,9908
9464,39,,1,,9909
9465,39,,1,,9910
9466,39,,1,,9911
9467,41,,1,,9912
9468,23,,1,,9913
9469,69,,1,,9914
9470,69,,1,,9915
9471,39,,1,,9916
9472,23,,1,,9917
9473,39,,1,,9918
9474,39,,1,,9919
9475,39,,1,,9920
9476,36,,1,,9921
9477,39,,1,,9922
9478,39,,1,,9923
9479,23,,1,,9924
9480,39,,1,,9925
9481,39,,1,,9926
9482,39,,1,,9927
9483,39,,1,,9928
9484,67,,1,,9929
9485,39,,1,,9930
9486,23,,1,,9931
9487,23,,1,,9932
9488,39,,1,,9933
9489,39,,1,,9934
9490,39,,1,,9935
9491,39,,1,,9936
9492,36,,1,,9937
9493,39,,1,,9938
9494,39,,1,,9939
9495,39,,1,,9940
9496,39,,1,,9941
9497,39,,1,,9942
9498,39,,1,,9943
9499,67,,1,,9944
9500,39,,1,,9945
9501,39,,1,,9946
9502,39,,1,,9947
9503,39,,1,,9948
9504,39,,1,,9949
9505,12,,1,,9950
9506,39,,1,,9951
9507,39,,1,,9952
9508,39,,1,,9953
9509,39,,1,,9954
9510,43,,1,,9955
9511,39,,1,,9956
9512,36,,1,,9957
9513,36,,1,,9958
9514,39,,1,,9959
9515,23,,1,,9960
9516,39,,1,,9961
9517,39,,1,,9962
9518,39,,1,,9963
9519,67,,1,,9964
9520,23,,1,,9965
9521,39,,1,,9966
9522,39,,1,,9967
9523,39,,1,,9968
9524,39,,1,,9969
9525,39,,1,,9970
9526,39,,1,,9971
9527,36,,1,,9972
9528,69,,1,,9973
9529,69,,1,,9974
9530,39,,1,,9975
9531,39,,1,,9976
9532,39,,1,,9977
9533,39,,1,,9978
9534,23,,1,,9979
9535,36,,1,,9980
9536,36,,1,,9981
9537,39,,1,,9982
9538,39,,1,,9983
9539,39,,1,,9984
9540,36,,1,,9985
9541,36,,1,,9986
9542,36,,1,,9987
9543,36,,1,,9988
9544,41,,1,,9989
9545,39,,1,,9990
9546,43,,1,,9991
9547,43,,1,,9992
9548,67,,1,,9993
9549,39,,1,,9994
9550,39,,1,,9995
9551,39,,1,,9996
9552,39,,1,,9997
9553,23,,1,,9998
9554,39,,1,,9999
9555,43,,1,,10000
9556,39,,1,,10001
9557,39,,1,,10002
9558,39,,1,,10003
9559,69,,1,,10004
9560,69,,1,,10005
9561,43,,1,,10006
9562,43,,1,,10007
9563,42,,1,,10008
9564,43,,1,,10009
9565,23,,1,,10010
9566,23,,1,,10011
9567,39,,1,,10012
9568,39,,1,,10013
9569,23,,1,,10014
9570,39,,1,,10015
9571,39,,1,,10016
9572,39,,1,,10017
9573,43,,1,,10018
9574,41,,1,,10019
9575,39,,1,,10020
9576,43,,1,,10021
9577,43,,1,,10022
9578,43,,1,,10023
9579,39,,1,,10024
9580,43,,1,,10025
9581,67,,1,,10026
9582,39,,1,,10027
9583,39,,1,,10028
9584,39,,1,,10029
9585,39,,1,,10030
9586,39,,1,,10031
9587,39,,1,,10032
9588,39,,1,,10033
9589,67,,1,,10034
9590,43,,1,,10035
9591,39,,1,,10036
9592,39,,1,,10037
9593,39,,1,,10038
9594,36,,1,,10039
9595,36,,1,,10040
9596,39,,1,,10041
9597,39,,1,,10042
9598,41,,1,,10043
9599,66,,1,,10044
9600,39,,1,,10045
9601,67,,1,,10046
9602,39,,1,,10047
9603,39,,1,,10048
9604,39,,1,,10049
9605,39,,1,,10050
9606,39,,1,,10051
9607,39,,1,,10052
9608,39,,1,,10053
9609,39,,1,,10054
9610,39,,1,,10055
9611,39,,1,,10056
9612,39,,1,,10057
9613,59,,1,,10058
9614,67,,1,,10059
9615,39,,1,,10060
9616,39,,1,,10061
9617,39,,1,,10062
9618,39,,1,,10063
9619,67,,1,,10064
9620,39,,1,,10065
9621,39,,1,,10066
9622,39,,1,,10067
9623,69,,1,,10068
9624,67,,1,,10069
9625,39,,1,,10070
9626,39,,1,,10071
9627,39,,1,,10072
9628,39,,1,,10073
9629,39,,1,,10074
9630,23,,1,,10075
9631,39,,1,,10076
9632,39,,1,,10077
9633,39,,1,,10078
9634,39,,1,,10079
9635,69,,1,,10080
9636,69,,1,,10081
9637,39,,1,,10082
9638,39,,1,,10083
9639,22,,1,,10084
9640,69,,1,,10085
9641,69,,1,,10086
9642,39,,1,,10087
9643,23,,1,,10088
9644,23,,1,,10089
9645,23,,1,,10090
9647,39,,1,,10091
9648,39,,1,,10092
9649,39,,1,,10093
9650,39,,1,,10094
9651,39,,1,,10095
9652,39,,1,,10096
9653,39,,1,,10097
9654,67,,1,,10098
9655,39,,1,,10099
9656,39,,1,,10100
9657,39,,1,,10101
9658,39,,1,,10102
9659,36,,1,,10103
9660,39,,1,,10104
9661,39,,1,,10105
9662,39,,1,,10106
9663,39,,1,,10107
9664,39,,1,,10108
9665,39,,1,,10109
9666,39,,1,,10110
9667,39,,1,,10111
9668,39,,1,,10112
9669,39,,1,,10113
9670,39,,1,,10114
9671,39,,1,,10115
9672,39,,1,,10116
9673,39,,1,,10117
9674,39,,1,,10118
9675,39,,1,,10119
9676,39,,1,,10120
9677,39,,1,,10121
9678,39,,1,,10122
9679,67,,1,,10123
9680,39,,1,,10124
9681,36,,1,,10125
9682,67,,1,,10126
9683,67,,1,,10127
9684,36,,1,,10128
9685,25,,1,,10129
9686,39,,1,,10130
9687,39,,1,,10131
9688,39,,1,,10132
9689,39,,1,,10133
9690,39,,1,,10134
9691,39,,1,,10135
9692,67,,1,,10136
9693,41,,1,,10137
9694,67,,1,,10138
9695,67,,1,,10139
9696,67,,1,,10140
9697,39,,1,,10141
9698,39,,1,,10142
9699,39,,1,,10143
9700,39,,1,,10144
9701,39,,1,,10145
9702,39,,1,,10146
9703,39,,1,,10147
9704,39,,1,,10148
9705,67,,1,,10149
9706,67,,1,,10150
9707,67,,1,,10151
9708,39,,1,,10152
9709,39,,1,,10153
9710,39,,1,,10154
9711,39,,1,,10155
9712,39,,1,,10156
9713,39,,1,,10157
9714,67,,1,,10158
9715,67,,1,,10159
9716,39,,1,,10160
9717,39,,1,,10161
9718,67,,1,,10162
9719,39,,1,,10163
9720,39,,1,,10164
9721,39,,1,,10165
9722,39,,1,,10166
9723,39,,1,,10167
9724,39,,1,,10168
9725,39,,1,,10169
9726,39,,1,,10170
9727,39,,1,,10171
9728,39,,1,,10172
9729,39,,1,,10173
9730,39,,1,,10174
9731,39,,1,,10175
9732,39,,1,,10176
9733,39,,1,,10177
9734,39,,1,,10178
9735,39,,1,,10179
9736,39,,1,,10180
9737,39,,1,,10181
9738,39,,1,,10182
9739,39,,1,,10183
9740,39,,1,,10184
9741,39,,1,,10185
9742,39,,1,,10186
9743,39,,1,,10187
9744,39,,1,,10188
9745,39,,1,,10189
9746,39,,1,,10190
9747,39,,1,,10191
9748,39,,1,,10192
9749,39,,1,,10193
9750,39,,1,,10194
9751,39,,1,,10195
9752,39,,1,,10196
9753,39,,1,,10197
9754,39,,1,,10198
9755,39,,1,,10199
9756,39,,1,,10200
9757,39,,1,,10201
9758,43,,1,,10202
9759,43,,1,,10203
9760,36,,1,,10204
9761,36,,1,,10205
9762,43,,1,,10206
9763,43,,1,,10207
9764,43,,1,,10208
9765,43,,1,,10209
9766,41,,1,,10210
9767,25,,1,,10211
9768,43,,1,,10212
9769,43,,1,,10213
9770,36,,1,,10214
9771,36,,1,,10215
9772,43,,1,,10216
9773,39,,1,,10217
9774,39,,1,,10218
9775,39,,1,,10219
9776,39,,1,,10220
9777,39,,1,,10221
9778,39,,1,,10222
9779,39,,1,,10223
9780,39,,1,,10224
9781,39,,1,,10225
9782,39,,1,,10226
9783,41,,1,,10227
9784,39,,1,,10228
9785,43,,1,,10229
9786,39,,1,,10230
9787,41,,1,,10231
9788,23,,1,,10232
9789,39,,1,,10233
9790,39,,1,,10234
9791,39,,1,,10235
9792,39,,1,,10236
9793,67,,1,,10237
9794,63,,1,,10238
9795,63,,1,,10239
9796,63,,1,,10240
9797,63,,1,,10241
9798,63,,1,,10242
9799,63,,1,,10243
9800,63,,1,,10244
9801,63,,1,,10245
9802,63,,1,,10246
9803,36,,1,,10247
9804,43,,1,,10248
9805,63,,1,,10249
9806,36,,1,,10250
9807,23,,1,,10251
9808,39,,1,,10252
9809,43,,1,,10253
9810,39,,1,,10254
9811,69,,1,,10255
9812,69,,1,,10256
9813,39,,1,,10257
9814,67,,1,,10258
9815,39,,1,,10260
9816,39,,1,,10261
9817,43,,1,,10262
9818,39,,1,,10263
9819,39,,1,,10264
9820,39,,1,,10265
9821,43,,1,,10266
9822,43,,1,,10267
9823,36,,1,,10268
9824,36,,1,,10269
9825,69,,1,,10270
9826,69,,1,,10271
9827,36,,1,,10272
9828,43,,1,,10273
9829,39,,1,,10274
9830,43,,1,,10275
9831,39,,1,,10276
9832,41,,1,,10277
9833,25,,1,,10278
9834,43,,1,,10279
9835,43,,1,,10280
9836,39,,1,,10281
9837,39,,1,,10282
9838,39,,1,,10283
9839,59,,1,,10284
9840,59,,1,,10285
9841,59,,1,,10286
9842,59,,1,,10287
9843,59,,1,,10288
9844,39,,1,,10289
9845,67,,1,,10290
9846,39,,1,,10291
9847,43,,1,,10292
9848,39,,1,,10293
9849,39,,1,,10294
9850,43,,1,,10295
9851,39,,1,,10296
9852,39,,1,,10297
9853,39,,1,,10298
9854,36,,1,,10299
9855,43,,1,,10300
9856,43,,1,,10301
9857,67,,1,,10302
9858,69,,1,,10303
9859,39,,1,,10304
9860,69,,1,,10305
9861,66,,1,,10306
9862,39,,1,,10307
9863,39,,1,,10308
9864,36,,1,,10309
9865,36,,1,,10310
9866,36,,1,,10311
9867,43,,1,,10312
9868,39,,1,,10313
9869,39,,1,,10314
9870,43,,1,,10315
9871,39,,1,,10316
9872,43,,1,,10317
9873,39,,1,,10318
9874,39,,1,,10319
9875,39,,1,,10320
9876,43,,1,,10321
9877,43,,1,,10322
9878,43,,1,,10323
9879,23,,1,,10324
9880,39,,1,,10325
9881,69,,1,,10326
9882,69,,1,,10327
9883,39,,1,,10328
9884,39,,1,,10329
9885,39,,1,,10330
9886,39,,1,,10331
9887,39,,1,,10332
9888,39,,1,,10333
9889,39,,1,,10334
9890,43,,1,,10335
9891,39,,1,,10336
9892,43,,1,,10337
9893,41,,1,,10338
9894,39,,1,,10339
9895,59,,1,,10340
9896,43,,1,,10341
9897,36,,1,,10342
9898,39,,1,,10343
9899,39,,1,,10344
9900,39,,1,,10345
9901,36,,1,,10346
9902,43,,1,,10347
9903,43,,1,,10348
9904,43,,1,,10349
9905,43,,1,,10350
9906,43,,1,,10351
9907,43,,1,,10352
9908,23,,1,,10353
9909,39,,1,,10354
9910,39,,1,,10355
9911,43,,1,,10356
9912,39,,1,,10357
9913,43,,1,,10358
9914,67,,1,,10359
9915,67,,1,,10360
9916,67,,1,,10361
9917,67,,1,,10362
9918,67,,1,,10363
9919,67,,1,,10364
9920,67,,1,,10365
9921,39,,1,,10366
9922,39,,1,,10367
9923,39,,1,,10368
9924,39,,1,,10369
9925,39,,1,,10370
9926,39,,1,,10371
9927,39,,1,,10372
9928,39,,1,,10373
9929,39,,1,,10374
9930,39,,1,,10375
9931,39,,1,,10376
9932,67,,1,,10377
9933,67,,1,,10378
9934,36,,1,,10379
9935,67,,1,,10380
9936,67,,1,,10381
9937,67,,1,,10382
9938,67,,1,,10383
9939,67,,1,,10384
9940,67,,1,,10385
9941,36,,1,,10386
9942,36,,1,,10387
9943,39,,1,,10388
9944,36,,1,,10389
9945,67,,1,,10390
9946,36,,1,,10391
9947,36,,1,,10392
9948,36,,1,,10393
9949,36,,1,,10394
9950,27,,1,,10395
9951,22,,1,,10396
9952,36,,1,,10397
9953,36,,1,,10398
9954,12,,1,,10399
9955,67,,1,,10400
9956,36,,1,,10401
9957,36,,1,,10402
9958,25,,1,,10403
9959,25,,1,,10404
9960,67,,1,,10405
9961,67,,1,,10406
9962,67,,1,,10407
9963,67,,1,,10408
9964,67,,1,,10409
9965,11,,1,,10410
9966,67,,1,,10411
9967,67,,1,,10412
9968,36,,1,,10413
9969,36,,1,,10414
9970,67,,1,,10415
9971,67,,1,,10416
9972,39,,1,,10417
9973,36,,1,,10418
9974,22,,1,,10419
9975,67,,1,,10420
9976,22,,1,,10421
9977,67,,1,,10422
9978,36,,1,,10423
9979,36,,1,,10424
9980,36,,1,,10425
9981,67,,1,,10426
9982,36,,1,,10427
9983,36,,1,,10428
9984,36,,1,,10429
9985,36,,1,,10430
9986,36,,1,,10431
9987,67,,1,,10432
9988,67,,1,,10433
9989,67,,1,,10434
9990,36,,1,,10435
9991,67,,1,,10436
9992,12,,1,,10437
9993,22,,1,,10438
9994,36,,1,,10439
9995,67,,1,,10440
9996,22,,1,,10441
9997,67,,1,,10442
9998,67,,1,,10443
9999,13,,1,,10444
10000,67,,1,,10445
10001,39,,1,,10446
10003,13,,1,,10447
10004,13,,1,,10448
10005,39,,1,,10449
10006,36,,1,,10450
10007,36,,1,,10451
10008,36,,1,,10452
10009,36,,1,,10453
10010,36,,1,,10454
10011,25,,1,,10455
10012,25,,1,,10456
10013,25,,1,,10457
10014,25,,1,,10458
10015,25,,1,,10459
10016,25,,1,,10460
10017,25,,1,,10461
10018,39,,1,,10462
10019,25,,1,,10463
10020,25,,1,,10464
10021,25,,1,,10465
10022,25,,1,,10466
10023,25,,1,,10467
10024,25,,1,,10468
10025,12,,1,,10469
10026,39,,1,,10470
10027,39,,1,,10471
10028,25,,1,,10472
10029,25,,1,,10473
10030,25,,1,,10474
10031,25,,1,,10475
10032,25,,1,,10476
10033,25,,1,,10477
10034,25,,1,,10478
10035,25,,1,,10479
10036,25,,1,,10480
10037,25,,1,,10481
10038,39,,1,,10482
10039,25,,1,,10483
10040,25,,1,,10484
10041,25,,1,,10485
10042,25,,1,,10486
10043,25,,1,,10487
10044,25,,1,,10488
10045,12,,1,,10489
10046,39,,1,,10490
10047,39,,1,,10491
10048,25,,1,,10492
10049,36,,1,,10493
10050,67,,1,,10494
10051,25,,1,,10495
10052,25,,1,,10496
10053,25,,1,,10497
10054,25,,1,,10498
10055,25,,1,,10499
10056,36,,1,,10500
10057,23,,1,,10501
10058,23,,1,,10502
10059,50,,1,,10503
10060,23,,1,,10504
10061,23,,1,,10505
10062,67,,1,,10506
10064,67,,1,,10507
10065,67,,1,,10508
10066,36,,1,,10509
10067,36,,1,,10510
10068,50,,1,,10511
10069,36,,1,,10512
10070,36,,1,,10513
10071,36,,1,,10514
10072,67,,1,,10515
10073,13,,1,,10516
10074,39,,1,,10517
10075,39,,1,,10518
10076,36,,1,,10519
10077,36,,1,,10520
10078,36,,1,,10521
10079,39,,1,,10522
10080,67,,1,,10523
10081,39,,1,,10524
10082,36,,1,,10525
10083,36,,1,,10526
10084,36,,1,,10527
10085,36,,1,,10528
10086,36,,1,,10529
10087,36,,1,,10530
10088,36,,1,,10531
10089,67,,1,,10532
10090,67,,1,,10533
10091,67,,1,,10534
10092,67,,1,,10535
10093,36,,1,,10536
10094,67,,1,,10537
10095,67,,1,,10538
10096,67,,1,,10539
10097,67,,1,,10540
10098,67,,1,,10541
10099,36,,1,,10542
10100,36,,1,,10543
10101,36,,1,,10544
10102,36,,1,,10545
10103,36,,1,,10546
10104,36,,1,,10547
10105,36,,1,,10548
10106,39,,1,,10549
10107,39,,1,,10550
10108,39,,1,,10551
10109,39,,1,,10552
10110,39,,1,,10553
10111,39,,1,,10554
10112,39,,1,,10555
10113,39,,1,,10556
10114,39,,1,,10557
10115,39,,1,,10558
10116,39,,1,,10559
10117,39,,1,,10560
10118,39,,1,,10561
10119,39,,1,,10562
10120,39,,1,,10563
10121,39,,1,,10564
10122,39,,1,,10565
10123,36,,1,,10566
10124,22,,1,,10567
10125,67,,1,,10568
10126,36,,1,,10569
10127,36,,1,,10570
10128,36,,1,,10571
10129,36,,1,,10572
10130,22,,1,,10573
10131,22,,1,,10574
10132,36,,1,,10575
10133,36,,1,,10576
10134,36,,1,,10577
10135,36,,1,,10578
10136,36,,1,,10579
10137,36,,1,,10580
10138,36,,1,,10581
10139,36,,1,,10582
10140,36,,1,,10583
10141,39,,1,,10584
10142,22,,1,,10585
10143,36,,1,,10586
10144,36,,1,,10587
10145,36,,1,,10588
10146,36,,1,,10589
10147,36,,1,,10590
10148,36,,1,,10591
10149,36,,1,,10592
10150,36,,1,,10593
10151,36,,1,,10594
10152,36,,1,,10595
10153,36,,1,,10596
10154,36,,1,,10597
10155,36,,1,,10598
10156,36,,1,,10599
10157,36,,1,,10600
10158,36,,1,,10601
10159,36,,1,,10602
10160,36,,1,,10603
10161,36,,1,,10604
10162,36,,1,,10605
10163,36,,1,,10606
10164,36,,1,,10607
10165,36,,1,,10608
10166,36,,1,,10609
10167,36,,1,,10610
10168,36,,1,,10611
10169,36,,1,,10612
10170,36,,1,,10613
10171,36,,1,,10614
10172,36,,1,,10615
10173,36,,1,,10616
10174,36,,1,,10617
10175,36,,1,,10618
10176,36,,1,,10619
10177,36,,1,,10620
10178,36,,1,,10621
10179,36,,1,,10622
10180,36,,1,,10623
10181,36,,1,,10624
10182,36,,1,,10625
10183,36,,1,,10626
10184,36,,1,,10627
10185,36,,1,,10628
10186,36,,1,,10629
10187,36,,1,,10630
10188,36,,1,,10631
10189,36,,1,,10632
10190,36,,1,,10633
10191,36,,1,,10634
10192,36,,1,,10635
10193,36,,1,,10636
10194,36,,1,,10637
10195,36,,1,,10638
10196,36,,1,,10639
10197,36,,1,,10640
10198,36,,1,,10641
10199,36,,1,,10642
10200,36,,1,,10643
10201,36,,1,,10644
10202,36,,1,,10645
10203,36,,1,,10646
10204,36,,1,,10647
10206,36,,1,,10648
10207,36,,1,,10649
10208,36,,1,,10650
10209,36,,1,,10651
10210,22,,1,,10652
10211,36,,1,,10653
10212,36,,1,,10654
10213,36,,1,,10655
10214,36,,1,,10656
10215,36,,1,,10657
10216,36,,1,,10658
10217,67,,1,,10659
10218,67,,1,,10660
10219,67,,1,,10661
10220,67,,1,,10662
10221,67,,1,,10663
10222,67,,1,,10664
10223,67,,1,,10665
10224,67,,1,,10666
10225,67,,1,,10667
10226,67,,1,,10668
10227,67,,1,,10669
10228,67,,1,,10670
10229,36,,1,,10671
10230,25,,1,,10672
10231,25,,1,,10673
10232,25,,1,,10674
10233,25,,1,,10675
10234,25,,1,,10676
10235,25,,1,,10677
10236,25,,1,,10678
10237,25,,1,,10679
10238,25,,1,,10680
10239,25,,1,,10681
10240,25,,1,,10682
10241,25,,1,,10683
10242,25,,1,,10684
10243,25,,1,,10685
10244,25,,1,,10686
10245,25,,1,,10687
10246,25,,1,,10688
10247,25,,1,,10689
10248,25,,1,,10690
10249,25,,1,,10691
10250,25,,1,,10692
10251,25,,1,,10693
10252,25,,1,,10694
10253,25,,1,,10695
10254,25,,1,,10696
10255,25,,1,,10697
10256,25,,1,,10698
10257,25,,1,,10699
10258,25,,1,,10700
10259,25,,1,,10701
10260,25,,1,,10702
10261,25,,1,,10703
10262,25,,1,,10704
10263,25,,1,,10705
10264,25,,1,,10706
10265,25,,1,,10707
10266,25,,1,,10708
10267,25,,1,,10709
10268,25,,1,,10710
10269,25,,1,,10711
10270,25,,1,,10712
10271,22,,1,,10713
10272,67,,1,,10714
10273,67,,1,,10715
10274,67,,1,,10716
10275,67,,1,,10717
10276,67,,1,,10718
10277,67,,1,,10719
10278,67,,1,,10720
10279,67,,1,,10721
10280,67,,1,,10722
10281,67,,1,,10723
10282,25,,1,,10724
10283,39,,1,,10725
10284,25,,1,,10726
10285,25,,1,,10727
10286,25,,1,,10728
10287,25,,1,,10729
10288,25,,1,,10730
10289,25,,1,,10731
10290,25,,1,,10732
10291,25,,1,,10733
10292,39,,1,,10259
10293,25,,1,,10734
10294,25,,1,,10735
10295,25,,1,,10736
10296,25,,1,,10737
10297,25,,1,,10738
10298,25,,1,,10739
10299,25,,1,,10740
10300,25,,1,,10741
10301,25,,1,,10742
10302,39,,1,,10743
10303,25,,1,,10744
10304,25,,1,,10745
10305,25,,1,,10746
10306,25,,1,,10747
10307,25,,1,,10748
10308,25,,1,,10749
10309,11,,1,,10750
10310,36,,1,,10751
10311,36,,1,,10752
10312,36,,1,,10753
10313,67,,1,,10754
10314,13,,1,,10755
10315,39,,1,,10756
10316,39,,1,,10757
10317,36,,1,,10758
10318,36,,1,,10759
10319,39,,1,,10761
10320,67,,1,,10762
10321,39,,1,,10763
10322,39,,1,,10764
10323,67,,1,,10765
10324,8,,1,,10766
10326,8,,1,,10767
10327,8,,1,,10768
10328,8,,1,,10769
10329,8,,1,,10770
10330,67,,1,,10771
10331,8,,1,,10772
10332,43,,1,,10773
10334,13,,1,,10774
10335,43,,1,,10775
10336,22,,1,,10776
10337,43,,1,,10777
10338,67,,1,,10778
10339,67,,1,,10779
10340,67,,1,,10780
10341,67,,1,,10781
10342,43,,1,,10782
10343,36,,1,,10783
10344,36,,1,,10784
10345,13,,1,,10785
10346,67,,1,,10786
10347,36,,1,,10787
10348,36,,1,,10788
10349,8,,1,,10789
10350,8,,1,,10790
10351,36,,1,,10791
10352,36,,1,,10792
10353,8,,1,,10793
10354,67,,1,,10794
10355,8,,1,,10795
10356,8,,1,,10796
10357,8,,1,,10797
10358,8,,1,,10798
10359,8,,1,,10799
10360,8,,1,,10800
10361,8,,1,,10801
10362,8,,1,,10802
10363,8,,1,,10803
10364,8,,1,,10804
10365,8,,1,,10805
10366,8,,1,,10806
10367,8,,1,,10807
10368,8,,1,,10808
10369,8,,1,,10809
10370,8,,1,,10810
10371,8,,1,,10811
10372,8,,1,,10812
10373,8,,1,,10813
10374,8,,1,,10814
10375,8,,1,,10815
10376,8,,1,,10816
10377,8,,1,,10817
10378,8,,1,,10818
10379,13,,1,,10819
10380,22,,1,,10820
10381,8,,1,,10821
10382,8,,1,,10822
10383,8,,1,,10823
10384,8,,1,,10824
10385,8,,1,,10825
10386,8,,1,,10826
10387,8,,1,,10827
10388,8,,1,,10828
10389,8,,1,,10829
10390,8,,1,,10830
10391,8,,1,,10831
10392,8,,1,,10832
10393,8,,1,,10833
10394,39,,1,,10834
10395,39,,1,,10835
10396,67,,1,,10836
10397,39,,1,,10837
10398,13,,1,,10838
10399,67,,1,,10839
10400,39,,1,,10840
10401,67,,1,,10841
10402,39,,1,,10842
10403,43,,1,,10843
10404,43,,1,,10844
10405,67,,1,,10845
10406,67,,1,,10846
10407,67,,1,,10847
10408,50,,1,,10848
10409,12,,1,,10849
10410,12,,1,,10850
10411,12,,1,,10851
10412,12,,1,,10852
10413,12,,1,,10853
10414,67,,1,,10854
10415,67,,1,,10855
10416,67,,1,,10856
10417,67,,1,,10857
10418,67,,1,,10858
10419,67,,1,,10859
10420,67,,1,,10860
10421,67,,1,,10861
10422,67,,1,,10862
10423,67,,1,,10863
10424,67,,1,,10864
10425,67,,1,,10865
10426,67,,1,,10866
10427,67,,1,,10867
10428,39,,1,,10868
10429,8,,1,,10869
10430,67,,1,,10870
10431,39,,1,,10871
10432,67,,1,,10872
10433,67,,1,,10873
10434,67,,1,,10874
10435,67,,1,,10875
10436,36,,1,,10876
10437,67,,1,,10877
10438,36,,1,,10878
10439,39,,1,,10879
10440,67,,1,,10880
10441,67,,1,,10881
10442,36,,1,,10882
10443,67,,1,,10883
10444,67,,1,,10884
10445,67,,1,,10885
10446,59,,1,,10886
10447,67,,1,,10887
10448,67,,1,,10888
10449,67,,1,,10889
10450,67,,1,,10890
10451,67,,1,,10891
10452,67,,1,,10892
10453,39,,1,,10893
10454,39,,1,,10894
10455,39,,1,,10895
10456,39,,1,,10896
10457,39,,1,,10897
10458,69,,1,,10898
10459,39,,1,,10899
10460,36,,1,,10760
10461,39,,1,,10900
10462,67,,1,,10901
10463,67,,1,,10902
10464,67,,1,,10903
10465,67,,1,,10904
10466,67,,1,,10905
10467,67,,1,,10906
10468,67,,1,,10907
10469,67,,1,,10908
10470,67,,1,,10909
10471,67,,1,,10910
10472,67,,1,,10911
10473,67,,1,,10912
10474,67,,1,,10913
10475,67,,1,,10914
10476,67,,1,,10915
10477,67,,1,,10916
10478,67,,1,,10917
10479,67,,1,,10918
10480,67,,1,,10919
10481,69,,1,,10920
10482,69,,1,,10921
10483,39,,1,,10922
10484,69,,1,,10923
10485,69,,1,,10924
10486,69,,1,,10925
10487,69,,1,,10926
10488,39,,1,,10927
10489,41,,1,,10928
10490,39,,1,,10929
10491,69,,1,,10930
10492,23,,1,,10931
10493,23,,1,,10932
10494,69,,1,,10933
10495,69,,1,,10934
10496,39,,1,,10935
10497,39,,1,,10936
10498,39,,1,,10937
10499,39,,1,,10938
10500,39,,1,,10939
10501,39,,1,,10940
10502,39,,1,,10941
10503,69,,1,,10942
10504,41,,1,,10943
10505,39,,1,,10944
10506,39,,1,,10945
10507,39,,1,,10946
10508,39,,1,,10947
10509,39,,1,,10948
10510,39,,1,,10949
10511,69,,1,,10950
10512,39,,1,,10951
10513,39,,1,,10952
10514,39,,1,,10953
10515,69,,1,,10954
10516,23,,1,,10955
10517,39,,1,,10956
10518,43,,1,,10957
10519,23,,1,,10958
10520,39,,1,,10959
10521,69,,1,,10960
10522,69,,1,,10961
10523,39,,1,,10962
10524,69,,1,,10963
10525,69,,1,,10964
10526,69,,1,,10965
10527,69,,1,,10966
10528,39,,1,,10967
10529,69,,1,,10968
10530,23,,1,,10969
10531,39,,1,,10970
10532,39,,1,,10971
10533,13,,1,,10972
10534,67,,1,,10973
10535,69,,1,,10974
10536,39,,1,,10975
10537,39,,1,,10976
10538,39,,1,,10977
10539,21,,1,,10978
10540,39,,1,,10979
10541,39,,1,,10980
10542,69,,1,,10981
10543,39,,1,,10982
10544,39,,1,,10983
10545,39,,1,,10984
10546,69,,1,,10985
10547,23,,1,,10986
10548,39,,1,,10987
10549,39,,1,,10988
10550,67,,1,,10989
10551,67,,1,,10990
10552,39,,1,,10991
10553,39,,1,,10992
10554,39,,1,,10993
10555,39,,1,,10994
10556,39,,1,,10995
10557,39,,1,,10996
10558,39,,1,,10997
10559,39,,1,,10998
10560,67,,1,,10999
10561,67,,1,,11000
10562,67,,1,,11001
10563,67,,1,,11002
10564,67,,1,,11003
10565,67,,1,,11004
10566,67,,1,,11005
10567,67,,1,,11006
10568,67,,1,,11007
10569,67,,1,,11008
10570,67,,1,,11009
10571,8,,1,,11010
10572,8,,1,,11011
10573,8,,1,,11012
10574,8,,1,,11013
10575,67,,1,,11014
10576,67,,1,,11015
10577,67,,1,,11016
10578,67,,1,,11017
10579,67,,1,,11018
10580,67,,1,,11019
10581,67,,1,,11020
10582,67,,1,,11021
10583,67,,1,,11022
10584,39,,1,,11023
10585,39,,1,,11024
10586,39,,1,,11025
10587,67,,1,,11026
10588,69,,1,,11027
10589,39,,1,,11028
10590,69,,1,,11029
10591,39,,1,,11030
10592,21,,1,,11031
10593,39,,1,,11032
10594,39,,1,,11033
10595,69,,1,,11034
10596,39,,1,,11035
10597,69,,1,,11036
10598,21,,1,,11037
10599,39,,1,,11038
10600,39,,1,,11039
10601,36,,1,,11040
10602,39,,1,,11041
10603,39,,1,,11042
10604,21,,1,,11043
10605,21,,1,,11044
10606,36,,1,,11045
10607,41,,1,,11046
10608,39,,1,,11047
10609,39,,1,,11048
10610,39,,1,,11049
10611,39,,1,,11050
10612,39,,1,,11051
10613,39,,1,,11052
10614,39,,1,,11053
10615,39,,1,,11054
10616,39,,1,,11055
10617,39,,1,,11056
10618,39,,1,,11057
10619,66,,1,,11058
10620,39,,1,,11059
10621,39,,1,,11060
10622,41,,1,,11061
10623,39,,1,,11062
10624,39,,1,,11063
10625,66,,1,,11064
10626,67,,1,,11065
10627,21,,1,,11066
10628,21,,1,,11067
10629,69,,1,,11068
10630,69,,1,,11069
10631,69,,1,,11070
10632,69,,1,,11071
10633,43,,1,silver and black fox,11072
10634,43,,1,,11073
10635,39,,1,,11074
10636,39,,1,,11075
10637,39,,1,,11076
10638,39,,1,,11077
10639,23,,1,,11078
10640,39,,1,,11079
10641,69,,1,,11080
10642,69,,1,,11081
10643,69,,1,,11082
10644,69,,1,,11083
10645,39,,1,,11084
10646,39,,1,,11085
10647,39,,1,,11086
10648,39,,1,,11087
10649,39,,1,,11088
10650,36,,1,,11089
10651,43,,1,,11090
10652,36,,1,,11091
10653,36,,1,,11092
10654,36,,1,,11093
10655,36,,1,,11094
10656,36,,1,,11095
10657,36,,1,,11096
10658,36,,1,,11097
10659,36,,1,,11098
10660,39,,1,,11099
10661,39,,1,,11100
10662,39,,1,,11101
10663,36,,1,,11102
10664,21,,1,,11103
10665,21,,1,,11104
10666,21,,1,,11105
10667,36,,1,,11106
10668,36,,1,,11107
10669,36,,1,,11108
10670,39,,1,,11109
10671,25,,1,,11110
10672,69,,1,,11111
10673,69,,1,,11112
10674,23,,1,,11113
10675,39,,1,,11114
10676,39,,1,,11115
10677,23,,1,,11116
10678,39,,1,,11117
10679,39,,1,,11118
10680,39,,1,,11119
10681,39,,1,,11120
10682,39,,1,,11121
10683,69,,1,,11122
10684,39,,1,,11123
10685,25,,1,,11124
10686,43,,1,,11125
10687,39,,1,,11126
10688,23,,1,,11127
10689,39,,1,,11128
10690,50,,1,,11129
10691,39,,1,,11130
10692,39,,1,,11131
10693,39,,1,,11132
10694,39,,1,,11133
10695,23,,1,,11134
10696,39,,1,,11135
10697,25,,1,,11136
10698,67,,1,,11137
10699,39,,1,,11138
10700,39,,1,,11139
10701,13,,1,,11140
10702,21,,1,,11141
10703,21,,1,,11142
10704,69,,1,,11143
10705,69,,1,,11144
10706,23,,1,,11145
10707,39,,1,,11146
10708,39,,1,,11147
10709,69,,1,,11148
10710,69,,1,,11149
10711,39,,1,,11150
10712,69,,1,,11151
10713,69,,1,,11152
10714,69,,1,,11153
10715,39,,1,,11154
10716,69,,1,,11155
10717,69,,1,,11156
10718,69,,1,,11157
10719,69,,1,,11158
10720,69,,1,,11159
10721,69,,1,,11160
10722,69,,1,,11161
10723,69,,1,,11162
10724,69,,1,,11163
10725,69,,1,,11164
10726,69,,1,,11165
10727,69,,1,,11166
10728,69,,1,,11167
10729,39,,1,,11168
10730,67,,1,,11169
10731,36,,1,,11170
10732,39,,1,,11171
10733,39,,1,,11172
10734,39,,1,,11173
10735,39,,1,,11174
10736,39,,1,,11175
10737,39,,1,,11176
10738,67,,1,,11177
10739,39,,1,,11178
10740,69,,1,,11179
10741,69,,1,,11180
10742,67,,1,,11181
10743,67,,1,,11182
10744,67,,1,,11183
10745,67,,1,,11184
10746,69,,1,,11185
10747,67,,1,,11186
10748,69,,1,,11187
10749,67,,1,,11188
10750,36,,1,,11189
10751,69,,1,,11190
10752,39,,1,,11191
10753,39,,1,,11192
10754,69,,1,,11193
10755,39,,1,,11194
10756,36,,1,,11195
10758,69,,1,,11197
10759,69,,1,,11198
10760,69,,1,,11199
10761,69,,1,,11200
10762,39,,1,,11201
10763,69,,1,,11202
10764,69,,1,,11203
10765,69,,1,,11204
10766,69,,1,,11205
10767,39,,1,,11206
10768,39,,1,,11208
10769,39,,1,,11209
10770,39,,1,,11210
10771,67,,1,,11211
10772,66,,1,,11212
10773,39,,1,,11213
10774,39,,1,,11214
10775,69,,1,,11215
10776,67,,1,,11216
10777,69,,1,,11217
10778,69,,1,,11218
10779,69,,1,,11219
10780,69,,1,,11220
10781,39,,1,,11221
10782,39,,1,,11222
10783,36,,1,,11196
10784,36,,1,,11207
10785,39,,1,,11223
10786,69,,1,,11224
10787,36,,1,,11225
10788,36,,1,,11226
10789,69,,1,,11227
10790,69,,1,,11228
10791,69,,1,,11229
10792,69,,1,,11230
10793,69,,1,,11231
10794,67,,1,,11232
10795,67,,1,,11233
10796,39,,1,,11234
10797,69,,1,,11235
10798,39,,1,,11236
10799,69,,1,,11237
10800,69,,1,,11238
10801,39,,1,,11239
10802,39,,1,,11240
10803,69,,1,,11241
10804,39,,1,,11242
10805,66,,1,,11243
10806,69,,1,,11244
10807,69,,1,,11245
10808,39,,1,,11246
10809,39,,1,,11247
10810,69,,1,,11248
10811,69,,1,,11249
10812,39,,1,,11250
10813,39,,1,,11251
10814,36,,1,,11252
10815,67,,1,,11253
10816,36,,1,,11254
10817,69,,1,,11255
10818,69,,1,,11256
10819,69,,1,,11257
10820,67,,1,,11258
10821,69,,1,,11259
10822,69,,1,,11260
10823,36,,1,,11261
10824,39,,1,,11262
10825,36,,1,,11263
10826,69,,1,,11264
10827,69,,1,,11265
10828,69,,1,,11266
10829,69,,1,,11267
10830,69,,1,,11268
10831,69,,1,,11269
10832,69,,1,,11270
10833,69,,1,,11271
10834,39,,1,,11272
10835,39,,1,,11273
10836,39,,1,,11274
10837,39,,1,,11275
10838,69,,1,,11276
10839,69,,1,,11277
10840,39,,1,,11278
10841,67,,1,,11279
10842,36,,1,,11280
10843,36,,1,,11281
10844,69,,1,,11282
10845,69,,1,,11283
10846,69,,1,,11284
10847,69,,1,,11285
10848,39,,1,,11286
10849,69,,1,,11287
10850,69,,1,,11288
10851,69,,1,,11289
10852,69,,1,,11290
10853,69,,1,,11291
10854,69,,1,,11292
10855,69,,1,,11293
10856,39,,1,,11294
10857,67,,1,,11295
10858,69,,1,,11296
10859,69,,1,,11297
10860,69,,1,,11298
10861,66,,1,,11299
10862,69,,1,,11300
10863,39,,1,,11301
10864,69,,1,,11302
10865,39,,1,,11303
10866,69,,1,,11304
10867,69,,1,,11305
10868,39,,1,,11306
10869,69,,1,,11307
10870,69,,1,,11308
10871,67,,1,,11309
10872,39,,1,,11310
10873,39,,1,,11311
10874,69,,1,,11312
10875,69,,1,,11313
10876,69,,1,,11314
10877,69,,1,,11315
10878,39,,1,,11316
10879,59,,1,,11317
10880,36,,1,,11318
10881,39,,1,,11319
10882,69,,1,,11320
10883,69,,1,,11321
10884,69,,1,,11322
10885,69,,1,,11323
10886,69,,1,,11324
10887,69,,1,,11325
10888,39,,1,,11326
10889,67,,1,,11327
10890,67,,1,,11328
10891,69,,1,,11329
10892,69,,1,,11330
10893,36,,1,,11331
10894,36,,1,,11332
10895,39,,1,,11333
10896,67,,1,,11334
10897,69,,1,,11335
10898,69,,1,,11336
10899,69,,1,,11337
10900,69,,1,,11338
10901,69,,1,,11339
10902,69,,1,,11340
10903,8,,1,,11341
10904,67,,1,,11342
10905,39,,1,,11343
10906,69,,1,,11344
10907,39,,1,,11345
10908,39,,1,,11346
10909,67,,1,,11347
10910,69,,1,,11348
10911,69,,1,,11349
10912,39,,1,,11350
10913,39,,1,,11351
10914,69,,1,,11352
10915,69,,1,,11353
10916,69,,1,,11354
10917,39,,1,,11355
10918,69,,1,,11356
10919,66,,1,,11357
10920,39,,1,,11358
10921,39,,1,,11359
10922,69,,1,,11360
10923,69,,1,,11361
10924,36,,1,,11362
10925,41,,1,,11363
10926,39,,1,,11364
10927,39,,1,,11365
10928,67,,1,,11366
10929,69,,1,,11367
10930,39,,1,,11368
10931,69,,1,,11369
10932,69,,1,,11370
10933,69,,1,,11371
10934,69,,1,,11372
10935,39,,1,,11373
10936,36,,1,,11374
10937,36,,1,,11375
10938,36,,1,,11376
10939,69,,1,,11377
10940,69,,1,,11378
10941,69,,1,,11379
10942,39,,1,,11380
10943,39,,1,,11381
10944,69,,1,,11382
10945,69,,1,,11383
10946,69,,1,,11384
10947,36,,1,,11385
10948,39,,1,,11386
10949,39,,1,,11387
10950,39,,1,,11388
10951,39,,1,,11389
10952,39,,1,,11390
10953,39,,1,,11391
10954,39,,1,,11392
10955,39,,1,,11393
10956,69,,1,,11394
10957,69,,1,,11395
10958,67,,1,,11396
10959,69,,1,,11397
10960,63,,1,,11398
10961,63,,1,,11399
10962,63,,1,,11400
10963,69,,1,,11401
10964,69,,1,,11402
10965,69,,1,,11403
10966,69,,1,,11404
10967,66,,1,,11405
10968,69,,1,,11406
10969,69,,1,,11407
10970,39,,1,,11408
10971,39,,1,,11409
10972,69,,1,,11410
10973,69,,1,,11411
10974,69,,1,,11412
10975,69,,1,,11413
10976,69,,1,,11414
10977,67,,1,,11415
10978,69,,1,,11416
10979,69,,1,,11417
10980,69,,1,,11418
10981,69,,1,,11419
10982,69,,1,,11420
10983,36,,1,,11421
10984,36,,1,,11422
10985,23,,1,,11423
10986,23,,1,,11424
10987,23,,1,,11425
10988,39,,1,,11426
10989,39,,1,,11427
10990,67,,1,,11428
10991,67,,1,,11429
10992,36,,1,,11430
10993,69,,1,,11431
10994,69,,1,,11432
10995,69,,1,,11433
10996,36,,1,,11434
10997,69,,1,,11435
10998,69,,1,,11436
10999,69,,1,,11437
11000,69,,1,,11438
11001,69,,1,,11439
11002,67,,1,,11440
11003,39,,1,,11441
11004,69,,1,,11442
11005,39,,1,,11443
11006,39,,1,,11444
11007,39,,1,,11445
11008,69,,1,,11446
11009,69,,1,,11447
11010,69,,1,,11448
11011,39,,1,,11449
11012,69,,1,,11450
11013,69,,1,,11451
11014,39,,1,,11452
11015,59,,1,,11453
11016,41,,1,,11454
11017,23,,1,,11455
11018,39,,1,,11456
11019,39,,1,,11457
11020,39,,1,,11458
11021,39,,1,,11459
11022,39,,1,,11460
11023,69,,1,,11461
11024,69,,1,,11462
11025,8,,1,,11463
11026,67,,1,,11464
11027,39,,1,,11465
11028,39,,1,,11466
11029,69,,1,,11467
11030,69,,1,,11468
11031,59,,1,,11469
11032,59,,1,,11470
11033,59,,1,,11471
11034,59,,1,,11472
11035,59,,1,,11473
11036,59,,1,,11474
11037,59,,1,,11475
11038,59,,1,,11476
11039,59,,1,,11477
11040,59,,1,,11478
11041,69,,1,,11479
11042,69,,1,,11480
11043,69,,1,,11481
11044,39,,1,,11482
11045,39,,1,,11483
11046,39,,1,,11484
11047,39,,1,,11485
11048,39,,1,,11486
11049,66,,1,,11487
11050,66,,1,,11488
11051,39,,1,,11489
11052,59,,1,,11490
11053,59,,1,,11491
11054,39,,1,,11492
11055,39,,1,,11493
11056,39,,1,,11494
11057,69,,1,,11495
11058,69,,1,,11496
11059,39,,1,,11497
11060,39,,1,,11498
11061,39,,1,,11499
11062,39,,1,,11500
11063,8,,1,,11501
11064,67,,1,,11502
11065,59,,1,,11503
11066,39,,1,,11504
11067,39,,1,,11505
11068,41,,1,,11506
11069,69,,1,,11507
11070,69,,1,,11508
11071,69,,1,,11509
11072,39,,1,,11510
11073,59,,3,,11511
11074,69,,1,,11512
11075,39,,1,,11513
11076,69,,1,,11514
11077,39,,1,,11515
11078,69,,1,,11516
11079,69,,1,,11517
11080,39,,1,,11518
11081,39,,1,,11519
11082,39,,1,,11520
11083,36,,1,,11521
11084,69,,1,,11522
11085,59,,1,,11523
11086,39,,1,,11524
11087,39,,1,,11525
11088,39,,1,,11526
11089,67,,1,,11527
11090,39,,1,,11528
11091,41,,1,,11529
11092,41,,1,,11530
11093,39,,1,,11531
11094,67,,1,,11532
11095,39,,1,,11533
11096,67,,1,,11534
11097,39,,1,,11535
11098,39,,1,,11536
11099,39,,1,,11537
11100,39,,1,,11538
11101,39,,1,,11539
11102,59,,1,,11540
11103,39,,1,,11541
11104,39,,1,,11542
11105,39,,1,,11543
11106,36,,1,,11544
11107,69,,1,,11545
11108,69,,1,,11546
11109,69,,1,,11547
11110,66,,1,,11548
11111,69,,1,,11549
11112,8,,1,,11550
11113,8,,1,,11551
11114,59,,1,,11552
11115,39,,1,,11553
11116,39,,1,,11554
11117,69,,1,,11555
11118,59,,1,,11556
11119,69,,1,,11557
11120,67,,1,,11558
11121,69,,1,,11559
11122,36,,1,,11560
11123,67,,1,,11561
11124,69,,1,,11562
11125,67,,1,,11563
11126,69,,1,,11564
11127,69,,1,,11565
11128,39,,1,,11566
11129,66,,1,,11567
11130,67,,1,,11568
11131,39,,1,,11569
11132,39,,1,,11570
11133,39,,1,,11571
11134,39,,1,,11572
11135,66,,1,,11573
11136,67,,1,,11574
11137,8,,1,,11575
11138,39,,1,,11576
11139,39,,1,,11577
11140,39,,1,,11578
11141,39,,1,,11579
11142,39,,1,,11580
11143,39,,1,,11581
11144,39,,1,,11582
11145,59,,1,,11583
11146,59,,1,,11584
11147,39,,1,,11585
11148,8,,1,,11586
11149,59,,1,,11587
11150,69,,1,,11588
11151,69,,1,,11589
11152,67,,1,,11590
11153,39,,1,,11591
11154,69,,1,,11592
11155,36,,1,,11593
11156,36,,1,,11594
11157,59,,1,,11595
11158,39,,1,,11596
11159,39,,1,,11597
11160,39,,1,,11598
11161,39,,1,,11599
11162,36,,1,,11600
11163,39,,1,,11601
11164,66,,1,,11602
11165,59,,1,,11603
11166,59,,1,,11604
11167,59,,1,,11605
11168,39,,1,,11606
11169,39,,1,,11607
11170,39,,1,,11608
11171,36,,1,,11609
11172,36,,1,,11610
11173,36,,1,,11611
11174,36,,1,,11612
11175,36,,1,,11613
11176,36,,1,,11614
11177,39,,1,,11615
11178,36,,1,,11616
11179,36,,1,,11617
11180,36,,1,,11618
11181,36,,1,,11619
11182,39,,1,,11620
11183,67,,1,,11621
11184,39,,1,,11622
11185,39,,1,,11623
11186,39,,1,,11624
11187,39,,1,,11625
11188,39,,1,,11626
11189,8,,1,,11627
11190,8,,1,,11628
11191,23,,1,,11629
11192,39,,1,,11630
11193,67,,1,,11631
11194,69,,1,,11632
11195,69,,1,,11633
11196,36,,1,,11634
11197,69,,1,,11635
11198,69,,1,,11636
11199,69,,1,,11637
11200,39,,1,,11638
11201,69,,1,,11639
11202,8,,1,,11640
11203,69,,1,,11641
11204,59,,1,,11642
11205,59,,1,,11643
11206,69,,1,,11644
11207,39,,1,,11645
11208,39,,1,,11646
11209,8,,1,,11647
11210,8,,1,,11648
11211,8,,1,,11649
11212,39,,1,,11650
11213,39,,1,,11651
11214,39,,1,,11652
11215,39,,1,,11653
11216,39,,1,,11654
11217,39,,1,,11655
11218,39,,1,,11656
11219,39,,1,,11657
11220,39,,1,,11658
11221,39,,1,,11659
11222,39,,1,,11660
11223,67,,1,,11661
11224,39,,1,,11662
11225,39,,1,,11663
11226,67,,1,,11664
11227,39,,1,,11665
11228,69,,1,,11666
11229,69,,1,,11667
11230,67,,1,,11668
11231,39,,1,,11669
11232,39,,1,,11670
11233,39,,1,,11671
11234,39,,1,,11672
11235,39,,1,,11673
11236,67,,1,,11674
11237,59,,1,,11675
11238,39,,1,,11676
11239,39,,1,,11677
11240,39,,1,,11678
11241,23,,1,,11679
11242,36,,1,,11680
11243,69,,1,,11681
11244,36,,1,,11682
11245,36,,1,,11683
11246,36,,1,,11684
11247,36,,1,,11685
11248,67,,1,,11686
11249,67,,1,,11687
11250,36,,1,,11688
11251,36,,1,,11689
11252,36,,1,,11690
11253,36,,1,,11691
11254,36,,1,,11692
11255,36,,1,,11693
11256,36,,1,,11694
11257,36,,1,,11695
11258,69,,1,,11696
11259,69,,1,,11697
11260,39,,1,,11698
11261,39,,1,,11699
11262,69,,1,,11700
11263,39,,1,,11701
11264,69,,1,,11702
11265,69,,1,,11703
11266,69,,1,,11704
11267,39,,1,,11705
11268,69,,1,,11706
11269,69,,1,,11707
11270,69,,1,,11708
11271,39,,1,,11709
11272,39,,1,,11710
11273,39,,1,,11711
11274,39,,1,,11712
11275,23,,1,,11713
11276,67,,1,,11714
11277,39,,1,,11715
11278,39,,1,,11716
11279,39,,1,,11717
11280,39,,1,,11718
11281,39,,1,,11719
11282,39,,1,,11720
11283,39,,1,,11721
11284,39,,1,,11722
11285,39,,1,,11723
11286,39,,1,,11724
11287,39,,1,,11725
11288,39,,1,,11726
11289,69,,1,,11727
11290,69,,1,,11728
11291,39,,1,,11729
11292,39,,1,,11730
11293,39,,1,,11731
11294,39,,1,,11732
11295,39,,1,,11733
11296,23,,1,,11734
11297,23,,1,,11735
11298,69,,1,,11736
11299,39,,1,,11737
11300,39,,1,,11738
11301,39,,1,,11739
11302,39,,1,,11740
11303,39,,1,,11741
11304,69,,1,,11742
11305,69,,1,,11743
11306,39,,1,,11744
11307,39,,1,,11745
11308,67,,1,,11746
11309,39,,1,,11747
11310,67,,1,,11748
11311,67,,1,,11749
11312,39,,1,,11750
11313,39,,1,,11751
11314,39,,1,,11752
11315,23,,1,,11753
11316,39,,1,,11754
11317,13,,1,,11755
11318,23,,1,,11756
11319,39,,1,,11757
11320,39,,1,,11758
11321,39,,1,,11759
11322,23,,1,,11760
11323,41,,1,,11761
11324,67,,1,,11762
11325,23,,1,,11763
11326,39,,1,,11764
11327,39,,1,,11765
11328,23,,1,,11766
11329,39,,1,,11767
11330,39,,1,,11768
11331,39,,1,,11769
11332,41,,1,,11770
11333,39,,1,,11771
11334,39,,1,,11772
11335,39,,1,,11773
11336,39,,1,,11774
11337,39,,1,,11775
11338,39,,1,,11776
11339,39,,1,,11777
11340,39,,1,,11778
11341,69,,1,,11779
11342,23,,1,,11780
11343,39,,1,,11781
11344,69,,1,,11782
11345,39,,1,,11783
11346,67,,1,,11784
11347,67,,1,,11785
11348,67,,1,,11786
11349,59,,1,,11787
11350,67,,1,,11788
11351,39,,1,,11789
11352,59,,1,,11790
11353,39,,1,,11791
11354,39,,1,,11792
11355,59,,1,,11793
11356,59,,1,,11794
11357,8,,1,,11795
11358,59,,1,,11796
11359,67,,1,,11797
11360,67,,1,,11798
11361,8,,1,,11799
11362,8,,1,,11800
11363,67,,1,,11801
11364,8,,1,,11802
11365,67,,1,,11803
11366,8,,1,,11804
11367,67,,1,,11805
11368,39,,1,,11806
11369,67,,1,,11807
11370,67,,1,,11808
11371,67,,1,,11809
11372,67,,1,,11810
11373,67,,1,,11811
11374,67,,1,,11812
11375,67,,1,,11813
11376,67,,1,,11814
11377,67,,1,,11815
11378,67,,1,,11816
11379,67,,1,,11817
11380,67,,1,,11818
11381,67,,1,,11819
11382,67,,1,,11820
11383,67,,1,,11821
11384,67,,1,,11822
11385,67,,1,,11823
11386,67,,1,,11824
11387,67,,1,,11825
11388,67,,1,,11826
11389,67,,1,,11827
11390,67,,1,,11828
11391,67,,1,,11829
11392,67,,1,,11830
11393,67,,1,,11831
11394,67,,1,,11832
11395,67,,1,,11833
11396,67,,1,,11834
11397,67,,1,,11835
11398,67,,1,,11836
11399,67,,1,,11837
11400,67,,1,,11838
11401,67,,1,,11839
11402,67,,1,,11840
11403,67,,1,,11841
11404,67,,1,,11842
11405,67,,1,,11843
11406,67,,1,,11844
11407,67,,1,,11845
11408,67,,1,,11846
11409,67,,1,,11847
11410,67,,1,,11848
11411,67,,1,,11849
11412,67,,1,,11850
11413,67,,1,,11851
11414,67,,1,,11852
11415,69,,1,,11853
11416,69,,1,,11854
11417,67,,1,,11855
11418,39,,1,,11856
11419,69,,1,,11857
11420,69,,1,,11858
11421,67,,1,,11859
11422,67,,1,,11860
11423,67,,1,,11861
11424,67,,1,,11862
11425,67,,1,,11863
11426,67,,1,,11864
11427,67,,1,,11865
11428,67,,1,,11866
11429,67,,1,,11867
11430,67,,1,,11868
11431,67,,1,,11869
11432,67,,1,,11870
11433,67,,1,,11871
11434,67,,1,,11872
11435,67,,1,,11873
11436,67,,1,,11874
11437,67,,1,,11875
11438,67,,1,,11876
11439,67,,1,,11877
11440,67,,1,,11878
11441,67,,1,,11879
11442,67,,1,,11880
11443,67,,1,,11881
11444,67,,1,,11882
11445,67,,1,,11883
11446,67,,1,,11884
11447,67,,1,,11885
11448,67,,1,,11886
11449,67,,1,,11887
11450,67,,1,,11888
11451,67,,1,,11889
11452,67,,1,,11890
11453,67,,1,,11891
11454,67,,1,,11892
11455,67,,1,,11893
11456,67,,1,,11894
11457,67,,1,,11895
11458,67,,1,,11896
11459,67,,1,,11897
11460,67,,1,,11898
11461,67,,1,,11899
11462,67,,1,,11900
11463,67,,1,,11901
11464,67,,1,,11902
11465,67,,1,,11903
11466,67,,1,,11904
11467,67,,1,,11905
11468,67,,1,,11906
11469,67,,1,,11907
11470,67,,1,,11908
11471,67,,1,,11909
11472,67,,1,,11910
11473,67,,1,,11911
11474,67,,1,,11912
11475,67,,1,,11913
11476,67,,1,,11914
11477,67,,1,,11915
11478,67,,1,,11916
11479,67,,1,,11917
11480,67,,1,,11918
11481,67,,1,,11919
11482,67,,1,,11920
11483,67,,1,,11921
11484,67,,1,,11922
11485,67,,1,,11923
11486,67,,1,,11924
11487,67,,1,,11925
11488,67,,1,,11926
11489,67,,1,,11927
11490,67,,1,,11928
11491,67,,1,,11929
11492,67,,1,,11930
11493,67,,1,,11931
11494,67,,1,,11932
11495,67,,1,,11933
11496,67,,1,,11934
11497,67,,1,,11935
11498,67,,1,,11936
11499,67,,1,,11937
11500,67,,1,,11938
11501,67,,1,,11939
11502,67,,1,,11940
11503,67,,1,,11941
11504,67,,1,,11942
11505,67,,1,,11943
11506,67,,1,,11944
11507,67,,1,,11945
11508,67,,1,,11946
11509,67,,1,,11947
11510,67,,1,,11948
11511,67,,1,,11949
11512,67,,1,,11950
11513,43,,1,,11951
11514,39,,1,,11952
11515,39,,1,,11953
11516,39,,1,,11954
11517,39,,1,,11955
11518,39,,1,,11956
11519,39,,1,,11957
11520,39,,1,,11958
11521,39,,1,,11959
11522,39,,1,,11960
11523,39,,1,,11961
11524,67,,1,,11962
11525,67,,1,,11963
11526,67,,1,,11964
11527,67,,1,,11965
11528,67,,1,,11966
11529,67,,1,,11967
11530,67,,1,,11968
11531,67,,1,,11969
11532,67,,1,,11970
11533,67,,1,,11971
11534,67,,1,,11972
11535,67,,1,,11973
11536,67,,1,,11974
11537,67,,1,,11975
11538,67,,1,,11976
11539,67,,1,,11977
11540,67,,1,,11978
11541,67,,1,,11979
11542,67,,1,,11980
11543,67,,1,,11981
11544,67,,1,,11982
11545,67,,1,,11983
11546,67,,1,,11984
11547,67,,1,,11985
11548,67,,1,,11986
11549,67,,1,,11987
11550,67,,1,,11988
11551,67,,1,,11989
11552,67,,1,,11990
11553,67,,1,,11991
11554,67,,1,,11992
11555,67,,1,,11993
11556,67,,1,,11994
11557,67,,1,,11995
11558,67,,1,,11996
11559,67,,1,,11997
11560,67,,1,,11998
11561,67,,1,,11999
11562,67,,1,,12000
11563,67,,1,,12001
11564,67,,1,,12002
11565,67,,1,,12003
11566,67,,1,,12004
11567,67,,1,,12005
11568,67,,1,,12006
11569,67,,1,,12007
11570,67,,1,,12008
11571,67,,1,,12009
11572,67,,1,,12010
11573,67,,1,,12011
11574,67,,1,,12012
11575,67,,1,,12013
11576,67,,1,,12014
11577,67,,1,,12015
11578,67,,1,,12016
11579,67,,1,,12017
11580,67,,1,,12018
11581,67,,1,,12019
11582,67,,1,,12020
11583,67,,1,,12021
11584,67,,1,,12022
11585,67,,1,,12023
11586,67,,1,,12024
11587,67,,1,,12025
11588,67,,1,,12026
11589,67,,1,,12027
11590,67,,1,,12028
11591,67,,1,,12029
11592,67,,1,,12030
11593,67,,1,,12031
11594,67,,1,,12032
11595,67,,1,,12033
11596,67,,1,,12034
11597,67,,1,,12035
11598,67,,1,,12036
11599,67,,1,,12037
11600,67,,1,,12038
11601,67,,1,,12039
11602,67,,1,,12040
11603,67,,1,,12041
11604,67,,1,,12042
11605,67,,1,,12043
11606,67,,1,,12044
11607,67,,1,,12045
11608,67,,1,,12046
11609,67,,1,,12047
11610,67,,1,,12048
11611,67,,1,,12049
11612,67,,1,,12050
11613,67,,1,,12051
11614,67,,1,,12052
11615,67,,1,,12053
11616,67,,1,,12054
11617,67,,1,,12055
11618,67,,1,,12056
11619,67,,1,,12057
11620,67,,1,,12058
11621,67,,1,,12059
11622,67,,1,,12060
11623,67,,1,,12061
11624,67,,1,,12062
11625,67,,1,,12063
11626,67,,1,,12064
11627,67,,1,,12065
11628,67,,1,,12066
11629,67,,1,,12067
11630,67,,1,,12068
11631,67,,1,,12069
11632,67,,1,,12070
11633,67,,1,,12071
11634,67,,1,,12072
11635,67,,1,,12073
11636,67,,1,,12074
11637,67,,1,,12075
11638,67,,1,,12076
11639,67,,1,,12077
11640,67,,1,,12078
11641,67,,1,,12079
11642,67,,1,,12080
11643,67,,1,,12081
11644,67,,1,,12082
11645,67,,1,,12083
11646,67,,1,,12084
11647,67,,1,,12085
11648,67,,1,,12086
11649,67,,1,,12087
11650,67,,1,,12088
11651,67,,1,,12089
11652,67,,1,,12090
11653,67,,1,,12091
11654,67,,1,,12092
11655,67,,1,,12093
11656,67,,1,,12094
11657,67,,1,,12095
11658,67,,1,,12096
11659,67,,1,,12097
11660,67,,1,,12098
11661,67,,1,,12099
11662,67,,1,,12100
11663,67,,1,,12101
11664,67,,1,,12102
11665,67,,1,,12103
11666,67,,1,,12104
11667,67,,1,,12105
11668,67,,1,,12106
11669,67,,1,,12107
11670,67,,1,,12108
11671,67,,1,,12109
11672,67,,1,,12110
11673,67,,1,,12111
11674,67,,1,,12112
11675,67,,1,,12113
11676,67,,1,,12114
11677,67,,1,,12115
11678,67,,1,,12116
11679,39,,1,,12117
11680,67,,1,,12118
11681,67,,1,,12119
11682,67,,1,,12120
11683,67,,1,,12121
11684,67,,1,,12122
11685,67,,1,,12123
11686,67,,1,,12124
11687,67,,1,,12125
11688,67,,1,,12126
11689,67,,1,,12127
11690,67,,1,,12128
11691,67,,1,,12129
11692,67,,1,,12130
11693,67,,1,,12131
11694,67,,1,,12132
11695,67,,1,,12133
11696,67,,1,,12134
11697,67,,1,,12135
11698,67,,1,,12136
11699,67,,1,,12137
11700,67,,1,,12138
11701,67,,1,,12139
11702,67,,1,,12140
11703,67,,1,,12141
11704,67,,1,,12142
11705,67,,1,,12143
11706,67,,1,,12144
11707,67,,1,,12145
11708,67,,1,,12146
11709,67,,1,,12147
11710,67,,1,,12148
11711,67,,1,,12149
11712,67,,1,,12150
11713,67,,1,,12151
11714,67,,1,,12152
11715,67,,1,,12153
11716,67,,1,,12154
11717,67,,1,,12155
11718,67,,1,,12156
11719,67,,1,,12157
11720,67,,1,,12158
11721,67,,1,,12159
11722,67,,1,,12160
11723,67,,1,,12161
11724,67,,1,,12162
11725,67,,1,,12163
11726,67,,1,,12164
11727,67,,1,,12165
11728,67,,1,,12166
11729,67,,1,,12167
11730,67,,1,,12168
11731,67,,1,,12169
11732,67,,1,,12170
11733,67,,1,,12171
11734,67,,1,,12172
11735,67,,1,,12173
11736,67,,1,,12174
11737,67,,1,,12175
11738,67,,1,,12176
11739,67,,1,,12177
11740,67,,1,,12178
11741,67,,1,,12179
11742,67,,1,,12180
11743,67,,1,,12181
11744,67,,1,,12182
11745,67,,1,,12183
11746,67,,1,,12184
11747,67,,1,,12185
11748,67,,1,,12186
11749,67,,1,,12187
11750,67,,1,,12188
11751,67,,1,,12189
11752,67,,1,,12190
11753,67,,1,,12191
11754,67,,1,,12192
11755,67,,1,,12193
11756,67,,1,,12194
11757,67,,1,,12195
11758,67,,1,,12196
11759,67,,1,,12197
11760,67,,1,,12198
11761,67,,1,,12199
11762,67,,1,,12200
11763,67,,1,,12201
11764,67,,1,,12202
11765,67,,1,,12203
11766,67,,1,,12204
11767,67,,1,,12205
11768,67,,1,,12206
11769,67,,1,,12207
11770,67,,1,,12208
11771,67,,1,,12209
11772,67,,1,,12210
11773,67,,1,,12211
11774,67,,1,,12212
11775,67,,1,,12213
11776,67,,1,,12214
11777,67,,1,,12215
11778,67,,1,,12216
11779,67,,1,,12217
11780,67,,1,,12218
11781,67,,1,,12219
11782,67,,1,,12220
11783,67,,1,,12221
11784,67,,1,,12222
11785,67,,1,,12223
11786,67,,1,,12224
11787,67,,1,,12225
11788,67,,1,,12226
11789,67,,1,,12227
11790,67,,1,,12228
11791,67,,1,,12229
11792,67,,1,,12230
11793,67,,1,,12231
11794,67,,1,,12232
11795,67,,1,,12233
11796,67,,1,,12234
11797,67,,1,,12235
11798,67,,1,,12236
11799,67,,1,,12237
11800,67,,1,,12238
11801,67,,1,,12239
11802,67,,1,,12240
11803,67,,1,,12241
11804,67,,1,,12242
11805,67,,1,,12243
11806,67,,1,,12244
11807,67,,1,,12245
11808,67,,1,,12246
11809,67,,1,,12247
11810,67,,1,,12248
11811,67,,1,,12249
11812,67,,1,,12250
11813,67,,1,,12251
11814,67,,1,,12252
11815,67,,1,,12253
11816,67,,1,,12254
11817,67,,1,,12255
11818,67,,1,,12256
11819,67,,1,,12257
11820,67,,1,,12258
11821,67,,1,,12259
11822,67,,1,,12260
11823,67,,1,,12261
11824,67,,1,,12262
11825,67,,1,,12263
11826,67,,1,,12264
11827,67,,1,,12265
11828,67,,1,,12266
11829,67,,1,,12267
11830,67,,1,,12268
11831,67,,1,,12269
11832,67,,1,,12270
11833,67,,1,,12271
11834,67,,1,,12272
11835,67,,1,,12273
11836,67,,1,,12274
11837,67,,1,,12275
11838,67,,1,,12276
11839,67,,1,,12277
11840,67,,1,,12278
11841,67,,1,,12279
11842,67,,1,,12280
11843,67,,1,,12281
11844,67,,1,,12282
11845,67,,1,,12283
11846,67,,1,,12284
11847,67,,1,,12285
11848,67,,1,,12286
11849,67,,1,,12287
11850,67,,1,,12288
11851,67,,1,,12289
11852,67,,1,,12290
11853,67,,1,,12291
11854,67,,1,,12292
11855,67,,1,,12293
11856,67,,1,,12294
11857,67,,1,,12295
11858,67,,1,,12296
11859,67,,1,,12297
11860,67,,1,,12298
11861,67,,1,,12299
11862,67,,1,,12300
11863,67,,1,,12301
11864,67,,1,,12302
11865,67,,1,,12303
11866,67,,1,,12304
11867,67,,1,,12305
11868,67,,1,,12306
11869,67,,1,,12307
11870,67,,1,,12308
11871,67,,1,,12309
11872,67,,1,,12310
11873,67,,1,,12311
11874,67,,1,,12312
11875,67,,1,,12313
11876,67,,1,,12314
11877,67,,1,,12316
11878,67,,1,,12317
11879,67,,1,,12318
11880,67,,1,,12320
11881,67,,1,,12321
11882,67,,1,,12322
11883,67,,1,,12323
11884,67,,1,,12324
11885,67,,1,,12325
11886,67,,1,,12326
11887,67,,1,,12327
11888,67,,1,,12328
11889,67,,1,,12329
11890,67,,1,,12330
11891,67,,1,,12331
11892,67,,1,,12332
11893,67,,1,,12333
11894,67,,1,,12334
11895,67,,1,,12335
11896,67,,1,,12336
11897,67,,1,,12337
11898,67,,1,,12338
11899,67,,1,,12339
11900,67,,1,,12340
11901,67,,1,,12341
11902,67,,1,,12342
11903,67,,1,,12343
11904,67,,1,,12344
11905,39,,1,,12345
11906,39,,1,,12346
11907,69,,1,,12347
11908,67,,1,,12348
11909,67,,1,,12349
11910,69,,1,,12350
11911,69,,1,,12351
11912,69,,1,,12352
11913,69,,1,,12353
11914,43,,1,,12354
11915,67,,1,,12355
11916,67,,1,,12356
11917,67,,1,,12357
11918,66,,1,,12358
11919,67,,1,,12315
11920,67,,1,,12319
11921,67,,1,,12359
11922,67,,1,,12360
11923,67,,1,,12361
11924,67,,1,,12362
11925,67,,1,,12363
11926,67,,1,,12364
11927,67,,1,,12365
11928,8,,1,,12366
11929,67,,1,,12367
11930,39,,1,,12368
11931,69,,1,,12369
11932,69,,1,,12370
11933,69,,1,,12371
11934,69,,1,,12372
11935,69,,1,,12373
11936,36,,1,,12374
11937,36,,1,,12375
11938,39,,1,,12376
11939,39,,1,,12377
11940,39,,1,,12378
11941,69,,1,,12379
11942,69,,1,,12380
11943,39,,1,,12381
11944,39,,1,,12382
11945,69,,1,,12383
11946,69,,1,,12384
11947,36,,1,,12385
11948,36,,1,,12386
11949,36,,1,,12387
11950,36,,1,,12388
11951,67,,1,,12389
11952,39,,1,,12390
11953,39,,1,,12391
11954,59,,1,,12392
11955,59,,1,,12393
11956,59,,1,,12394
11957,39,,1,,12395
11958,59,,1,,12396
11959,59,,1,,12397
11960,69,,1,,12398
11961,59,,1,,12399
11962,39,,1,,12400
11963,39,,1,,12401
11964,39,,1,,12402
11965,39,,1,,12403
11966,39,,1,,12404
11967,69,,1,,12405
11968,69,,1,,12406
11969,59,,1,,12407
11970,39,,1,,12408
11971,39,,1,,12409
11972,39,,1,,12410
11973,39,,1,,12411
11974,69,,1,,12412
11975,69,,1,,12413
11976,39,,1,,12414
11977,36,,1,,12415
11978,36,,1,,12416
11979,69,,1,,12417
11980,69,,1,,12418
11981,39,,1,,12419
11982,69,,1,,12420
11983,69,,1,,12421
11984,69,,1,,12422
11985,69,,1,,12423
11986,36,,1,,12424
11987,39,,1,,12425
11988,67,,1,,12426
11989,67,,1,,12427
11990,67,,1,,12428
11991,67,,1,,12429
11992,67,,1,,12430
11993,67,,1,,12431
11994,67,,1,,12432
11995,39,,1,,12433
11996,39,,1,,12434
11997,39,,1,,12435
11998,36,,1,,12436
11999,36,,1,,12437
12000,41,,1,,12438
12001,39,,1,,12439
12002,69,,1,,12440
12003,69,,1,,12441
12004,41,,1,,12442
12005,41,,1,,12443
12006,39,,1,,12444
12007,39,,1,,12445
12008,39,,1,,12446
12009,39,,1,,12447
12010,39,,1,,12448
12011,67,,1,,12449
12012,39,,1,,12450
12013,39,,1,,12451
12014,39,,1,,12452
12015,39,,1,,12453
12016,39,,1,,12454
12017,39,,1,,12455
12018,39,,1,,12456
12019,39,,1,,12457
12020,69,,1,,12458
12021,69,,1,,12459
12022,69,,1,,12460
12023,69,,1,,12461
12024,23,,1,,12462
12025,39,,1,,12463
12026,39,,1,,12464
12027,39,,1,,12465
12028,39,,1,,12466
12029,39,,1,,12467
12030,23,,1,,12468
12031,39,,1,,12469
12032,39,,1,,12470
12033,39,,1,,12471
12034,67,,1,,12472
12035,39,,2,,12473
12036,39,,1,,12474
12037,69,,1,,12475
12038,69,,1,,12476
12039,69,,1,,12477
12040,69,,1,,12478
12041,69,,1,,12479
12042,39,,1,,12480
12043,69,,1,,12481
12044,36,,1,,12482
12045,36,,1,,12483
12046,36,,1,,12484
12047,36,,1,,12485
12048,36,,1,,12486
12049,36,,1,,12487
12050,69,,1,,12488
12051,69,,1,,12489
12052,43,,1,,12490
12053,36,,1,,12491
12054,67,,1,,12492
12055,39,,1,,12493
12056,39,,1,,12494
12057,39,,1,,12495
12058,39,,1,,12496
12059,36,,1,,12497
12060,69,,1,,12498
12061,36,,4,,12500
12062,36,,2,,12501
12063,69,,1,,12502
12064,69,,1,,12503
12065,36,,3,,12504
12066,69,,1,,12505
12067,69,,1,,12506
12068,69,,1,,12507
12069,69,,1,,12508
12070,69,,1,,12509
12071,69,,1,,12510
12072,43,,1,,12511
12073,69,,1,,12512
12074,69,,1,,12513
12075,69,,1,,12514
12076,69,,1,,12515
12077,69,,1,,12516
12078,43,,1,,12517
12079,69,,1,,12518
12080,69,,1,,12519
12081,69,,1,,12520
12082,69,,1,,12521
12083,69,,1,,12522
12084,39,,1,,12523
12085,39,,1,,12524
12086,39,,1,,12525
12087,39,,1,,12526
12088,39,,1,,12527
12089,39,,1,,12528
12090,39,,1,,12529
12091,39,,1,,12530
12092,69,,1,,12531
12093,69,,1,,12534
12094,39,,1,,12535
12095,39,,1,,12536
12096,39,,1,,12537
12097,39,,1,,12538
12098,39,,1,,12539
12099,39,,1,,12540
12100,69,,1,,12541
12101,69,,1,,12542
12102,36,,1,,12543
12103,69,,1,,12544
12104,69,,1,,12545
12105,69,,1,,12546
12106,69,,1,,12547
12107,69,,1,,12548
12108,69,,1,,12549
12109,69,,1,,12550
12110,69,,1,,12551
12111,69,,1,,12552
12112,69,,1,,12553
12113,25,,1,,12554
12114,25,,1,,12555
12115,69,,1,,12556
12116,69,,1,,12557
12117,69,,1,,12558
12118,69,,1,,12559
12119,69,,1,,12560
12120,69,,1,,12561
12121,69,,1,,12562
12122,69,,1,,12563
12123,69,,1,,12564
12124,69,,1,,12565
12125,69,,1,,12566
12126,69,,1,,12567
12127,69,,1,,12568
12128,43,,1,,12569
12129,69,,1,,12570
12130,69,,1,,12571
12131,36,,1,,12572
12132,22,,1,,12573
12133,36,,1,,12574
12134,69,,1,,12575
12135,69,,1,,12576
12136,41,,1,,12577
12137,69,,1,,12578
12138,69,,1,,12579
12139,69,,1,,12580
12140,23,,1,,12581
12141,39,,1,,12582
12142,39,,1,,12583
12143,67,,1,,12584
12144,67,,1,,12585
12145,13,,1,,12586
12146,39,,1,,12587
12147,39,,1,,12588
12148,39,,1,,12589
12149,39,,1,,12590
12150,39,,1,,12591
12151,39,,1,,12592
12152,70,,1,,12593
12153,39,,1,,12594
12154,39,,1,,12595
12155,69,,1,,12596
12156,39,,1,,12597
12157,39,,1,,12598
12158,39,,1,,12599
12159,39,,1,,12600
12160,39,,1,,12601
12161,39,,1,,12602
12162,69,,1,,12603
12163,39,,1,,12604
12164,39,,1,,12605
12165,39,,1,,12606
12166,39,,1,,12607
12167,39,,1,,12608
12168,39,,1,,12609
12169,67,,1,,12610
12170,67,,1,,12611
12171,39,,1,,12612
12172,39,,1,,12613
12173,39,,1,,12614
12174,39,,1,,12615
12175,39,,1,,12616
12176,69,,1,,12617
12177,39,,1,,12618
12178,39,,1,,12619
12179,69,,1,,12620
12180,39,,1,,12621
12181,23,,1,,12622
12182,39,,1,,12623
12183,39,,1,,12624
12184,39,,1,,12625
12185,39,,1,,12626
12186,39,,1,,12627
12187,23,,1,,12628
12188,39,,1,,12629
12189,39,,1,,12630
12190,39,,1,,12631
12191,39,,1,,12632
12192,39,,1,,12633
12193,8,,1,,12634
12194,8,,1,,12635
12195,67,,1,,12636
12196,67,,1,,12637
12197,67,,1,,12638
12198,39,,1,,12639
12199,69,,1,,12640
12200,69,,1,,12641
12201,39,,1,,12642
12202,39,,1,,12643
12203,39,,1,,12644
12204,67,,1,,12645
12205,39,,1,,12646
12206,39,,1,,12647
12207,39,,1,,12648
12208,39,,1,,12649
12209,39,,1,,12650
12210,39,,1,,12651
12211,39,,1,,12652
12212,23,,1,,12653
12213,67,,1,,12654
12214,43,,1,,12655
12215,39,,1,,12656
12216,39,,1,,12657
12217,39,,1,,12658
12218,39,,1,,12659
12219,43,,1,,12660
12220,39,,1,,12661
12221,39,,1,,12662
12222,66,,1,,12663
12223,36,,1,,12664
12224,39,,1,,12665
12225,39,,1,,12666
12226,39,,1,,12667
12227,39,,1,,12668
12228,43,,1,,12669
12229,39,,1,,12670
12230,36,,1,,12671
12231,43,,1,,12672
12232,39,,1,,12673
12233,39,,1,,12674
12234,39,,1,,12675
12235,39,,1,,12676
12236,39,,1,,12677
12237,39,,1,,12678
12238,23,,1,,12679
12239,39,,1,,12680
12240,39,,1,,12681
12241,36,,1,,12682
12242,36,,1,,12683
12243,66,,1,,12684
12244,39,,1,,12685
12245,39,,1,,12686
12246,39,,1,,12687
12247,39,,1,,12688
12248,39,,1,,12689
12249,39,,1,,12690
12250,39,,1,,12691
12251,43,,1,,12692
12252,36,,1,,12693
12253,36,,1,,12694
12254,39,,1,,12695
12255,39,,1,,12696
12256,69,,1,,12697
12257,69,,1,,12698
12258,69,,1,,12699
12259,69,,1,,12700
12260,43,,1,,12701
12261,23,,1,,12702
12262,39,,1,,12703
12263,69,,1,,12704
12264,69,,1,,12705
12265,69,,1,,12706
12266,69,,1,,12707
12267,39,,1,,12708
12268,39,,1,,12709
12269,39,,1,,12710
12270,39,,1,,12711
12271,39,,1,,12712
12272,39,,1,,12713
12273,39,,1,,12714
12274,36,,1,,12715
12275,39,,1,,12716
12276,39,,1,,12717
12277,67,,1,,12718
12278,39,,1,,12719
12279,39,,3,,12720
12280,39,,1,,12721
12281,39,,1,,12722
12282,39,,1,,12723
12283,43,,1,,12724
12284,39,,1,,12725
12285,39,,1,,12726
12286,23,,1,,12727
12287,43,,1,,12728
12288,39,,1,,12729
12289,39,,1,,12730
12290,39,,1,,12731
12291,23,,1,,12732
12292,39,,1,,12733
12293,69,,1,,12734
12294,69,,1,,12735
12295,39,,1,,12736
12296,13,,1,,12737
12297,36,,1,,12738
12298,36,,1,,12739
12299,39,,1,,12740
12300,39,,1,,12741
12301,39,,1,,12742
12302,39,,1,,12743
12303,39,,1,,12744
12304,67,,1,,12745
12305,39,,1,,12746
12306,13,,1,,12747
12307,43,,1,,12748
12308,36,,1,,12749
12309,22,,1,,12750
12310,22,,1,,12751
12311,8,,1,,12752
12312,39,,1,,12753
12313,39,,1,,12754
12314,69,,1,,12499
12315,69,,1,,12532
12316,69,,1,,12533
12317,67,,1,,12755
12318,67,,1,,12756
12319,36,,1,,12757
12320,36,,1,,12758
12321,36,,1,,12759
12322,36,,1,,12760
12323,39,,1,,12761
12324,39,,1,,12762
12325,39,,1,,12763
12326,67,,1,,12764
12327,67,,1,,12765
12328,67,,1,,12766
12329,39,,1,,12767
12330,39,,1,,12768
12331,39,,1,,12769
12332,39,,1,,12770
12333,39,,1,,12771
12334,36,,1,,12772
12335,39,,1,,12773
12336,39,,1,,12774
12337,39,,1,,12775
12338,39,,1,,12776
12339,39,,1,,12777
12340,39,,1,,12778
12341,39,,1,,12779
12342,39,,1,,12780
12343,39,,1,,12781
12344,66,,1,,12782
12345,39,,1,,12783
12346,39,,1,,12784
12347,39,,1,,12785
12348,39,,1,,12786
12349,39,,1,,12787
12350,39,,1,,12788
12351,23,,1,,12789
12352,39,,1,,12790
12353,39,,1,,12791
12354,39,,1,,12792
12355,39,,1,,12793
12356,39,,1,,12794
12357,39,,1,,12795
12358,39,,1,,12796
12359,39,,1,,12797
12360,39,,1,,12798
12361,39,,1,,12799
12362,39,,1,,12800
12363,39,,1,,12801
12364,39,,1,,12802
12365,39,,1,,12803
12366,39,,1,,12804
12367,39,,1,,12805
12368,39,,1,,12806
12369,39,,1,,12807
12370,39,,1,,12808
12371,39,,1,,12809
12372,39,,1,,12810
12373,39,,1,,12811
12374,39,,1,,12812
12375,39,,1,,12813
12376,39,,1,,12814
12377,39,,1,,12815
12378,39,,1,,12816
12379,39,,1,,12817
12380,39,,1,,12818
12381,39,,1,,12819
12382,39,,1,,12820
12383,39,,1,,12821
12384,39,,1,,12822
12385,39,,1,,12823
12386,66,,1,,12824
12387,39,,1,,12825
12388,39,,1,,12826
12389,39,,1,,12827
12390,39,,1,,12828
12391,39,,1,,12829
12392,39,,1,,12830
12393,39,,1,,12831
12394,39,,1,,12832
12395,39,,1,,12833
12396,39,,1,,12834
12397,39,,1,,12835
12398,39,,1,,12836
12399,39,,1,,12837
12400,39,,1,,12838
12401,67,,1,,12839
12402,67,,1,,12841
12403,39,,1,,12842
12404,39,,1,,12843
12405,39,,1,,12844
12406,39,,1,,12845
12407,39,,1,,12846
12408,36,,1,,12847
12409,39,,1,,12848
12410,39,,1,,12849
12411,39,,1,,12850
12412,39,,1,,12851
12413,39,,1,,12852
12414,39,,1,,12853
12415,39,,1,,12854
12416,39,,1,,12855
12417,39,,1,,12856
12418,39,,1,,12857
12419,39,,1,,12858
12420,39,,1,,12859
12421,39,,1,,12860
12422,66,,1,,12861
12423,39,,1,,12862
12424,39,,1,,12863
12425,39,,1,,12864
12426,39,,1,,12865
12427,39,,1,,12866
12428,39,,1,,12867
12429,23,,1,,12868
12430,39,,1,,12869
12431,39,,1,,12870
12432,39,,1,,12871
12433,39,,1,,12872
12434,39,,1,,12873
12435,39,,1,,12874
12436,39,,1,,12875
12437,39,,1,,12876
12438,39,,1,,12877
12439,39,,1,,12878
12440,39,,1,,12879
12441,39,,1,,12880
12442,39,,1,,12881
12443,39,,1,,12882
12444,39,,1,,12883
12445,39,,1,,12884
12446,39,,1,,12885
12447,39,,1,,12886
12448,39,,1,,12887
12449,39,,1,,12888
12450,39,,1,,12889
12451,39,,1,,12890
12452,39,,1,,12891
12453,39,,1,,12892
12454,39,,1,,12893
12455,39,,1,,12894
12456,39,,1,,12895
12457,39,,1,,12896
12458,39,,1,,12897
12459,39,,1,,12898
12460,39,,1,,12899
12461,39,,1,,12900
12462,39,,1,,12901
12463,39,,1,,12902
12464,39,,1,,12903
12465,39,,1,,12904
12466,66,,1,,12905
12467,39,,1,,12906
12468,39,,1,,12907
12469,39,,1,,12908
12470,39,,1,,12909
12471,39,,1,,12910
12472,39,,1,,12911
12473,39,,1,,12912
12474,39,,1,,12913
12475,39,,1,,12914
12476,39,,1,,12915
12477,39,,1,,12916
12478,39,,1,,12917
12479,67,,1,,12918
12480,39,,1,,12919
12481,39,,1,,12920
12482,39,,1,,12921
12483,39,,1,,12922
12484,39,,1,,12923
12485,39,,1,,12924
12486,23,,1,,12925
12487,39,,1,,12926
12488,39,,1,,12927
12489,39,,1,,12928
12490,39,,1,,12929
12491,39,,1,,12930
12492,39,,1,,12931
12493,39,,1,,12932
12494,67,,1,,12933
12495,23,,1,,12934
12496,39,,1,,12935
12497,39,,1,,12936
12498,39,,1,,12937
12499,39,,1,,12938
12500,39,,1,,12939
12501,39,,1,,12940
12502,39,,1,,12941
12503,39,,1,,12942
12504,67,,1,,12943
12505,39,,1,,12944
12506,67,,1,,12945
12507,39,,1,,12946
12508,39,,1,,12947
12509,39,,1,,12948
12510,39,,1,,12949
12511,39,,1,,12950
12512,39,,1,,12951
12513,23,,1,,12952
12514,39,,1,,12953
12515,39,,1,,12954
12516,39,,1,,12955
12517,67,,1,,12956
12518,39,,1,,12957
12519,67,,1,,12958
12520,39,,1,,12959
12521,39,,1,,12960
12522,39,,1,,12961
12523,39,,1,,12962
12524,39,,1,,12963
12525,67,,1,,12964
12526,39,,1,,12965
12527,39,,1,,12966
12528,39,,1,,12967
12529,39,,1,,12968
12530,67,,1,,12969
12531,39,,1,,12970
12532,39,,1,,12971
12533,39,,1,,12972
12534,67,,1,,12973
12535,39,,1,,12974
12536,39,,1,,12975
12537,39,,1,,12976
12538,39,,1,,12977
12539,39,,1,,12978
12540,39,,1,,12979
12541,39,,1,,12980
12542,39,,1,,12981
12543,39,,1,,12982
12544,39,,1,,12983
12545,39,,1,,12984
12546,39,,1,,12985
12547,39,,1,,12986
12549,67,,1,,12987
12550,23,,1,,12988
12551,39,,1,,12989
12552,39,,1,,12990
12553,67,,1,,12991
12554,67,,1,,12992
12555,39,,1,,12993
12556,39,,1,,12994
12557,67,,1,,12995
12558,67,,1,,12996
12559,39,,1,,12997
12560,39,,1,,12998
12561,67,,1,,12999
12562,39,,1,,13000
12563,39,,1,,13001
12564,39,,1,,13002
12565,67,,1,,13003
12566,67,,1,,13004
12567,39,,1,,13005
12568,39,,1,,13006
12569,39,,1,,13007
12570,39,,1,,13008
12571,67,,1,,13009
12572,39,,1,,13010
12573,39,,1,,13011
12574,39,,1,,13012
12575,39,,1,,13013
12576,39,,1,,13014
12577,39,,1,,13015
12578,39,,1,,13016
12579,39,,1,,13017
12580,39,,1,,13018
12581,39,,1,,13019
12582,67,,1,,13020
12584,67,,1,,13021
12585,67,,1,,13022
12586,67,,1,,13023
12587,39,,1,,13024
12588,39,,1,,13025
12589,39,,1,,13026
12590,39,,1,,13027
12591,39,,1,,13028
12592,39,,1,,13029
12593,39,,1,,13030
12594,39,,1,,13031
12595,39,,1,,13032
12596,39,,1,,13033
12597,36,,1,,13034
12598,23,,1,,13035
12599,39,,1,,13036
12600,39,,1,,13037
12601,39,,1,,13038
12602,39,,1,,13039
12603,67,,1,,13040
12604,39,,1,,13041
12605,39,,1,,13042
12606,39,,1,,13043
12607,39,,1,,13044
12608,39,,1,,13045
12609,39,,1,,13046
12610,43,,1,,13047
12611,67,,1,,13048
12612,67,,1,,13049
12613,23,,1,,13050
12614,43,,1,,13051
12615,39,,1,,13052
12616,39,,1,,13053
12617,39,,1,,13054
12618,23,,1,,13055
12619,39,,1,,13056
12620,39,,1,,13057
12621,23,,1,,13058
12622,39,,1,,13059
12623,39,,1,,13060
12624,39,,1,,13061
12625,43,,1,,13062
12626,43,,1,,13063
12627,39,,1,,13064
12628,39,,1,,13065
12629,39,,1,,13066
12630,39,,1,,13067
12631,39,,1,,13068
12632,39,,1,,13069
12633,39,,1,,13070
12634,39,,1,,13071
12635,39,,1,,13072
12636,39,,1,,13073
12637,39,,1,,13074
12638,39,,1,,13075
12639,39,,1,,13076
12640,39,,1,,13077
12641,39,,1,,13078
12642,39,,1,,13079
12643,39,,1,,13080
12644,39,,1,,13081
12645,39,,1,,13082
12646,39,,1,,13083
12647,39,,1,,13084
12648,39,,1,,13085
12649,39,,1,,13086
12650,23,,1,,13087
12651,23,,1,,13088
12652,39,,1,,13089
12653,39,,1,,13090
12654,67,,1,,13091
12655,39,,1,,13092
12656,39,,1,,13093
12657,39,,1,,13094
12658,43,,1,,13095
12659,23,,1,,13096
12660,39,,1,,13097
12661,39,,1,,13098
12662,39,,1,,13099
12663,43,,1,,13100
12664,67,,1,,13101
12665,39,,1,,13102
12666,39,,1,,13103
12667,39,,1,,13104
12668,39,,1,,13105
12669,39,,1,,13106
12670,39,,1,,13107
12671,39,,1,,13108
12672,39,,1,,13109
12673,39,,1,,13110
12674,67,,1,,12840
12675,39,,1,,13111
12676,39,,1,,13112
12677,39,,1,,13113
12678,23,,1,,13114
12679,39,,1,,13115
12680,39,,1,,13116
12681,39,,1,,13117
12682,39,,1,,13118
12683,39,,1,,13119
12684,39,,1,,13120
12685,39,,1,,13121
12686,39,,1,,13122
12687,39,,1,,13123
12688,39,,1,,13124
12689,23,,1,,13125
12690,39,,1,,13126
12691,39,,1,,13127
12692,67,,1,,13128
12693,23,,1,,13129
12694,39,,1,,13130
12695,39,,1,,13131
12696,39,,1,,13132
12697,39,,1,,13133
12698,39,,1,,13134
12699,39,,1,,13135
12700,39,,1,,13136
12701,39,,1,,13137
12702,39,,1,,13139
12703,39,,1,,13140
12704,39,,1,,13141
12705,39,,1,,13142
12706,39,,1,,13143
12707,39,,1,,13144
12708,39,,1,,13145
12709,39,,1,,13146
12710,39,,1,,13147
12711,39,,1,,13148
12712,39,,1,,13149
12713,39,,1,,13150
12714,39,,1,,13151
12715,39,,1,,13152
12716,39,,1,,13153
12717,39,,1,,13154
12718,39,,1,,13155
12719,39,,1,,13156
12720,39,,1,,13157
12721,39,,1,,13158
12722,39,,1,,13159
12723,39,,1,,13160
12724,39,,1,,13161
12725,39,,1,,13162
12726,39,,1,,13163
12727,39,,1,,13164
12728,39,,1,,13165
12729,39,,1,,13166
12730,39,,1,,13167
12731,39,,1,,13168
12732,39,,1,,13169
12733,39,,1,,13170
12734,39,,1,,13171
12735,39,,1,,13172
12736,39,,1,,13173
12737,39,,1,,13174
12738,39,,1,,13175
12739,39,,1,,13176
12740,39,,1,,13177
12741,39,,1,,13178
12742,39,,1,,13179
12743,39,,1,,13180
12744,67,,1,,13181
12745,39,,1,,13182
12746,39,,1,,13183
12747,39,,1,,13184
12748,39,,1,,13185
12749,39,,1,,13186
12750,39,,1,,13187
12751,39,,1,,13188
12752,39,,1,,13189
12753,39,,1,,13190
12754,67,,1,,13191
12755,43,,1,,13192
12756,39,,1,,13193
12757,39,,1,,13194
12758,39,,1,,13195
12759,39,,1,,13196
12760,39,,1,,13197
12761,39,,1,,13198
12762,39,,1,,13199
12763,39,,1,,13200
12764,39,,1,,13201
12765,39,,1,,13202
12766,39,,1,,13203
12767,39,,1,,13204
12768,39,,1,,13205
12769,39,,1,,13206
12770,39,,1,,13207
12771,39,,1,,13208
12772,39,,1,,13209
12773,39,,1,,13210
12774,39,,1,,13211
12775,39,,1,,13212
12776,39,,1,,13213
12777,39,,1,,13214
12778,23,,1,,13215
12779,39,,1,,13216
12780,39,,1,,13217
12781,39,,1,,13218
12782,39,,1,,13219
12783,39,,1,,13220
12784,39,,1,,13221
12785,39,,1,,13222
12786,39,,1,,13223
12787,39,,1,,13224
12788,39,,1,,13225
12789,39,,1,,13226
12790,39,,1,,13227
12791,39,,1,,13228
12792,39,,1,,13229
12793,39,,1,,13230
12794,39,,1,,13231
12795,39,,1,,13232
12796,39,,1,,13233
12797,39,,1,,13234
12798,39,,1,,13235
12799,39,,1,,13236
12800,39,,1,,13237
12801,39,,1,,13238
12802,39,,1,,13239
12803,39,,1,,13240
12804,39,,1,,13241
12805,39,,1,,13242
12806,39,,1,,13243
12807,39,,1,,13244
12808,39,,1,,13245
12809,39,,1,,13246
12810,39,,1,,13247
12811,39,,1,,13248
12812,39,,1,,13249
12813,39,,1,,13250
12814,39,,1,,13251
12815,39,,1,,13252
12816,39,,1,,13253
12817,23,,1,,13254
12818,39,,1,,13255
12819,39,,1,,13256
12820,39,,1,,13257
12821,39,,1,,13258
12822,39,,1,,13259
12823,39,,1,,13260
12824,39,,1,,13261
12825,39,,1,,13262
12826,39,,1,,13263
12827,39,,1,,13264
12828,39,,1,,13265
12829,39,,1,,13266
12830,39,,1,,13267
12831,39,,1,,13268
12833,39,,1,,13269
12834,39,,1,,13270
12835,39,,1,,13271
12836,39,,1,,13272
12837,39,,1,,13273
12838,39,,1,,13274
12839,39,,1,,13275
12840,67,,1,,13276
12841,39,,1,,13277
12842,39,,1,,13278
12843,39,,1,,13279
12844,23,,1,,13280
12845,39,,1,,13281
12846,39,,1,,13282
12847,69,,1,,13283
12848,69,,1,,13284
12849,36,,1,,13285
12850,36,,1,,13286
12851,39,,1,,13138
12852,69,,1,,13287
12853,69,,1,,13288
12854,69,,1,,13289
12855,69,,1,,13290
12856,69,,1,,13291
12857,69,,1,,13292
12858,69,,1,,13293
12859,69,,1,,13294
12860,69,,1,,13295
12861,69,,1,,13296
12862,69,,1,,13297
12863,69,,1,,13298
12864,69,,1,,13299
12865,67,,1,,13300
12866,69,,1,,13301
12867,69,,1,,13302
12868,39,,1,,13303
12869,41,,1,,13304
12870,39,,1,,13305
12871,39,,1,,13306
12872,69,,1,,13307
12873,69,,1,,13308
12874,43,,1,,13309
12875,13,,1,,13310
12876,39,,1,,13311
12877,39,,1,,13312
12878,36,,1,,13313
12879,22,,1,,13314
12880,39,,1,,13315
12881,39,,1,,13316
12882,39,,1,,13317
12883,39,,1,,13318
12884,39,,1,,13319
12885,39,,1,,13320
12886,36,,1,,13321
12887,13,,1,,13322
12888,13,,1,,13323
12889,43,,1,,13324
12890,39,,1,,13325
12891,39,,1,,13326
12892,69,,1,,13327
12893,69,,1,,13328
12894,39,,1,,13329
12895,39,,1,,13330
12896,39,,1,,13331
12897,67,,1,,13332
12898,39,,1,,13333
12899,39,,1,,13334
12900,39,,1,,13335
12901,39,,1,,13336
12902,39,,1,,13337
12903,39,,1,,13338
12904,39,,1,,13339
12905,23,,1,,13340
12906,67,,1,,13341
12907,43,,1,,13342
12908,39,,1,,13343
12909,39,,1,,13344
12910,39,,1,,13345
12911,39,,1,,13346
12912,43,,1,,13347
12913,39,,1,,13348
12914,39,,1,,13349
12915,66,,1,,13350
12916,36,,1,,13351
12917,39,,1,,13352
12918,39,,1,,13353
12919,39,,1,,13354
12920,39,,1,,13355
12921,43,,1,,13356
12922,39,,1,,13357
12923,36,,1,,13358
12924,43,,1,,13359
12925,39,,1,,13360
12926,39,,1,,13361
12927,39,,1,,13362
12928,39,,1,,13363
12929,39,,1,,13364
12930,39,,1,,13365
12931,39,,1,,13366
12932,39,,1,,13367
12933,39,,1,,13368
12934,36,,1,,13369
12935,36,,1,,13370
12936,66,,1,,13371
12937,39,,1,,13372
12938,39,,1,,13373
12939,39,,1,,13374
12940,39,,1,,13375
12941,39,,1,,13376
12942,39,,1,,13377
12943,39,,1,,13378
12944,43,,1,,13379
12945,36,,1,,13380
12946,36,,1,,13381
12947,39,,1,,13382
12948,39,,1,,13383
12949,69,,1,,13384
12950,69,,1,,13385
12951,69,,1,,13386
12952,69,,1,,13387
12953,43,,1,,13388
12954,23,,1,,13389
12955,39,,1,,13390
12956,69,,1,,13391
12957,69,,1,,13392
12958,69,,1,,13393
12959,69,,1,,13394
12960,39,,1,,13395
12961,39,,1,,13396
12962,39,,1,,13397
12963,39,,1,,13398
12964,39,,1,,13399
12965,39,,1,,13400
12966,39,,1,,13401
12967,36,,1,,13402
12968,39,,1,,13403
12969,39,,1,,13404
12970,67,,1,,13405
12971,39,,1,,13406
12972,39,,1,,13407
12973,39,,1,,13408
12974,39,,1,,13409
12975,39,,1,,13410
12976,43,,1,,13411
12977,39,,1,,13412
12978,39,,1,,13413
12979,23,,1,,13414
12980,43,,1,,13415
12981,39,,1,,13416
12982,39,,1,,13417
12983,39,,1,,13418
12984,23,,1,,13419
12985,39,,1,,13420
12986,69,,1,,13421
12987,69,,1,,13422
12988,39,,1,,13423
12989,13,,1,,13424
12990,36,,1,,13425
12991,36,,1,,13426
12992,39,,1,,13427
12993,39,,1,,13428
12994,39,,1,,13429
12995,39,,1,,13430
12996,39,,1,,13431
12997,67,,1,,13432
12998,39,,1,,13433
12999,13,,1,,13434
13000,43,,1,,13435
13001,36,,1,,13436
13002,22,,1,,13437
13003,22,,1,,13438
13004,8,,1,,13439
13005,39,,1,,13440
13006,39,,1,,13441
13007,69,,1,,13442
13008,69,,1,,13443
13009,41,,1,,13444
13010,69,,1,,13445
13011,69,,1,,13446
13012,69,,1,,13447
13013,23,,1,,13448
13014,39,,1,,13449
13015,39,,1,,13450
13016,67,,1,,13451
13017,67,,1,,13452
13018,13,,1,,13453
13019,39,,1,,13454
13020,39,,1,,13455
13021,39,,1,,13456
13022,39,,1,,13457
13023,39,,1,,13458
13024,39,,1,,13459
13025,70,,1,,13460
13026,39,,1,,13461
13027,39,,1,,13462
13028,69,,1,,13463
13029,39,,1,,13464
13030,39,,1,,13465
13031,39,,1,,13466
13032,39,,1,,13467
13033,39,,1,,13468
13034,39,,1,,13469
13035,69,,1,,13470
13036,39,,1,,13471
13037,39,,1,,13472
13038,39,,1,,13473
13039,39,,1,,13474
13040,39,,1,,13475
13041,39,,1,,13476
13042,67,,1,,13477
13043,67,,1,,13478
13044,39,,1,,13479
13045,39,,1,,13480
13046,39,,1,,13481
13047,39,,1,,13482
13048,39,,1,,13483
13049,69,,1,,13484
13050,39,,1,,13485
13051,39,,1,,13486
13052,69,,1,,13487
13053,39,,1,,13488
13054,23,,1,,13489
13055,39,,1,,13490
13056,39,,1,,13491
13057,39,,1,,13492
13058,39,,1,,13493
13059,39,,1,,13494
13060,23,,1,,13495
13061,39,,1,,13496
13062,39,,1,,13497
13063,39,,1,,13498
13064,39,,1,,13499
13065,39,,1,,13500
13066,8,,1,,13501
13067,8,,1,,13502
13068,67,,1,,13503
13069,67,,1,,13504
13070,67,,1,,13505
13071,43,,1,,13506
13072,39,,1,,13507
13073,39,,1,,13508
13074,39,,1,,13509
13075,23,,1,,13510
13076,39,,1,,13511
13077,69,,1,,13512
13078,39,,1,,13513
13079,69,,1,,13514
13080,39,,1,,13515
13081,39,,1,,13516
13082,39,,1,,13517
13083,39,,1,,13518
13084,39,,1,,13519
13085,36,,1,,13520
13086,36,,1,,13521
13087,36,,1,,13522
13088,36,,1,,13523
13089,43,,1,,13524
13090,39,,1,,13525
13091,23,,1,,13526
13092,43,,1,,13527
13093,23,,1,,13528
13094,39,,1,,13529
13095,39,,1,,13530
13096,39,,1,,13531
13097,39,,1,,13532
13098,39,,1,,13533
13099,36,,1,,13534
13100,39,,1,,13535
13101,43,,1,,13536
13102,43,,1,,13537
13103,43,,1,,13538
13104,43,,1,,13539
13105,69,,1,,13540
13106,69,,1,,13541
13107,43,,1,,13542
13108,43,,1,,13543
13109,36,,1,,13544
13110,67,,1,,13545
13111,43,,1,,13546
13112,43,,1,,13547
13113,43,,1,,13548
13114,43,,1,,13549
13115,43,,1,,13550
13116,69,,1,,13551
13117,69,,1,,13552
13118,36,,1,,13553
13119,36,,1,,13554
13120,36,,1,,13555
13121,41,,1,,13556
13122,43,,1,,13557
13123,59,,1,,13558
13124,43,,1,,13559
13125,39,,1,,13560
13126,36,,1,,13561
13127,22,,1,,13562
13128,43,,1,,13563
13129,36,,1,,13564
13130,36,,1,,13565
13131,36,,1,,13566
13132,36,,1,,13567
13133,39,,1,,13568
13134,39,,1,,13569
13135,39,,1,,13570
13136,39,,1,,13571
13137,39,,1,,13572
13138,39,,1,,13573
13139,39,,1,,13574
13140,39,,1,,13575
13141,39,,1,,13576
13142,39,,1,,13577
13143,39,,1,,13578
13144,39,,1,,13579
13145,39,,1,,13580
13146,39,,1,,13581
13147,39,,1,,13582
13148,39,,1,,13583
13149,39,,1,,13584
13150,39,,1,,13585
13151,39,,1,,13586
13152,39,,1,,13587
13153,39,,1,,13588
13154,23,,1,,13589
13155,23,,1,,13590
13156,39,,1,,13591
13157,23,,1,,13592
13158,36,,1,,13593
13159,39,,1,,13594
13160,39,,1,,13595
13161,43,,1,,13596
13162,13,,1,,13597
13163,39,,1,,13598
13164,39,,1,,13599
13165,39,,1,,13600
13166,67,,1,,13601
13167,67,,1,,13602
13168,36,,1,,13603
13169,36,,1,,13604
13170,71,,1,,13605
13171,71,,1,,13606
13172,71,,1,,13607
13173,59,,1,,13608
13174,59,,1,,13609
13175,59,,1,,13610
13176,11,,1,,13611
13177,11,,1,,13612
13178,8,,1,,13613
13179,11,,1,,13614
13180,11,,1,,13615
13181,11,,1,,13616
13182,11,,1,,13617
13183,11,,1,,13618
13184,11,,1,,13619
13185,11,,1,,13620
13186,11,,1,,13621
13187,11,,1,,13622
13188,11,,1,,13623
13189,11,,1,,13624
13190,11,,1,,13625
13191,11,,1,,13626
13192,11,,1,,13627
13193,11,,1,,13628
13194,11,,1,,13629
13195,11,,1,,13630
13196,11,,1,,13631
13197,11,,1,,13632
13198,11,,1,,13633
13199,11,,1,,13634
13200,11,,1,,13635
13201,11,,1,,13636
13202,11,,1,,13637
13203,11,,1,,13638
13204,11,,1,,13639
13205,11,,1,,13640
13206,11,,1,,13641
13207,11,,1,,13642
13208,11,,1,,13643
13209,11,,1,,13644
13210,11,,1,,13645
13211,11,,1,,13646
13212,11,,1,,13647
13213,11,,1,,13648
13214,11,,1,,13649
13215,11,,1,,13650
13216,11,,1,,13651
13217,11,,1,,13652
13218,11,,1,,13653
13219,11,,1,,13654
13220,11,,1,,13655
13221,11,,1,,13656
13222,11,,1,,13657
13223,11,,1,,13658
13224,11,,1,,13659
13225,11,,1,,13660
13226,11,,1,,13661
13227,11,,1,,13662
13228,11,,1,,13663
13229,11,,1,,13664
13230,11,,1,,13665
13231,11,,1,,13666
13232,11,,1,,13667
13233,11,,1,,13668
13234,11,,1,,13669
13235,11,,1,,13670
13236,11,,1,,13671
13237,11,,1,,13672
13238,11,,1,,13673
13239,11,,1,,13674
13240,11,,1,,13675
13241,36,,1,,13676
13242,36,,1,,13677
13243,36,,1,,13678
13244,36,,1,,13679
13245,36,,1,,13680
13246,36,,1,,13681
13247,36,,1,,13682
13248,39,,1,,13683
13249,39,,1,,13684
13250,11,,1,,13685
13251,36,,1,,13686
13252,36,,1,,13687
13253,36,,1,,13688
13254,36,,1,,13689
13255,36,,1,,13690
13256,36,,1,,13691
13257,36,,1,,13692
13258,36,,1,,13693
13259,36,,1,,13694
13260,36,,1,,13695
13261,36,,1,,13696
13262,36,,1,,13697
13263,36,,1,,13698
13264,36,,1,,13699
13265,36,,1,,13700
13266,36,,1,,13701
13267,36,,1,,13702
13268,36,,1,,13703
13269,36,,1,,13704
13270,36,,1,,13705
13271,36,,1,,13706
13272,36,,1,,13707
13273,36,,1,,13708
13274,36,,1,,13709
13275,36,,1,,13710
13276,36,,1,,13711
13277,36,,1,,13712
13278,36,,1,,13713
13279,36,,1,,13714
13280,36,,1,,13715
13281,36,,1,,13716
13282,36,,1,,13717
13283,36,,1,,13718
13284,36,,1,,13719
13285,36,,1,,13720
13286,36,,1,,13721
13287,36,,1,,13722
13288,36,,1,,13723
13289,36,,1,,13724
13290,36,,1,,13725
13291,36,,1,,13726
13292,36,,1,,13727
13293,36,,1,,13728
13294,36,,1,,13729
13295,36,,1,,13730
13296,36,,1,,13731
13297,36,,1,,13732
13298,36,,1,,13733
13299,36,,1,,13734
13300,36,,1,,13735
13301,36,,1,,13736
13302,36,,1,,13737
13303,36,,1,,13738
13304,36,,1,,13739
13305,36,,1,,13740
13306,36,,1,,13741
13307,36,,1,,13742
13308,36,,1,,13743
13309,36,,1,,13744
13310,36,,1,,13745
13311,36,,1,,13746
13312,36,,1,,13747
13313,36,,1,,13748
13314,36,,1,,13749
13315,36,,1,,13750
13316,36,,1,,13751
13317,36,,1,,13752
13318,36,,1,,13753
13319,36,,1,,13754
13320,36,,1,,13755
13321,36,,1,,13756
13322,36,,1,,13757
13323,36,,1,,13758
13324,36,,1,,13759
13325,36,,1,,13760
13326,36,,1,,13761
13327,36,,1,,13762
13328,36,,1,,13763
13329,36,,1,,13764
13330,36,,1,,13765
13331,36,,1,,13766
13332,36,,1,,13767
13333,36,,1,,13768
13334,36,,1,,13769
13335,36,,1,,13770
13336,36,,1,,13771
13337,36,,1,,13772
13338,36,,1,,13773
13339,36,,1,,13774
13340,36,,1,,13775
13341,36,,1,,13776
13342,36,,1,,13777
13343,36,,1,,13778
13344,36,,1,,13779
13345,36,,1,,13780
13346,36,,1,,13781
13347,36,,1,,13782
13348,36,,1,,13783
13349,36,,1,,13784
13350,36,,1,,13785
13351,36,,1,,13786
13352,36,,1,,13787
13353,36,,1,,13788
13354,36,,1,,13789
13355,36,,1,,13790
13356,11,,1,,13791
13357,11,,1,,13792
13358,36,,1,,13793
13359,36,,1,,13794
13360,36,,1,,13795
13361,36,,1,,13796
13362,36,,1,,13797
13363,36,,1,,13798
13364,36,,1,,13799
13365,36,,1,,13800
13366,36,,1,,13801
13367,36,,1,,13802
13368,36,,1,,13803
13369,36,,1,,13804
13370,36,,1,,13805
13371,41,,1,,13806
13372,21,,1,,13807
13373,11,,1,,13808
13374,11,,1,,13809
13375,11,,1,,13810
13376,11,,1,,13811
13377,36,,1,,13812
13378,36,,1,,13813
13379,36,,1,,13814
13380,36,,1,,13815
13381,36,,1,,13816
13382,13,,1,,13817
13383,36,,1,,13818
13384,36,,1,,13819
13385,36,,1,,13820
13386,39,,1,,13821
13387,39,,1,,13822
13388,39,,1,,13823
13389,39,,1,,13824
13390,11,,1,,13825
13391,36,,1,,13826
13392,23,,1,,13827
13393,11,,1,,13828
13394,39,,1,,13829
13395,39,,1,,13830
13396,36,,1,,13831
13397,39,,1,,13832
13398,36,,1,,13833
13399,39,,1,,13834
13400,39,,1,,13835
13401,39,,1,,13836
13402,39,,1,,13837
13403,39,,1,,13838
13404,39,,1,,13839
13405,39,,1,,13840
13406,39,,1,,13841
13407,39,,1,,13842
13408,39,,1,,13843
13409,39,,1,,13844
13410,39,,1,,13845
13411,39,,1,,13846
13412,39,,1,,13847
13413,39,,1,,13848
13414,39,,1,,13849
13415,39,,1,,13850
13416,39,,1,,13851
13417,39,,1,,13852
13418,39,,1,,13853
13419,39,,1,,13854
13420,39,,1,,13855
13421,39,,1,,13856
13422,39,,1,,13857
13423,39,,1,,13858
13424,39,,1,,13859
13425,39,,1,,13860
13426,11,,1,,13861
13427,39,,1,,13862
13428,39,,1,,13863
13429,39,,1,,13864
13430,39,,1,,13865
13431,39,,1,,13866
13432,39,,1,,13867
13433,36,,1,,13868
13434,36,,1,,13869
13435,39,,1,,13870
13436,39,,1,,13871
13437,39,,1,,13872
13438,39,,1,,13873
13439,39,,1,,13874
13440,39,,1,,13875
13441,39,,1,,13876
13442,39,,1,,13877
13443,39,,1,,13878
13444,39,,1,,13879
13445,39,,1,,13880
13446,39,,1,,13881
13447,39,,1,,13882
13448,39,,1,,13883
13449,66,,1,,13884
13450,39,,1,,13885
13451,39,,1,,13886
13452,39,,1,,13887
13453,39,,1,,13888
13454,11,,1,,13889
13455,66,,1,,13890
13456,39,,1,,13891
13457,39,,1,,13892
13458,39,,1,,13893
13459,39,,1,,13894
13460,39,,1,,13895
13461,39,,1,,13896
13462,39,,1,,13897
13463,39,,1,,13898
13464,39,,1,,13899
13465,39,,1,,13900
13466,39,,1,,13901
13467,11,,1,,13902
13468,39,,1,,13903
13469,39,,1,,13904
13470,39,,1,,13905
13471,39,,1,,13906
13472,39,,1,,13907
13473,39,,1,,13908
13474,39,,1,,13909
13475,39,,1,,13910
13476,39,,1,,13911
13477,39,,1,,13912
13478,39,,1,,13913
13479,39,,1,,13914
13480,39,,1,,13915
13481,39,,1,,13916
13482,39,,1,,13917
13483,39,,1,,13918
13484,39,,1,,13919
13485,39,,1,,13920
13486,39,,1,,13921
13487,39,,1,,13922
13488,39,,1,,13923
13489,39,,1,,13924
13490,39,,1,,13925
13491,39,,1,,13926
13492,66,,1,,13927
13493,39,,1,,13928
13494,39,,1,,13929
13495,39,,1,,13930
13496,39,,1,,13931
13497,39,,1,,13932
13498,39,,1,,13933
13499,39,,1,,13934
13500,39,,1,,13935
13501,39,,1,,13936
13502,39,,1,,13937
13503,39,,1,,13938
13504,39,,1,,13939
13505,11,,1,,13940
13506,39,,1,,13941
13507,39,,1,,13942
13508,39,,1,,13943
13509,39,,1,,13944
13510,39,,1,,13945
13511,39,,1,,13946
13512,39,,1,,13947
13513,39,,1,,13948
13514,39,,1,,13949
13515,11,,1,,13950
13516,39,,1,,13951
13517,39,,1,,13952
13518,39,,1,,13953
13519,39,,1,,13954
13520,39,,1,,13955
13521,39,,1,,13956
13522,39,,1,,13957
13523,39,,1,,13958
13524,39,,1,,13959
13525,39,,1,,13960
13526,39,,1,,13961
13527,39,,1,,13962
13528,39,,1,,13963
13529,11,,1,,13964
13530,39,,1,,13965
13531,39,,1,,13966
13532,39,,1,,13967
13533,39,,1,,13968
13534,39,,1,,13969
13535,39,,1,,13970
13536,39,,1,,13971
13537,39,,1,,13972
13538,39,,1,,13973
13539,39,,1,,13974
13540,39,,1,,13975
13541,39,,1,,13976
13542,39,,1,,13977
13543,39,,1,,13978
13544,39,,1,,13979
13545,39,,1,,13980
13546,39,,1,,13981
13547,11,,1,,13982
13548,39,,1,,13983
13549,39,,1,,13984
13550,39,,1,,13985
13551,39,,1,,13986
13552,39,,1,,13987
13553,39,,1,,13988
13554,39,,1,,13989
13555,39,,1,,13990
13556,39,,1,,13991
13557,39,,1,,13992
13558,39,,1,,13993
13559,39,,1,,13994
13560,39,,1,,13995
13561,39,,1,,13996
13562,11,,1,,13997
13563,39,,1,,13998
13564,39,,1,,13999
13565,39,,1,,14000
13566,11,,1,,14001
13567,39,,1,,14002
13568,39,,1,,14003
13569,11,,1,,14004
13570,39,,1,,14005
13571,39,,1,,14006
13572,39,,1,,14007
13573,23,,1,,14008
13574,39,,1,,14009
13575,23,,1,,14010
13576,39,,1,,14011
13577,39,,1,,14012
13578,39,,1,,14013
13579,39,,1,,14014
13580,39,,1,,14015
13581,39,,1,,14016
13582,39,,1,,14017
13583,39,,1,,14018
13584,39,,1,,14019
13585,39,,1,,14020
13586,39,,1,,14021
13587,39,,1,,14022
13588,39,,1,,14023
13589,23,,1,,14024
13590,39,,1,,14025
13591,39,,1,,14026
13592,39,,1,,14027
13593,39,,1,,14028
13594,39,,1,,14029
13595,39,,1,,14030
13596,39,,1,,14031
13597,39,,1,,14032
13598,39,,1,,14033
13599,39,,1,,14034
13600,39,,1,,14035
13601,39,,1,,14036
13602,39,,1,,14037
13603,39,,1,,14038
13604,39,,1,,14039
13605,39,,1,,14040
13606,11,,1,,14041
13607,39,,1,,14042
13608,39,,1,,14043
13609,39,,1,,14044
13610,11,,1,,14045
13611,39,,1,,14046
13612,39,,1,,14047
13613,39,,1,,14048
13614,39,,1,,14049
13615,39,,1,,14050
13616,39,,1,,14051
13617,39,,1,,14052
13618,39,,1,,14053
13619,39,,1,,14054
13620,39,,1,,14055
13621,11,,1,,14056
13622,39,,1,,14057
13623,39,,1,,14058
13624,39,,1,,14059
13625,23,,1,,14060
13626,39,,1,,14061
13627,39,,1,,14062
13628,39,,1,,14063
13629,11,,1,,14064
13630,39,,1,,14065
13631,39,,1,,14066
13632,39,,1,,14067
13633,39,,1,,14068
13634,39,,1,,14069
13635,39,,1,,14070
13636,39,,1,,14071
13637,39,,1,,14072
13638,39,,1,,14073
13639,39,,1,,14074
13640,39,,1,,14075
13641,39,,1,,14076
13642,39,,1,,14077
13643,39,,1,,14078
13644,39,,1,,14079
13645,39,,1,,14080
13646,39,,1,,14081
13647,39,,1,,14082
13648,39,,1,,14083
13649,39,,1,,14084
13650,39,,1,,14085
13651,39,,1,,14086
13652,39,,1,,14087
13653,39,,1,,14088
13654,39,,1,,14089
13655,39,,1,,14090
13656,39,,1,,14091
13657,39,,1,,14092
13658,39,,1,,14093
13659,39,,1,,14094
13660,39,,1,,14095
13661,39,,1,,14096
13662,36,,1,,14097
13663,36,,1,,14098
13664,36,,1,,14099
13665,39,,1,,14100
13666,39,,1,,14101
13667,39,,1,,14102
13668,39,,1,,14103
13669,39,,1,,14104
13670,39,,1,,14105
13671,39,,1,,14106
13672,39,,1,,14107
13673,39,,1,,14108
13674,39,,1,,14109
13675,39,,1,,14110
13676,39,,1,,14111
13677,39,,1,,14112
13678,39,,1,,14113
13679,39,,1,,14114
13680,39,,1,,14115
13681,39,,1,,14116
13682,39,,1,,14117
13683,11,,1,,14118
13684,11,,1,,14119
13685,11,,1,,14120
13686,11,,1,,14121
13687,11,,1,,14122
13688,11,,1,,14123
13689,11,,1,,14124
13690,11,,1,,14125
13691,11,,1,,14126
13692,11,,1,,14127
13693,11,,1,,14128
13694,11,,1,,14129
13695,11,,1,,14130
13696,11,,1,,14131
13697,39,,1,,14132
13698,11,,1,,14133
13699,11,,1,,14134
13700,11,,1,,14135
13701,11,,1,,14136
13702,11,,1,,14137
13703,11,,1,,14138
13704,11,,1,,14139
13705,11,,1,,14140
13706,11,,1,,14141
13707,11,,1,,14142
13708,11,,1,,14143
13709,11,,1,,14144
13710,11,,1,,14145
13711,11,,1,,14146
13712,11,,1,,14147
13713,11,,1,,14148
13714,11,,1,,14149
13715,11,,1,,14150
13716,11,,1,,14151
13717,11,,1,,14152
13718,11,,1,,14153
13719,11,,1,,14154
13720,11,,1,,14155
13721,39,,1,,14156
13722,39,,1,,14157
13723,39,,1,,14158
13724,36,,1,,14159
13725,39,,1,,14160
13726,39,,1,,14161
13727,39,,1,,14162
13728,39,,1,,14163
13729,11,,1,,14164
13730,39,,1,,14165
13731,39,,1,,14166
13732,39,,1,,14167
13733,39,,1,,14168
13734,39,,1,,14169
13735,39,,1,,14170
13736,39,,1,,14171
13737,39,,1,,14172
13738,39,,1,,14173
13739,39,,1,,14174
13740,39,,1,,14175
13741,39,,1,,14176
13742,39,,1,,14177
13743,39,,1,,14178
13744,11,,1,,14179
13745,39,,1,,14180
13746,39,,1,,14181
13747,39,,1,,14182
13748,39,,1,,14183
13749,39,,1,,14184
13750,39,,1,,14185
13751,36,,1,,14186
13752,36,,1,,14187
13753,36,,1,,14188
13754,39,,1,,14189
13755,39,,1,,14190
13756,39,,1,,14191
13757,39,,1,,14192
13758,36,,1,,14193
13759,39,,1,,14194
13760,11,,1,,14195
13761,36,,1,,14196
13762,36,,1,,14197
13763,39,,1,,14198
13764,39,,1,,14199
13765,39,,1,,14200
13766,39,,1,,14201
13767,36,,1,,14202
13768,39,,1,,14203
13769,39,,1,,14204
13770,23,,1,,14205
13771,39,,1,,14206
13772,36,,1,,14207
13773,39,,1,,14208
13774,39,,1,,14209
13775,39,,1,,14210
13776,39,,1,,14211
13777,39,,1,,14212
13778,39,,1,,14213
13779,39,,1,,14214
13780,39,,1,,14215
13781,39,,1,,14216
13782,39,,1,,14217
13783,39,,1,,14218
13784,39,,1,,14219
13785,39,,1,,14220
13786,39,,1,,14221
13787,39,,1,,14222
13788,36,,1,,14223
13789,43,,1,,14224
13790,39,,1,,14225
13791,39,,1,,14226
13792,23,,1,,14227
13793,39,,1,,14228
13794,39,,1,,14229
13795,39,,1,,14230
13796,39,,1,,14231
13797,39,,1,,14232
13798,11,,1,,14233
13799,39,,1,,14234
13800,39,,1,,14235
13801,39,,1,,14236
13802,39,,1,,14237
13803,39,,1,,14238
13804,39,,1,,14239
13805,39,,1,,14240
13806,23,,1,,14241
13807,23,,1,,14242
13808,39,,1,,14243
13809,11,,1,,14244
13810,39,,1,,14245
13811,11,,1,,14246
13812,39,,1,,14247
13813,39,,1,,14248
13814,39,,1,,14249
13815,23,,1,,14250
13816,39,,1,,14251
13817,39,,1,,14252
13818,36,,1,,14253
13819,36,,1,,14254
13820,11,,1,,14255
13821,39,,1,,14256
13822,39,,1,,14257
13823,39,,1,,14258
13824,23,,1,,14259
13825,39,,1,,14260
13826,39,,1,,14261
13827,36,,1,,14262
13828,11,,1,,14263
13829,36,,1,,14264
13830,39,,1,,14265
13831,36,,1,,14266
13832,36,,1,,14267
13833,36,,1,,14268
13834,36,,1,,14269
13835,36,,1,,14270
13836,36,,1,,14271
13837,36,,1,,14272
13838,36,,1,,14273
13839,39,,1,,14274
13840,39,,1,,14275
13841,39,,1,,14276
13842,39,,1,,14277
13843,36,,1,,14278
13844,39,,1,,14279
13845,39,,1,,14280
13846,36,,1,,14281
13847,39,,1,,14282
13848,39,,1,,14283
13849,39,,1,,14284
13850,36,,1,,14285
13851,39,,1,,14286
13852,39,,1,,14287
13853,36,,1,,14288
13854,39,,1,,14289
13855,39,,1,,14290
13856,36,,1,,14291
13857,39,,1,,14292
13858,39,,1,,14293
13859,39,,1,,14294
13860,39,,1,,14295
13861,11,,1,,14296
13862,36,,1,,14297
13863,22,,1,,14298
13864,39,,1,,14299
13865,36,,1,,14300
13866,39,,1,,14301
13867,39,,1,,14302
13868,23,,1,,14303
13869,39,,1,,14304
13870,39,,1,,14305
13871,39,,1,,14306
13872,39,,1,,14307
13873,36,,1,,14308
13874,36,,1,,14309
13875,36,,1,,14310
13876,36,,1,,14311
13877,11,,1,,14312
13878,39,,1,,14313
13879,39,,1,,14314
13880,39,,1,,14315
13881,39,,1,,14316
13882,39,,1,,14317
13883,39,,1,,14318
13884,39,,1,,14319
13885,39,,1,,14320
13886,39,,1,,14321
13887,39,,1,,14322
13888,39,,1,,14323
13889,39,,1,,14324
13890,39,,1,,14325
13891,23,,1,,14326
13892,39,,1,,14327
13893,39,,1,,14328
13894,39,,1,,14329
13895,39,,1,,14330
13896,39,,1,,14331
13897,39,,1,,14332
13898,39,,1,,14333
13899,39,,1,,14334
13900,39,,1,,14335
13901,39,,1,,14336
13902,39,,1,,14337
13903,39,,1,,14338
13904,39,,1,,14339
13905,39,,1,,14340
13906,39,,1,,14341
13907,39,,1,,14342
13908,39,,1,,14343
13909,39,,1,,14344
13910,39,,1,,14345
13911,39,,1,,14346
13912,11,,1,,14347
13913,39,,1,,14348
13914,39,,1,,14349
13915,39,,1,,14350
13916,39,,1,,14351
13917,39,,1,,14352
13918,39,,1,,14353
13919,39,,1,,14354
13920,39,,1,,14355
13921,39,,1,,14356
13922,39,,1,,14357
13923,39,,1,,14358
13924,39,,1,,14359
13925,39,,1,,14360
13926,39,,1,,14361
13927,39,,1,,14362
13928,11,,1,,14363
13929,39,,1,,14364
13930,39,,1,,14365
13931,39,,1,,14366
13932,39,,1,,14367
13933,39,,1,,14368
13934,39,,1,,14369
13935,39,,1,,14370
13936,11,,1,,14371
13937,39,,1,,14372
13938,39,,1,,14373
13939,39,,1,,14374
13940,39,,1,,14375
13941,39,,1,,14376
13942,39,,1,,14377
13943,39,,1,,14378
13944,39,,1,,14379
13945,39,,1,,14380
13946,39,,1,,14381
13947,39,,1,,14382
13948,39,,1,,14383
13949,39,,1,,14384
13950,39,,1,,14385
13951,39,,1,,14386
13952,39,,1,,14387
13953,39,,1,,14388
13954,39,,1,,14389
13955,39,,1,,14390
13956,39,,1,,14391
13957,39,,1,,14392
13958,11,,1,,14393
13959,39,,1,,14394
13960,23,,1,,14395
13961,11,,1,,14396
13962,39,,1,,14397
13963,39,,1,,14398
13964,39,,1,,14399
13965,39,,1,,14400
13966,39,,1,,14401
13967,39,,1,,14402
13968,39,,1,,14403
13969,39,,1,,14404
13970,39,,1,,14405
13971,39,,1,,14406
13972,39,,1,,14407
13973,11,,1,,14408
13974,11,,1,,14409
13975,39,,1,,14410
13976,11,,1,,14411
13977,39,,1,,14412
13978,36,,1,,14413
13979,39,,1,,14414
13980,39,,1,,14415
13981,23,,1,,14416
13982,39,,1,,14417
13983,23,,1,,14418
13984,36,,1,,14419
13985,39,,1,,14420
13986,36,,1,,14421
13987,23,,1,,14422
13988,39,,1,,14423
13989,39,,1,,14424
13990,39,,1,,14425
13991,39,,1,,14426
13992,39,,1,,14427
13993,36,,1,,14428
13994,39,,1,,14429
13995,39,,1,,14430
13997,39,,1,,14431
13998,39,,1,,14432
13999,36,,1,,14433
14000,39,,1,,14434
14001,39,,1,,14435
14002,39,,1,,14436
14003,39,,1,,14437
14004,39,,1,,14438
14005,39,,1,,14439
14006,39,,1,,14440
14007,23,,1,,14441
14008,23,,1,,14442
14009,39,,1,,14443
14010,39,,1,,14444
14011,39,,1,,14445
14012,39,,1,,14446
14013,39,,1,,14447
14014,23,,1,,14448
14015,39,,1,,14449
14016,39,,1,,14450
14017,39,,1,,14451
14018,23,,1,,14452
14019,39,,1,,14453
14020,39,,1,,14454
14021,39,,1,,14455
14022,39,,1,,14456
14023,39,,1,,14457
14024,39,,1,,14458
14025,39,,1,,14459
14026,39,,1,,14460
14027,39,,1,,14461
14028,39,,1,,14462
14029,39,,1,,14463
14030,39,,1,,14464
14031,39,,1,,14465
14032,39,,1,,14466
14033,39,,1,,14467
14034,39,,1,,14468
14035,39,,1,,14469
14036,39,,1,,14470
14037,39,,1,,14471
14038,39,,1,,14472
14039,39,,1,,14473
14040,39,,1,,14474
14041,39,,1,,14475
14042,39,,1,,14476
14043,39,,1,,14477
14044,39,,1,,14478
14045,39,,1,,14479
14046,39,,1,,14480
14047,39,,1,,14481
14048,39,,1,,14482
14049,39,,1,,14483
14050,39,,1,,14484
14051,39,,1,,14485
14052,39,,1,,14486
14053,39,,1,,14487
14054,39,,1,,14488
14055,11,,1,,14489
14056,39,,1,,14490
14057,39,,1,,14491
14058,39,,1,,14492
14059,39,,1,,14493
14060,39,,1,,14494
14061,39,,1,,14495
14062,36,,1,,14496
14063,23,,1,,14497
14064,39,1,1,,14498
14065,39,,1,,14499
14066,36,,1,,14500
14067,39,,1,,14501
14068,39,,1,,14502
14069,39,,1,,14503
14070,39,,1,,14504
14071,39,,1,,14505
14072,11,,1,,14506
14073,43,,1,,14507
14074,39,,1,,14508
14075,39,,1,,14509
14076,39,,1,,14510
14077,39,,1,,14511
14078,39,,1,,14512
14079,39,,1,,14513
14080,39,,1,,14514
14081,39,,1,,14515
14082,39,,1,,14516
14083,39,,1,,14517
14084,39,,1,,14518
14085,39,,1,,14519
14086,23,,1,,14520
14087,23,,1,,14521
14088,39,,1,,14522
14089,39,,1,,14523
14090,39,,1,,14524
14091,39,,1,,14525
14092,39,,1,,14526
14093,39,,1,,14527
14094,39,,1,,14528
14095,39,,1,,14529
14096,39,,1,,14530
14097,39,,1,,14531
14098,39,,1,,14532
14099,39,,1,,14533
14100,39,,1,,14534
14101,43,,1,,14535
14102,43,,1,,14536
14103,39,,1,,14537
14104,39,,1,,14538
14105,39,,1,,14539
14106,39,,1,,14540
14107,23,,1,,14541
14108,39,,1,,14542
14109,39,,1,,14543
14110,39,,1,,14544
14111,23,,1,,14545
14112,39,,1,,14546
14113,39,,1,,14547
14114,39,,1,,14548
14115,39,,1,,14549
14116,39,,1,,14550
14117,39,,1,,14551
14118,39,,1,,14552
14119,39,,1,,14553
14120,39,,1,,14554
14121,39,,1,,14555
14122,39,,1,,14556
14123,11,,1,,14557
14124,39,,1,,14558
14125,39,,1,,14559
14126,39,,1,,14560
14127,39,,1,,14561
14128,39,,1,,14562
14129,39,,1,,14563
14130,39,,1,,14564
14131,23,,1,,14565
14132,39,,1,,14566
14133,39,,1,,14567
14134,39,,1,,14568
14135,23,,1,,14569
14136,39,,1,,14570
14137,39,,1,,14571
14138,39,,1,,14572
14139,39,,1,,14573
14140,39,,1,,14574
14141,39,,1,,14575
14142,39,,1,,14576
14143,39,,1,,14577
14144,39,,1,,14578
14145,39,,1,,14579
14146,39,,1,,14580
14147,39,,1,,14581
14148,23,,1,,14582
14149,39,,1,,14583
14150,39,,1,,14584
14151,39,,1,,14585
14152,39,,1,,14586
14153,39,,1,,14587
14154,39,,1,,14588
14155,39,,1,,14589
14156,39,,1,,14590
14157,39,,1,,14591
14158,39,,1,,14592
14159,39,,1,,14593
14160,39,,1,,14594
14161,39,,1,,14595
14162,39,,1,,14596
14163,39,,1,,14597
14164,39,,1,,14598
14165,39,,1,,14599
14166,39,,1,,14600
14167,39,,1,,14601
14168,39,,1,,14602
14169,39,,1,,14603
14170,39,,1,,14604
14171,23,,1,,14605
14172,39,,1,,14606
14173,11,,1,,14607
14174,39,,1,,14608
14175,39,,1,,14609
14176,39,,1,,14610
14177,39,,1,,14611
14178,23,,1,,14612
14179,39,,1,,14613
14180,39,,1,,14614
14181,39,,1,,14615
14182,39,,1,,14616
14183,39,,1,,14617
14184,39,,1,,14618
14185,39,,1,,14619
14186,39,,1,,14620
14187,39,,1,,14621
14188,39,,1,,14622
14189,36,,1,,14623
14190,39,,1,,14624
14191,39,,1,,14625
14192,39,,1,,14626
14193,39,,1,,14627
14194,23,,1,,14628
14195,36,,1,,14629
14196,36,,1,,14630
14197,36,,1,,14631
14198,36,,1,,14632
14199,36,,1,,14633
14200,11,,1,,14634
14201,36,,1,,14635
14202,36,,1,,14636
14203,36,,1,,14637
14204,36,,1,,14638
14205,39,,1,,14639
14206,39,,1,,14640
14207,39,,1,,14641
14208,39,,1,,14642
14209,39,,1,,14643
14210,39,,1,,14644
14211,11,,1,,14645
14212,39,,1,,14646
14213,11,,1,,14647
14214,39,,1,,14648
14215,13,,1,,14649
14216,39,,1,,14650
14217,41,,1,,14651
14218,39,,1,,14652
14219,39,,1,,14653
14220,39,,1,,14654
14221,39,,1,,14655
14222,23,,1,,14656
14223,43,,1,,14657
14224,39,,1,,14658
14225,23,,1,,14659
14226,23,,1,,14660
14227,39,,1,,14661
14228,23,,1,,14662
14229,39,,1,,14663
14230,39,,1,,14664
14231,23,,1,,14665
14232,39,,1,,14666
14233,23,,1,,14667
14234,23,,1,,14668
14235,39,,1,,14669
14236,23,,1,,14670
14237,11,,1,,14671
14238,39,,1,,14672
14239,39,,1,,14673
14240,39,,1,,14674
14241,39,,1,,14675
14242,39,,1,,14676
14243,39,,1,,14677
14244,23,,1,,14678
14245,39,,1,,14679
14246,39,,1,,14680
14247,39,,1,,14681
14248,39,,1,,14682
14249,39,,1,,14683
14250,39,,1,,14684
14251,39,,1,,14685
14252,39,,1,,14686
14253,39,,1,,14687
14254,39,,1,,14688
14255,39,,1,,14689
14256,39,,1,,14690
14257,39,,1,,14691
14258,23,,1,,14692
14259,39,,1,,14693
14260,39,,1,,14694
14261,39,,1,,14695
14262,39,,1,,14696
14263,39,,1,,14697
14264,39,,1,,14698
14265,39,,1,,14699
14266,39,,1,,14700
14267,11,,1,,14701
14268,39,,1,,14702
14269,39,,1,,14703
14270,39,,1,,14704
14271,39,,1,,14705
14272,39,,1,,14706
14273,39,,1,,14707
14274,39,,1,,14708
14275,39,,1,,14709
14276,39,,1,,14710
14277,39,,1,,14711
14278,39,,1,,14712
14279,39,,1,,14713
14280,39,,1,,14714
14281,39,,1,,14715
14282,39,,1,,14716
14283,23,,1,,14717
14284,39,,1,,14718
14285,23,,1,,14719
14286,23,,1,,14720
14287,36,,1,,14721
14288,39,,1,,14722
14289,36,,1,,14723
14290,11,,1,,14724
14291,36,,1,,14725
14292,36,,1,,14726
14293,23,,1,,14727
14294,39,,1,,14728
14295,23,,1,,14729
14296,39,,1,,14730
14297,39,,1,,14731
14298,39,,1,,14732
14299,39,,1,,14733
14300,39,,1,,14734
14301,11,,1,,14735
14302,23,,1,,14736
14303,39,,1,,14737
14304,39,,1,,14738
14305,39,,1,,14739
14306,39,,1,,14740
14307,23,,1,,14741
14308,39,,1,,14742
14309,43,,1,,14743
14310,39,,1,,14744
14311,39,,1,,14745
14312,39,,1,,14746
14313,39,,1,,14747
14314,39,,1,,14748
14315,39,,1,,14749
14316,39,,1,,14750
14317,39,,1,,14751
14318,39,,1,,14752
14319,39,,1,,14753
14320,39,,1,,14754
14321,39,,1,,14755
14322,39,,1,,14756
14323,23,,1,,14757
14324,39,,1,,14758
14325,39,,1,,14759
14326,39,,1,,14760
14327,11,,1,,14761
14328,23,,1,,14762
14329,39,,1,,14763
14330,39,,1,,14764
14331,23,,1,,14765
14332,39,,1,,14766
14333,39,,1,,14767
14334,39,,1,,14768
14335,39,,1,,14769
14336,39,,1,,14770
14337,39,,1,,14771
14338,39,,1,,14772
14339,39,,1,,14773
14340,39,,1,,14774
14341,39,,1,,14775
14342,39,,1,,14776
14343,39,,1,,14777
14344,39,,1,,14778
14345,43,,1,,14779
14346,43,,1,,14780
14347,43,,1,,14781
14348,39,,1,,14782
14349,39,,1,,14783
14350,39,,1,,14784
14351,39,,1,,14785
14352,39,,1,,14786
14353,39,,1,,14787
14354,39,,1,,14788
14355,39,,1,,14789
14356,39,,1,,14790
14357,39,,1,,14791
14358,39,,1,,14792
14359,39,,1,,14793
14360,43,,1,,14794
14361,43,,1,,14795
14362,39,,1,,14796
14363,39,,1,,14797
14364,39,,1,,14798
14365,39,,1,,14799
14366,39,,1,,14800
14367,41,,1,,14801
14368,39,,1,,14802
14369,39,,1,,14803
14370,39,,1,,14804
14371,39,,1,,14805
14372,43,,1,,14806
14373,39,,1,,14807
14374,39,,1,,14808
14375,39,,1,,14809
14376,39,,1,,14810
14377,39,,1,,14811
14378,39,,1,,14812
14379,39,,1,,14813
14380,23,,1,,14814
14381,39,,1,,14815
14382,11,,1,,14816
14383,39,,1,,14817
14384,39,,1,,14818
14385,39,,1,,14819
14386,39,,1,,14820
14387,39,,1,,14821
14388,39,,1,,14822
14389,39,,1,,14823
14390,41,,1,,14824
14391,13,,1,,14825
14392,39,,1,,14826
14393,39,,1,,14827
14394,39,,1,,14828
14395,39,,1,,14829
14396,39,,1,,14830
14397,39,,1,,14831
14398,23,,1,,14832
14399,39,,1,,14833
14400,39,,1,,14834
14401,39,,1,,14835
14402,23,,1,,14836
14403,39,,1,,14837
14404,39,,1,,14838
14405,23,,1,,14839
14406,39,,1,,14840
14407,39,,1,,14841
14408,39,,1,,14842
14409,39,,1,,14843
14410,39,,1,,14844
14411,39,,1,,14845
14412,39,,1,,14846
14413,39,,1,,14847
14414,39,,1,,14848
14415,39,,1,,14849
14416,39,,1,,14850
14417,39,,1,,14851
14418,23,,1,,14852
14419,39,,1,,14853
14420,23,,1,,14854
14421,39,,1,,14855
14422,39,,1,,14856
14423,39,,1,,14857
14424,39,,1,,14858
14425,39,,1,,14859
14426,39,,1,,14860
14427,39,,1,,14861
14428,23,,1,,14862
14429,11,,1,,14863
14430,39,,1,,14864
14431,39,,1,,14865
14432,36,,1,,14866
14433,41,,1,,14867
14434,39,,1,,14868
14435,41,,1,,14869
14436,39,,1,,14870
14437,39,,1,,14871
14438,39,,1,,14872
14439,23,,1,,14873
14440,23,,1,,14874
14441,39,,1,,14875
14442,39,,1,,14876
14443,39,,1,,14877
14444,39,,1,,14878
14445,39,,1,,14879
14446,39,,1,,14880
14447,39,,1,,14881
14448,39,,1,,14882
14449,39,,1,,14883
14450,39,,1,,14884
14451,39,,1,,14885
14452,11,,1,,14886
14453,23,,1,,14887
14454,23,,1,,14888
14455,11,,1,,14889
14456,39,,1,,14890
14457,39,,1,,14891
14458,39,,1,,14892
14459,39,,1,,14893
14460,39,,1,,14894
14461,23,,1,,14895
14462,39,,1,,14896
14463,23,,1,,14897
14464,23,,1,,14898
14465,41,,1,,14899
14466,39,,1,,14900
14467,39,,1,,14901
14468,39,,1,,14902
14469,39,,1,,14903
14470,39,,1,,14904
14471,39,,1,,14905
14472,39,,1,,14906
14473,39,,1,,14907
14474,39,,1,,14908
14475,39,,1,,14909
14476,39,,1,,14910
14477,39,,1,,14911
14478,39,,1,,14912
14479,43,,1,,14913
14480,39,,1,,14914
14481,39,,1,,14915
14482,39,,1,,14916
14483,39,,1,,14917
14484,11,,1,,14918
14485,39,,1,,14919
14486,39,,1,,14920
14487,39,,1,,14921
14488,39,,1,,14922
14489,39,,1,,14923
14490,39,,1,,14924
14491,39,,1,,14925
14492,39,,1,,14926
14493,39,,1,,14927
14494,39,,1,,14928
14495,39,,1,,14929
14496,39,,1,,14930
14497,39,,1,,14931
14498,11,,1,,14932
14499,39,,1,,14933
14500,39,,1,,14934
14501,39,,1,,14935
14502,39,,1,,14936
14503,23,,1,,14937
14504,23,,1,,14938
14505,23,,1,,14939
14506,23,,1,,14940
14507,22,,1,,14941
14508,39,,1,,14942
14509,39,,1,,14943
14510,39,,1,,14944
14511,39,,1,,14945
14512,39,,1,,14946
14513,39,,1,,14947
14514,39,,1,,14948
14515,39,,1,,14949
14516,39,,1,,14950
14517,39,,1,,14951
14518,39,,1,,14952
14519,39,,1,,14953
14520,39,,1,,14954
14521,39,,1,,14955
14522,39,,1,,14956
14523,39,,1,,14957
14524,39,,1,,14958
14525,39,,1,,14959
14526,39,,1,,14960
14527,39,,1,,14961
14528,39,,1,,14962
14529,39,,1,,14963
14530,39,,1,,14964
14531,39,,1,,14965
14532,23,,1,,14966
14533,39,,1,,14967
14534,39,,1,,14968
14535,39,,1,,14969
14536,39,,1,,14970
14537,39,,1,,14971
14538,39,,1,,14972
14539,39,,1,,14973
14540,39,,1,,14974
14541,39,,1,,14975
14542,39,,1,,14976
14543,39,,1,,14977
14544,39,,1,,14978
14545,39,,1,,14979
14546,39,,1,,14980
14547,39,,1,,14981
14548,39,,1,,14982
14549,39,,1,,14983
14550,39,,1,,14984
14551,39,,1,,14985
14552,39,,1,,14986
14553,39,,1,,14987
14554,39,,1,,14988
14555,39,,1,,14989
14556,39,,1,,14990
14557,39,,1,,14991
14558,39,,1,,14992
14559,39,,1,,14993
14560,39,,1,,14994
14561,39,,1,,14995
14562,39,,1,,14996
14563,23,,1,,14997
14564,39,,1,,14998
14565,39,,1,,14999
14566,39,,1,,15000
14567,39,,1,,15001
14568,39,,1,,15002
14569,39,,1,,15003
14570,23,,1,,15004
14571,39,,1,,15005
14572,11,,1,,15006
14573,39,,1,,15007
14574,39,,1,,15008
14575,39,,1,,15009
14576,39,,1,,15010
14577,11,,1,,15011
14578,39,,1,,15012
14579,39,,1,,15013
14580,39,,1,,15014
14581,39,,1,,15015
14582,23,,1,,15016
14583,39,,1,,15017
14584,39,,1,,15018
14585,39,,1,,15019
14586,39,,1,,15020
14587,39,,1,,15021
14588,39,,1,,15022
14589,39,,1,,15023
14590,39,,1,,15024
14591,39,,1,,15025
14592,39,,1,,15026
14593,39,,1,,15027
14594,39,,1,,15028
14595,39,,1,,15029
14596,39,,1,,15030
14597,39,,1,,15031
14598,11,,1,,15032
14599,39,,1,,15033
14600,39,,1,,15034
14601,39,,1,,15035
14602,39,,1,,15036
14603,39,,1,,15037
14604,39,,1,,15038
14605,39,,1,,15039
14606,39,,1,,15040
14607,23,,1,,15041
14608,39,,1,,15042
14609,39,,1,,15043
14610,23,,1,,15044
14611,39,,1,,15045
14612,39,,1,,15046
14613,23,,1,,15047
14614,39,,1,,15048
14615,39,,1,,15049
14616,39,,1,,15050
14617,39,,1,,15051
14618,39,,1,,15052
14619,39,,1,,15053
14620,39,,1,,15054
14621,39,,1,,15055
14622,39,,1,,15056
14623,11,,1,,15057
14624,23,,1,,15058
14625,39,,1,,15059
14626,39,,1,,15060
14627,39,,1,,15061
14628,39,,1,,15062
14629,39,,1,,15063
14630,39,,1,,15064
14631,39,,1,,15065
14632,39,,1,,15066
14633,39,,1,,15067
14634,11,,1,,15068
14635,39,,1,,15069
14636,11,,1,,15070
14637,39,,1,,15071
14638,39,,1,,15072
14639,23,,1,,15073
14640,39,,1,,15074
14641,39,,1,,15075
14642,39,,1,,15076
14643,39,,1,,15077
14644,39,,1,,15078
14645,39,,1,,15079
14646,39,,1,,15080
14647,39,,1,,15081
14648,39,,1,,15082
14649,39,,1,,15083
14650,39,,1,,15084
14651,39,,1,,15085
14652,39,,1,,15086
14653,39,,1,,15087
14654,39,,1,,15088
14655,39,,1,,15089
14656,39,,1,,15090
14657,39,,1,,15091
14658,39,,1,,15092
14659,39,,1,,15093
14660,39,,1,,15094
14661,39,,1,,15095
14662,39,,1,,15096
14663,39,,1,,15097
14664,39,,1,,15098
14665,39,,1,,15099
14666,23,,1,,15100
14667,39,,1,,15101
14668,39,,1,,15102
14669,39,,1,,15103
14670,23,,1,,15104
14671,23,,1,,15105
14672,39,,1,,15106
14673,39,,1,,15107
14674,39,,1,,15108
14675,39,,1,,15109
14676,39,,1,,15110
14677,23,,1,,15111
14678,11,,1,,15112
14679,11,,1,,15113
14680,39,,1,,15114
14681,39,,1,,15115
14682,39,,1,,15116
14683,39,,1,,15117
14684,23,,1,,15118
14685,39,,1,,15119
14686,39,,1,,15120
14687,39,,1,,15121
14688,39,,1,,15122
14689,39,,1,,15123
14690,39,,1,,15124
14691,39,,1,,15125
14692,39,,1,,15126
14693,39,,1,,15127
14694,39,,1,,15128
14695,39,,1,,15129
14696,39,,1,,15130
14697,39,,1,,15131
14698,39,,1,,15132
14699,39,,1,,15133
14700,39,,1,,15134
14701,39,,1,,15135
14702,39,,1,,15136
14703,39,,1,,15137
14704,39,,1,,15138
14705,39,,1,,15139
14706,39,,1,,15140
14707,39,,1,,15141
14708,39,,1,,15142
14709,39,,1,,15143
14710,39,,1,,15144
14711,39,,1,,15145
14712,39,,1,,15146
14713,39,,1,,15147
14714,39,,1,,15148
14715,39,,1,,15149
14716,39,,1,,15150
14717,39,,1,,15151
14718,39,,1,,15152
14719,39,,1,,15153
14720,39,,1,,15154
14721,39,,1,,15155
14722,39,,1,,15156
14723,39,,1,,15157
14724,39,,1,,15158
14725,39,,1,,15159
14726,39,,1,,15160
14727,39,,1,,15161
14728,39,,1,,15162
14729,39,,1,,15163
14730,39,,1,,15164
14731,39,,1,,15165
14732,39,,1,,15166
14733,39,,1,,15167
14734,39,,1,,15168
14735,39,,1,,15169
14736,39,,1,,15170
14737,39,,1,,15171
14738,39,,1,,15172
14739,39,,1,,15173
14740,39,,1,,15174
14741,39,,1,,15175
14742,11,,1,,15176
14743,39,,1,,15177
14744,39,,1,,15178
14745,23,,1,,15179
14746,39,,1,,15180
14747,39,,1,,15181
14748,66,,1,,15182
14749,39,,1,,15183
14750,23,,1,,15184
14751,39,,1,,15185
14752,39,,1,,15186
14753,23,,1,,15187
14754,39,,1,,15188
14755,39,,1,,15189
14756,39,,1,,15190
14757,39,,1,,15191
14758,39,,1,,15192
14759,39,,1,,15193
14760,39,,1,,15194
14761,39,,1,,15195
14762,39,,1,,15196
14763,39,,1,,15197
14764,11,,1,,15198
14765,39,,1,,15199
14766,39,,1,,15200
14767,39,,1,,15201
14768,23,,1,,15202
14769,39,,1,,15203
14770,39,,1,,15204
14771,39,,1,,15205
14772,39,,1,,15206
14773,39,,1,,15207
14774,39,,1,,15208
14775,39,,1,,15209
14776,39,,1,,15210
14777,39,,1,,15211
14778,39,,1,,15212
14779,11,,1,,15213
14780,39,,1,,15214
14781,39,,1,,15215
14782,39,,1,,15216
14783,39,,1,,15217
14784,39,,1,,15218
14785,39,,1,,15219
14786,39,,1,,15220
14787,39,,1,,15221
14788,39,,1,,15222
14789,23,,1,,15223
14790,39,,1,,15224
14791,39,,1,,15225
14792,39,,1,,15226
14793,39,,1,,15227
14794,39,,1,,15228
14795,39,,1,,15229
14796,39,,1,,15230
14797,39,,1,,15231
14798,39,,1,,15232
14799,39,,1,,15233
14800,39,,1,,15234
14801,39,,1,,15235
14802,39,,1,,15236
14803,39,,1,,15237
14804,39,,1,,15238
14805,39,,1,,15239
14806,39,,1,,15240
14807,39,,1,,15241
14808,39,,1,,15242
14809,39,,1,,15243
14810,39,,1,,15244
14811,39,,1,,15245
14812,39,,1,,15246
14813,39,,1,,15247
14814,39,,1,,15248
14815,11,,1,,15249
14816,39,,1,,15250
14817,39,,1,,15251
14818,39,,1,,15252
14819,39,,1,,15253
14820,39,,1,,15254
14821,39,,1,,15255
14822,39,,1,,15256
14823,39,,1,,15257
14824,39,,1,,15258
14825,36,,1,,15259
14826,39,,1,,15260
14827,39,,1,,15261
14828,39,,1,,15262
14829,39,,1,,15263
14830,39,,1,,15264
14831,39,,1,,15265
14832,39,,1,,15266
14833,39,,1,,15267
14834,39,,1,,15268
14835,39,,1,,15269
14836,39,,1,,15270
14837,36,,1,,15271
14838,39,,1,,15272
14839,39,,1,,15273
14840,39,,1,,15274
14841,39,,1,,15275
14842,39,,1,,15276
14843,23,,1,,15277
14844,39,,1,,15278
14845,39,,1,,15279
14846,23,,1,,15280
14847,39,,1,,15281
14848,39,,1,,15282
14849,39,,1,,15283
14850,39,,1,,15284
14851,39,,1,,15285
14852,39,,1,,15286
14853,39,,1,,15287
14854,39,,1,,15288
14855,39,,1,,15289
14856,39,,1,,15290
14857,39,,1,,15291
14858,39,,1,,15292
14859,39,,1,,15293
14860,39,,1,,15294
14861,39,,1,,15295
14862,39,,1,,15296
14863,39,,1,,15297
14864,39,,1,,15298
14865,39,,1,,15299
14866,39,,1,,15300
14867,39,,1,,15301
14868,39,,1,,15302
14869,39,,1,,15303
14870,39,,1,,15304
14871,39,,1,,15305
14872,39,,1,,15306
14873,39,,1,,15307
14874,39,,1,,15308
14875,39,,1,,15309
14876,39,,1,,15310
14877,39,,1,,15311
14878,39,,1,,15312
14879,39,,1,,15313
14880,39,,1,,15314
14881,39,,1,,15315
14882,39,,1,,15316
14883,39,,1,,15317
14884,39,,1,,15318
14885,39,,1,,15319
14886,39,,1,,15320
14887,39,,1,,15321
14888,39,,1,,15322
14889,39,,1,,15323
14890,39,,1,,15324
14891,39,,1,,15325
14892,39,,1,,15326
14893,39,,1,,15327
14894,39,,1,,15328
14895,39,,1,,15329
14896,11,,1,,15330
14897,39,,1,,15331
14898,39,,1,,15332
14899,23,,1,,15333
14900,39,,1,,15334
14901,39,,1,,15335
14902,39,,1,,15336
14903,39,,1,,15337
14904,36,,1,,15338
14905,11,,1,,15339
14906,11,,1,,15340
14907,36,,1,,15341
14908,36,,1,,15342
14909,11,,1,,15343
14910,23,,1,,15344
14911,23,,1,,15345
14912,23,,1,,15346
14913,36,,1,,15347
14914,36,,1,,15348
14915,36,,1,,15349
14916,36,,1,,15350
14917,36,,1,,15351
14918,11,,1,,15352
14919,36,,1,,15353
14920,36,,1,,15354
14921,36,,1,,15355
14922,36,,1,,15356
14923,11,,1,,15357
14924,11,,1,,15358
14925,11,,1,,15359
14926,11,,1,,15360
14927,11,,1,,15361
14928,11,,1,,15362
14929,11,,1,,15363
14930,11,,1,,15364
14931,11,,1,,15365
14932,39,,1,,15366
14933,39,,1,,15367
14934,39,,1,,15368
14935,36,,1,,15369
14936,11,,1,,15370
14937,11,,1,,15371
14938,11,,1,,15372
14939,11,,1,,15373
14940,11,,1,,15374
14941,11,,1,,15375
14942,11,,1,,15376
14943,11,,1,,15377
14944,11,,1,,15378
14945,11,,1,,15379
14946,11,,1,,15380
14947,11,,1,,15381
14948,11,,1,,15382
14949,11,,1,,15383
14950,11,,1,,15384
14951,11,,1,,15385
14952,11,,1,,15386
14953,11,,1,,15387
14954,11,,1,,15388
14955,11,,1,,15389
14956,11,,1,,15390
14957,11,,1,,15391
14958,11,,1,,15392
14959,11,,1,,15393
14960,11,,1,,15394
14961,11,,1,,15395
14962,11,,1,,15396
14963,36,,1,,15397
14964,13,,1,,15398
14965,13,,1,,15399
14966,36,,1,,15400
14967,36,,1,,15401
14968,11,,1,,15402
14969,36,,1,,15403
14970,36,,1,,15404
14971,36,,1,,15405
14972,36,,1,,15406
14973,36,,1,,15407
14974,36,,1,,15408
14975,36,,1,,15409
14976,11,,1,,15410
14977,36,,1,,15411
14978,39,,1,,15412
14979,41,,1,,15413
14980,11,,1,,15414
14981,11,,1,,15415
14983,50,,1,,15416
14984,11,,1,,15417
14985,11,,1,,15418
14986,11,,1,,15419
14987,11,,1,,15420
14988,11,,1,,15421
14989,11,,1,,15422
14990,11,,1,,15423
14991,11,,1,,15424
14992,11,,1,,15425
14993,11,,1,,15426
14994,11,,1,,15427
14995,11,,1,,15428
14996,11,,1,,15429
14997,11,,1,,15430
14998,11,,1,,15431
14999,11,,1,,15432
15000,11,,1,,15433
15001,11,,1,,15434
15002,11,,1,,15435
15003,11,,1,,15436
15004,11,,1,,15437
15005,11,,1,,15438
15006,11,,1,,15439
15007,11,,1,,15440
15008,11,,1,,15441
15009,11,,1,,15442
15010,11,,1,,15443
15011,11,,1,,15444
15012,11,,1,,15445
15013,11,,1,,15446
15014,11,,1,,15447
15015,11,,1,,15448
15016,11,,1,,15449
15017,11,,1,,15450
15018,11,,1,,15451
15019,11,,1,,15452
15020,11,,1,,15453
15021,11,,1,,15454
15022,11,,1,,15455
15023,11,,1,,15456
15024,11,,1,,15457
15025,11,,1,,15458
15026,11,,1,,15459
15027,11,,1,,15460
15028,11,,1,,15461
15029,11,,1,,15462
15030,11,,1,,15463
15031,11,,1,,15464
15032,11,,1,,15465
15033,11,,1,,15466
15034,11,,1,,15467
15035,11,,1,,15468
15036,11,,1,,15469
15037,11,,1,,15470
15038,11,,1,,15471
15039,11,,1,,15472
15040,11,,1,,15473
15041,11,,1,,15474
15042,11,,1,,15475
15043,11,,1,,15476
15044,11,,1,,15477
15045,11,,1,,15478
15046,11,,1,,15479
15047,11,,1,,15480
15048,11,,1,,15481
15049,11,,1,,15482
15050,11,,1,,15483
15051,11,,1,,15484
15052,11,,1,,15485
15053,11,,1,,15486
15054,11,,1,,15487
15055,11,,1,,15488
15056,11,,1,,15489
15057,11,,1,,15490
15058,11,,1,,15491
15059,11,,1,,15492
15060,11,,1,,15493
15061,11,,1,,15494
15062,11,,1,,15495
15063,11,,1,,15496
15064,11,,1,,15497
15065,11,,1,,15498
15066,11,,1,,15499
15067,11,,1,,15500
15068,11,,1,,15501
15069,11,,1,,15502
15070,11,,1,,15503
15071,11,,1,,15504
15072,11,,1,,15505
15073,11,,1,,15506
15074,11,,1,,15507
15075,11,,1,,15508
15076,11,,1,,15509
15077,11,,1,,15510
15078,11,,1,,15511
15079,11,,1,,15512
15080,11,,1,,15513
15081,11,,1,,15514
15082,11,,1,,15515
15083,11,,1,,15516
15084,11,,1,,15517
15085,11,,1,,15518
15086,11,,1,,15519
15087,11,,1,,15520
15088,11,,1,,15521
15089,11,,1,,15522
15090,11,,1,,15523
15091,11,,1,,15524
15092,11,,1,,15525
15093,11,,1,,15526
15094,11,,1,,15527
15095,11,,1,,15528
15096,11,,1,,15529
15097,11,,1,,15530
15098,11,,1,,15531
15099,11,,1,,15532
15100,11,,1,,15533
15101,11,,1,,15534
15102,11,,1,,15535
15103,11,,1,,15536
15104,11,,1,,15537
15105,11,,1,,15538
15106,11,,1,,15539
15107,11,,1,,15540
15108,11,,1,,15541
15109,11,,1,,15542
15110,11,,1,,15543
15111,11,,1,,15544
15112,11,,1,,15545
15113,11,,1,,15546
15114,11,,1,,15547
15115,11,,1,,15548
15116,11,,1,,15549
15117,11,,1,,15550
15118,11,,1,,15551
15119,11,,1,,15552
15120,11,,1,,15553
15121,11,,1,,15554
15122,11,,1,,15555
15123,11,,1,,15556
15124,11,,1,,15557
15125,11,,1,,15558
15126,11,,1,,15559
15127,11,,1,,15560
15128,11,,1,,15561
15129,11,,1,,15562
15130,11,,1,,15563
15131,11,,1,,15564
15132,11,,1,,15565
15133,11,,1,,15566
15134,11,,1,,15567
15135,11,,1,,15568
15136,11,,1,,15569
15137,11,,1,,15570
15138,11,,1,,15571
15139,11,,1,,15572
15140,11,,1,,15573
15141,11,,1,,15574
15142,11,,1,,15575
15143,11,,1,,15576
15144,11,,1,,15577
15145,11,,1,,15578
15146,11,,1,,15579
15147,11,,1,,15580
15148,11,,1,,15581
15149,11,,1,,15582
15150,11,,1,,15583
15151,11,,1,,15584
15152,11,,1,,15585
15153,11,,1,,15586
15154,11,,1,,15587
15155,11,,1,,15588
15156,11,,1,,15589
15157,11,,1,,15590
15158,11,,1,,15591
15159,11,,1,,15592
15160,11,,1,,15593
15161,11,,1,,15594
15162,11,,1,,15595
15163,11,,1,,15596
15164,11,,1,,15597
15165,11,,1,,15598
15166,11,,1,,15599
15167,11,,1,,15600
15168,11,,1,,15601
15169,11,,1,,15602
15170,11,,1,,15603
15171,11,,1,,15604
15172,11,,1,,15605
15173,11,,1,,15606
15174,11,,1,,15607
15175,11,,1,,15608
15176,11,,1,,15609
15177,11,,1,,15610
15178,11,,1,,15611
15179,11,,1,,15612
15180,11,,1,,15613
15181,11,,1,,15614
15182,11,,1,,15615
15183,11,,1,,15616
15184,11,,1,,15617
15185,11,,1,,15618
15186,11,,1,,15619
15187,11,,1,,15620
15188,11,,1,,15621
15189,11,,1,,15622
15190,11,,1,,15623
15191,11,,1,,15624
15192,11,,1,,15625
15193,11,,1,,15626
15194,11,,1,,15627
15195,11,,1,,15628
15196,11,,1,,15629
15197,11,,1,,15630
15198,11,,1,,15631
15199,11,,1,,15632
15200,11,,1,,15633
15201,11,,1,,15634
15202,11,,1,,15635
15203,11,,1,,15636
15204,11,,1,,15637
15205,11,,1,,15638
15206,11,,1,,15639
15207,11,,1,,15640
15208,11,,1,,15641
15209,11,,1,,15642
15210,11,,1,,15643
15211,11,,1,,15644
15212,11,,1,,15645
15213,11,,1,,15646
15214,11,,1,,15647
15215,11,,1,,15648
15216,11,,1,,15649
15217,11,,1,,15650
15218,69,,1,,15651
15219,69,,1,,15652
15220,11,,1,,15653
15221,69,,1,,15654
15222,36,,1,,15674
15223,69,,1,,15655
15224,11,,1,,15656
15225,69,,1,,15657
15226,69,,1,,15658
15227,11,,1,,15659
15228,69,,1,,15660
15229,69,,1,,15661
15230,11,,1,,15662
15231,69,,1,,15663
15232,69,,1,,15664
15233,69,,1,,15665
15234,69,,1,,15666
15235,69,,1,,15667
15236,69,,1,,15668
15237,69,,1,,15669
15238,69,,1,,15670
15239,69,,1,,15671
15240,11,,1,,15672
15241,11,,1,,15673
15242,69,,1,,15675
15243,69,,1,,15676
15244,69,,1,,15677
15245,69,,1,,15678
15246,69,,1,,15679
15247,69,,1,,15680
15248,69,,1,,15681
15249,69,,1,,15682
15250,69,,1,,15683
15251,69,,1,,15684
15252,69,,1,,15685
15253,69,,1,,15686
15254,69,,1,,15687
15255,69,,1,,15688
15256,69,,1,,15689
15257,69,,1,,15690
15258,69,,1,,15691
15259,69,,1,,15692
15260,11,,1,,15693
15261,69,,1,,15694
15262,69,,1,,15695
15263,69,,1,,15696
15264,39,,1,,15697
15265,69,,1,,15698
15266,39,,1,,15699
15267,69,,1,,15700
15268,69,,1,,15701
15269,69,,1,,15702
15270,69,,1,,15703
15271,69,,1,,15704
15272,69,,1,,15705
15273,11,,1,,15706
15274,11,,1,,15707
15275,11,,1,,15708
15276,69,,1,,15709
15277,69,,1,,15710
15278,69,,1,,15711
15279,69,,1,,15712
15280,69,,1,,15713
15281,69,,1,,15714
15282,69,,1,,15715
15283,69,,1,,15716
15284,69,,1,,15717
15285,69,,1,,15718
15286,11,,1,,15719
15287,11,,1,,15720
15288,11,,1,,15721
15289,11,,1,,15722
15290,69,,1,,15723
15291,69,,1,,15724
15292,69,,1,,15725
15293,69,,1,,15726
15294,69,,1,,15727
15295,69,,1,,15728
15296,69,,1,,15729
15297,11,,1,,15730
15298,69,,1,,15731
15299,69,,1,,15732
15300,69,,1,,15733
15301,69,,1,,15734
15302,11,,1,,15735
15303,11,,1,,15736
15304,69,,1,,15737
15305,23,,1,,15738
15306,69,,1,,15739
15307,69,,1,,15740
15308,11,,1,,15741
15309,11,,1,,15742
15310,69,,1,,15743
15311,69,,1,,15744
15312,69,,1,,15745
15313,69,,1,,15746
15314,69,,1,,15747
15315,69,,1,,15748
15316,69,,1,,15749
15317,69,,1,,15750
15318,69,,1,,15751
15319,69,,1,,15752
15320,69,,1,,15753
15321,11,,1,,15754
15322,36,,1,,15755
15323,69,,1,,15756
15324,69,,1,,15757
15325,69,,1,,15758
15326,69,,1,,15759
15327,11,,1,,15760
15328,69,,1,,15761
15329,11,,1,,15762
15330,11,,1,,15763
15331,11,,1,,15764
15332,11,,1,,15765
15333,11,,1,,15766
15334,11,,1,,15767
15335,67,,1,,15768
15336,11,,1,,15769
15337,11,,1,,15770
15338,11,,1,,15771
15339,11,,1,,15772
15340,11,,1,,15773
15341,11,,1,,15774
15342,11,,1,,15775
15343,11,,1,,15776
15344,11,,1,,15777
15345,11,,1,,15778
15346,69,,1,,15779
15347,69,,1,,15780
15348,69,,1,,15781
15349,69,,1,,15782
15350,69,,1,,15783
15351,69,,1,,15784
15352,11,,1,,15785
15353,11,,1,,15786
15354,69,,1,,15787
15355,69,,1,,15788
15356,69,,1,,15789
15357,69,,1,,15790
15358,69,,1,,15791
15359,69,,1,,15792
15360,69,,1,,15793
15361,69,,1,,15794
15362,69,,1,,15795
15363,69,,1,,15796
15364,69,,1,,15797
15365,69,,1,,15798
15366,36,,1,,15799
15367,11,,1,,15800
15368,39,,1,,15801
15369,69,,1,,15802
15370,69,,1,,15803
15371,69,,1,,15804
15372,69,,1,,15805
15373,69,,1,,15806
15374,69,,1,,15807
15375,69,,1,,15808
15376,69,,1,,15809
15377,69,,1,,15810
15378,36,,1,,15811
15379,69,,1,,15812
15380,69,,1,,15813
15381,69,,1,,15814
15382,69,,1,,15815
15383,69,,1,,15816
15384,69,,1,,15817
15385,39,,1,,15818
15386,69,,1,,15819
15387,36,,1,,15820
15388,69,,1,,15821
15389,69,,1,,15822
15390,36,,1,,15823
15391,66,,1,,15824
15392,69,,1,,15825
15393,66,,1,,15826
15394,69,,1,,15827
15395,69,,1,,15828
15396,69,,1,,15829
15397,69,,1,,15830
15398,69,,1,,15831
15399,69,,1,,15832
15400,69,,1,,15833
15401,69,,1,,15834
15402,69,,1,,15835
15403,22,,1,,15836
15404,69,,1,,15837
15405,69,,1,,15838
15406,69,,1,,15839
15407,69,,1,,15840
15408,23,,1,,15841
15409,23,,1,,15842
15410,39,,1,,15843
15411,39,,1,,15844
15412,69,,1,,15845
15413,69,,1,,15846
15414,36,,1,,15847
15415,36,,1,,15848
15416,69,,1,,15849
15417,69,,1,,15850
15418,69,,1,,15851
15419,69,,1,,15852
15420,69,,1,,15853
15421,69,,1,,15854
15422,69,,1,,15855
15423,36,,1,,15856
15424,36,,1,,15857
15425,69,,1,,15858
15426,69,,1,,15859
15427,69,,1,,15860
15428,69,,1,,15861
15429,69,,1,,15862
15430,69,,1,,15863
15431,69,,1,,15864
15432,69,,1,,15865
15433,69,,1,,15866
15434,36,,1,,15867
15435,36,,1,,15868
15436,69,,1,,15869
15437,69,,1,,15870
15438,69,,1,,15871
15439,69,,1,,15872
15440,36,,1,,15873
15441,69,,1,,15874
15442,69,,1,,15875
15443,36,,1,,15876
15444,69,,1,,15877
15445,69,,1,,15878
15446,69,,1,,15879
15447,69,,1,,15880
15448,69,,1,,15881
15449,69,,1,,15882
15450,69,,1,,15883
15451,69,,1,,15884
15452,69,,1,,15885
15453,69,,1,,15886
15454,69,,1,,15887
15455,69,,1,,15888
15456,69,,1,,15889
15457,69,,1,,15890
15458,69,,1,,15891
15459,69,,1,,15892
15461,69,,1,,15894
15462,69,,1,,15895
15463,69,,1,,15896
15464,36,,1,,15897
15465,36,,1,,15898
15466,36,,1,,15899
15467,36,,1,,15900
15468,36,,1,,15901
15469,36,,1,,15902
15470,69,,1,,15903
15471,69,,1,,15904
15472,69,,1,,15905
15473,69,,1,,15906
15474,36,,1,,15907
15475,11,,1,,15908
15476,69,,1,,15909
15477,69,,1,,15910
15478,69,,1,,15911
15479,69,,1,,15912
15480,69,,1,,15913
15481,69,,1,,15914
15482,36,,1,,15915
15483,69,,1,,15916
15484,69,,1,,15917
15485,69,,1,,15918
15486,11,,1,,15919
15487,11,,1,,15920
15488,11,,1,,15921
15489,11,,1,,15922
15490,11,,1,,15923
15491,69,,1,,15924
15492,11,,1,,15925
15493,69,,1,,15926
15494,69,,1,,15927
15495,11,,1,,15928
15496,39,,1,,15931
15497,39,,1,,15932
15498,36,,1,,15933
15499,39,,1,,15934
15500,39,,1,,15944
15501,39,,1,,15945
15502,36,,1,,15946
15503,36,,1,,15947
15504,36,,1,,15948
15505,36,,1,,15949
15506,36,,1,,15950
15507,41,,1,,15951
15508,41,,1,,15952
15509,11,,1,,15953
15511,39,,1,,15954
15512,39,,1,,15955
15513,39,,1,,15956
15514,39,,1,,15957
15515,11,,1,,15958
15516,11,,1,,15959
15517,36,,1,,16009
15518,36,,1,,16020
15519,36,,1,,16021
15520,36,,1,,16022
15521,36,,1,,16023
15522,41,,1,,16026
15523,36,,1,,16027
15524,11,,1,,16028
15525,11,,1,,16029
15526,36,,1,,15893
15527,36,,1,,15929
15528,36,,1,,15930
15529,11,,1,,15960
15530,11,,1,,15961
15531,11,,1,,15962
15532,11,,1,,15963
15533,11,,1,,15964
15534,11,,1,,15965
15535,11,,1,,15966
15536,11,,1,,15967
15537,11,,1,,15968
15538,11,,1,,15969
15539,11,,1,,15970
15540,11,,1,,15971
15541,11,,1,,15972
15542,11,,1,,15973
15543,11,,1,,15974
15544,11,,1,,15975
15545,11,,1,,15976
15546,11,,1,,15977
15547,11,,1,,15978
15548,11,,1,,15979
15549,11,,1,,15980
15550,11,,1,,15981
15551,11,,1,,15982
15552,11,,1,,15983
15553,11,,1,,15984
15554,11,,1,,15985
15555,11,,1,,15986
15556,11,,1,,15987
15557,11,,1,,15988
15558,11,,1,,15989
15559,11,,1,,15990
15560,11,,1,,15991
15561,11,,1,,15992
15562,11,,1,,15993
15563,11,,1,,15994
15564,11,,1,,15995
15565,11,,1,,15996
15566,11,,1,,15997
15567,11,,1,,15998
15568,11,,1,,15999
15569,11,,1,,16000
15570,11,,1,,16001
15571,11,,1,,16002
15572,11,,1,,16003
15573,11,,1,,16004
15574,11,,1,,16005
15575,11,,1,,16006
15576,11,,1,,16007
15577,11,,1,,16008
15578,11,,1,,16010
15579,11,,1,,16011
15580,11,,1,,16012
15581,11,,1,,16013
15582,11,,1,,16014
15583,11,,1,,16015
15584,11,,1,,16016
15585,11,,1,,16017
15586,11,,1,,16018
15587,11,,1,,16019
15588,11,,1,,16024
15589,11,,1,,16025
15590,11,,1,,16030
15591,39,,1,,16031
15592,39,,1,,16032
15593,39,,1,,16033
15594,36,,1,,16034
15595,11,,1,,16035
15596,11,,1,,16036
15597,11,,1,,16037
15598,11,,1,,16038
15599,11,,1,,16039
15600,11,,1,,16040
15601,11,,1,,16041
15602,11,,1,,16042
15603,11,,1,,16043
15604,11,,1,,16044
15605,11,,1,,16045
15606,11,,1,,16046
15607,11,,1,,16047
15608,11,,1,,16048
15609,11,,1,,16049
15610,11,,1,,16050
15611,11,,1,,16051
15612,11,,1,,16052
15613,11,,1,,16053
15614,11,,1,,16054
15615,11,,1,,16055
15616,11,,1,,16056
15617,11,,1,,16057
15618,11,,1,,16058
15619,11,,1,,16059
15620,11,,1,,16060
15621,11,,1,,16061
15622,36,,1,,16062
15623,36,,1,,16063
15624,36,,1,,16064
15625,36,,1,,16065
15626,36,,1,,16066
15627,11,,1,,16067
15628,36,,1,,16068
15629,36,,1,,16069
15630,36,,1,,16070
15631,36,,1,,16071
15632,36,,1,,16072
15633,36,,1,,16073
15634,36,,1,,16074
15635,36,,1,,16075
15638,8,,1,,16076
15639,36,,1,,16077
15640,36,,1,,16078
15641,36,,1,,16079
15642,8,,1,,16080
15643,11,,1,,16081
15644,36,,1,,16082
15645,36,,1,,16083
15646,36,,1,,16084
15647,36,,1,,16085
15648,36,,1,,16086
15649,36,,1,,16087
15650,36,,1,,16088
15651,36,,1,,16089
15652,36,,1,,16090
15653,36,,1,,16091
15654,36,,1,,16092
15655,36,,1,,16093
15656,36,,1,,16094
15657,36,,1,,16095
15658,36,,1,,16096
15659,36,,1,,16097
15660,36,,1,,16098
15661,36,,1,,16099
15662,36,,1,,16100
15663,36,,1,,16101
15664,36,,1,,16102
15665,36,,1,,16103
15666,36,,1,,16104
15667,36,,1,,16105
15668,36,,1,,16106
15669,36,,1,,16107
15670,36,,1,,16108
15671,36,,1,,16109
15672,36,,1,,16110
15673,36,,1,,16111
15674,36,,1,,16112
15675,36,,1,,16113
15676,8,,1,,16114
15677,36,,1,,16115
15678,36,,1,,16116
15679,36,,1,,16117
15680,36,,1,,16118
15681,8,,1,,16119
15682,36,,1,,16120
15683,36,,1,,16121
15684,36,,1,,16122
15686,8,,1,,16123
15687,36,,1,,16124
15688,36,,1,,16125
15689,36,,1,,16126
15690,36,,1,,16127
15691,36,,1,,16128
15692,36,,1,,16129
15693,36,,1,,16130
15694,36,,1,,16131
15695,36,,1,,16132
15697,36,,1,,16133
15698,36,,1,,16134
15699,36,,1,,16135
15700,36,,1,,16136
15701,36,,1,,16137
15702,36,,1,,16138
15703,36,,1,,16139
15704,36,,1,,16140
15705,36,,1,,16141
15706,36,,1,,16142
15707,36,,1,,16143
15708,36,,1,,16144
15709,36,,1,,16145
15710,36,,1,,16146
15711,36,,1,,16147
15712,36,,1,,16148
15713,36,,1,,16149
15714,36,,1,,16150
15715,36,,1,,16151
15716,36,,1,,16152
15717,36,,1,,16153
15718,39,,1,,16154
15719,11,,1,,16155
15720,39,,1,,16156
15721,39,,1,,16157
15722,39,,1,,16158
15723,39,,1,,16159
15724,11,,1,,16160
15725,11,,1,,16161
15726,39,,1,,16162
15727,39,,1,,16163
15728,36,,1,,16164
15729,11,,1,,16165
15730,39,,1,,16166
15731,39,,1,,16167
15732,39,,1,,16168
15733,39,,1,,16169
15734,11,,1,,16170
15735,11,,1,,16171
15736,39,,1,,16172
15737,11,,1,,16173
15738,39,,1,,16174
15739,11,,1,,16175
15740,39,,1,,16176
15741,39,,1,,16177
15742,39,,1,,16178
15743,39,,1,,16179
15744,39,,1,,16180
15745,39,,1,,16181
15746,39,,1,,16182
15747,39,,1,,16183
15748,36,,1,,16184
15749,11,,1,,16185
15750,39,,1,,16186
15751,39,,1,,16187
15752,39,,1,,16188
15753,39,,1,,16189
15754,39,,1,,16190
15755,39,,1,,16191
15756,39,,1,,16192
15757,39,,1,,16193
15758,39,,1,,16194
15759,11,,1,,16195
15760,39,,1,,16196
15761,39,,1,,16197
15762,39,,1,,16198
15763,39,,1,,16199
15764,39,,1,,16200
15765,39,,1,,16201
15766,39,,1,,16202
15767,39,,1,,16203
15768,36,,1,,16204
15769,11,,1,,16205
15770,39,,1,,16206
15771,39,,1,,16207
15772,39,,1,,16208
15773,39,,1,,16209
15774,39,,1,,16210
15775,39,,1,,16211
15776,39,,1,,16212
15777,39,,1,,16213
15778,23,,1,,16214
15779,11,,1,,16215
15780,39,,1,,16216
15781,66,,1,,16217
15782,39,,1,,16218
15783,39,,1,,16219
15784,39,,1,,16220
15785,39,,1,,16221
15786,36,,1,,16222
15787,23,,1,,16223
15788,39,,1,,16224
15789,11,,1,,16225
15790,36,,1,,16226
15791,39,,1,,16227
15792,66,,1,,16228
15793,39,,1,,16229
15794,39,,1,,16230
15795,39,,1,,16231
15796,36,,1,,16232
15797,23,,1,,16233
15798,36,,1,,16234
15799,11,,1,,16235
15800,39,,1,,16236
15801,66,,1,,16237
15802,39,,1,,16238
15803,39,,1,,16239
15804,39,,1,,16240
15805,39,,1,,16241
15806,39,,1,,16242
15807,39,,1,,16243
15808,36,,1,,16244
15809,39,,1,,16245
15810,66,,1,,16246
15811,39,,1,,16247
15812,39,,1,,16248
15813,39,,1,,16249
15814,39,,1,,16250
15815,39,,1,,16251
15816,11,,1,,16252
15817,39,,1,,16253
15818,23,,1,,16254
15819,11,,1,,16255
15820,39,,1,,16256
15821,39,,1,,16257
15822,39,,1,,16258
15823,39,,1,,16259
15824,66,,1,,16260
15825,36,,1,,16261
15826,23,,1,,16262
15827,39,,1,,16263
15828,36,,1,,16264
15829,11,,1,,16265
15830,39,,1,,16266
15831,39,,1,,16267
15832,39,,1,,16268
15833,39,,1,,16269
15834,66,,1,,16270
15835,36,,1,,16271
15836,23,,1,,16272
15837,36,,1,,16273
15838,39,,1,,16274
15839,11,,1,,16275
15840,39,,1,,16276
15841,39,,1,,16277
15842,39,,1,,16278
15843,39,,1,,16279
15844,39,,1,,16280
15845,39,,1,,16281
15846,39,,1,,16282
15847,39,,1,,16283
15848,39,,1,,16284
15849,11,,1,,16285
15850,36,,1,,16286
15851,39,,1,,16287
15852,39,,1,,16288
15853,39,,1,,16289
15854,39,,1,,16290
15855,39,,1,,16291
15856,39,,1,,16292
15857,39,,1,,16293
15858,39,,1,,16294
15859,11,,1,,16295
15860,39,,1,,16296
15861,39,,1,,16297
15862,39,,1,,16298
15863,39,,1,,16299
15864,39,,1,,16300
15865,39,,1,,16301
15866,39,,1,,16302
15867,39,,1,,16303
15868,39,,1,,16304
15869,39,,1,,16305
15870,39,,1,,16306
15871,36,,1,,16307
15872,39,,1,,16308
15873,39,,1,,16309
15874,39,,1,,16310
15875,39,,1,,16311
15876,39,,1,,16312
15877,39,,1,,16313
15878,11,,1,,16314
15879,39,,1,,16315
15880,39,,1,,16316
15881,11,,1,,16317
15882,39,,1,,16318
15883,39,,1,,16319
15884,39,,1,,16320
15885,39,,1,,16321
15886,39,,1,,16322
15887,39,,1,,16323
15888,39,,1,,16324
15889,39,,1,,16325
15890,8,,1,,16326
15891,11,,1,,16327
15892,39,,1,,16328
15893,39,,1,,16329
15894,39,,1,,16330
15895,39,,1,,16331
15896,39,,1,,16332
15897,39,,1,,16333
15898,39,,1,,16334
15899,39,,1,,16335
15900,39,,1,,16336
15901,11,,1,,16337
15902,39,,1,,16338
15903,39,,1,,16339
15904,39,,1,,16340
15905,39,,1,,16341
15906,39,,1,,16342
15907,39,,1,,16343
15908,39,,1,,16344
15909,39,,1,,16345
15910,36,,1,,16346
15911,11,,1,,16347
15912,39,,1,,16348
15913,39,,1,,16349
15914,39,,1,,16350
15915,39,,1,,16351
15916,39,,1,,16352
15917,39,,1,,16353
15918,39,,1,,16354
15919,39,,1,,16355
15920,39,,1,,16356
15921,39,,1,,16357
15922,39,,1,,16358
15923,39,,1,,16359
15924,39,,1,,16360
15925,39,,1,,16361
15926,39,,1,,16362
15927,39,,1,,16363
15928,39,,1,,16364
15929,11,,1,,16365
15930,36,,1,,16366
15931,11,,1,,16367
15932,39,,1,,16368
15933,39,,1,,16369
15934,39,,1,,16370
15935,39,,1,,16371
15936,39,,1,,16372
15937,39,,1,,16373
15938,39,,1,,16374
15939,39,,1,,16375
15940,39,,1,,16376
15941,11,,1,,16377
15942,39,,1,,16378
15943,39,,1,,16379
15944,39,,1,,16380
15945,39,,1,,16381
15946,39,,1,,16382
15947,39,,1,,16383
15948,39,,1,,16384
15949,39,,1,,16385
15950,36,,1,,16386
15951,11,,1,,16387
15952,39,,1,,16388
15953,39,,1,,16389
15954,39,,1,,16390
15955,39,,1,,16391
15956,39,,1,,16392
15957,39,,1,,16393
15958,39,,1,,16394
15959,39,,1,,16395
15960,39,,1,,16396
15961,11,,1,,16397
15962,39,,1,,16398
15963,39,,1,,16399
15964,66,,1,,16400
15965,39,,1,,16401
15966,39,,1,,16402
15967,39,,1,,16403
15968,39,,1,,16404
15969,39,,1,,16405
15970,8,,1,,16406
15971,8,,1,,16407
15972,39,,1,,16408
15973,39,,1,,16409
15974,66,,1,,16410
15975,39,,1,,16411
15976,39,,1,,16412
15977,39,,1,,16413
15978,39,,1,,16414
15979,39,,1,,16415
15980,11,,1,,16416
15981,39,,1,,16417
15982,11,,1,,16418
15983,11,,1,,16419
15984,39,,1,,16420
15985,39,,1,,16421
15986,39,,1,,16422
15987,39,,1,,16423
15988,39,,1,,16424
15989,36,,1,,16425
15990,39,,1,,16426
15991,11,,1,,16427
15992,11,,1,,16428
15993,39,,1,,16429
15994,39,,1,,16430
15995,39,,1,,16431
15996,39,,1,,16432
15997,11,,1,,16433
15998,39,,1,,16434
15999,11,,1,,16435
16000,39,,1,,16436
16001,39,,1,,16437
16002,39,,1,,16438
16003,39,,1,,16439
16004,11,,1,,16440
16005,39,,1,,16441
16006,39,,1,,16442
16007,23,,1,,16443
16008,36,,1,,16444
16009,39,,1,,16445
16010,39,,1,,16446
16011,39,,1,,16447
16012,39,,1,,16448
16013,11,,1,,16449
16014,39,,1,,16450
16015,39,,1,,16451
16016,11,,1,,16452
16017,39,,1,,16453
16018,11,,1,,16454
16019,39,,1,,16455
16020,39,,1,,16456
16021,39,,1,,16457
16022,39,,1,,16458
16023,39,,1,,16459
16024,39,,1,,16460
16025,39,,1,,16461
16026,39,,1,,16462
16027,36,,1,,16463
16028,39,,1,,16464
16029,39,,1,,16465
16030,39,,1,,16466
16031,39,,1,,16467
16032,39,,1,,16468
16033,39,,1,,16469
16034,39,,1,,16470
16035,11,,1,,16471
16036,39,,1,,16472
16037,39,,1,,16473
16038,11,,1,,16474
16039,39,,1,,16475
16040,39,,1,,16476
16041,39,,1,,16477
16042,39,,1,,16478
16043,39,,1,,16479
16044,39,,1,,16480
16045,39,,1,,16481
16046,39,,1,,16482
16047,36,,1,,16483
16048,11,,1,,16484
16049,39,,1,,16485
16050,39,,1,,16486
16051,39,,1,,16487
16052,39,,1,,16488
16053,39,,1,,16489
16054,39,,1,,16490
16055,39,,1,,16491
16056,39,,1,,16492
16057,39,,1,,16493
16058,11,,1,,16494
16059,39,,1,,16495
16060,39,,1,,16496
16061,39,,1,,16497
16062,39,,1,,16498
16063,39,,1,,16499
16064,39,,1,,16500
16065,39,,1,,16501
16066,39,,1,,16502
16067,36,,1,,16503
16068,11,,1,,16504
16069,39,,1,,16505
16070,39,,1,,16506
16071,39,,1,,16507
16072,39,,1,,16508
16073,39,,1,,16509
16074,39,,1,,16510
16075,39,,1,,16511
16076,39,,1,,16512
16077,11,,1,,16514
16078,39,6,1,,16515
16079,39,6,2,,16516
16080,39,1,1,,16517
16081,39,1,1,,16518
16082,39,1,1,,16518
16083,39,1,1,,16519
16084,39,1,2,,16520
16085,39,1,1,,16521
16086,39,1,1,,16522
16087,39,1,1,,16523
16088,39,1,1,,16524
16089,39,1,1,,16525
16090,39,1,1,,16526
16091,39,3,1,,16527
16092,39,1,1,,16528
16093,39,1,1,Walking Dog,16529
16094,39,1,1,,16530
16095,39,1,1,,16531
16096,39,1,1,,16532
16097,39,3,1,,16533
16098,39,1,1,,16534
16099,39,1,1,,16535
16100,39,1,1,,16536
16101,39,1,1,,16537
16102,39,1,2,,16538
16103,39,1,1,,16539
16104,39,1,1,,16540
16105,39,1,1,,16541
16106,39,3,1,,16542
16107,39,1,1,,16543
16108,39,3,1,,16544
16109,39,3,1,,16545
16110,39,1,2,Guy carrying guitar case,16546
16111,39,1,2,,16547
16112,39,1,2,,16548
16113,39,1,2,,16548
16114,39,1,2,,16549
16115,39,1,2,,16550
16116,39,1,2,,16551
16117,39,1,2,,16552
16118,23,7,1,,16551
16119,23,7,1,,16534
16120,23,7,1,,16531
16121,23,7,1,,16529
16122,23,7,1,,16525
16123,39,1,1,,16553
16124,39,1,1,,16554
16125,39,1,2,,16555
16126,39,1,2,,16556
16127,39,3,1,,16557
16128,39,1,2,,16558
16129,39,1,1,,16559
16130,39,1,2,,16560
16131,39,1,2,,16561
16132,23,7,1,,16561
16133,39,1,2,,16562
16134,39,1,1,,16563
16135,39,1,1,,16564
16136,23,7,1,,16564
16137,39,1,3,,16565
16138,39,6,1,,16566
16139,39,1,2,,16567
16140,39,1,2,,16568
16141,39,1,1,,16569
16142,39,1,1,,16570
16143,39,3,1,,16571
16144,39,1,1,,16572
16145,39,1,1,,16573
16146,39,1,1,,16574
16147,39,3,1,,16575
16148,39,3,1,,16576
16149,36,,1,,16577
16150,39,1,2,,16578
16151,39,1,1,,16579
16152,39,1,2,,16580
16153,39,1,1,,16581
16154,39,1,1,,16582
16155,39,1,1,,16583
16156,39,1,1,,16584
16157,39,1,1,,16585
16158,39,1,2,,16586
16159,39,1,2,,16587
16160,39,1,2,,16588
16161,39,1,2,,16589
16162,39,1,2,,16590
16163,36,,1,,16591
16164,39,1,1,,16592
16165,23,7,1,,16592
16166,39,1,1,,16593
16167,23,7,1,,16593
16168,39,1,1,,16594
16169,39,3,1,,16595
16170,39,1,1,,16596
16171,39,1,1,,16597
16172,39,1,1,,16598
16173,39,1,1,,16599
16174,39,3,1,,16600
16175,39,1,1,,16601
16176,23,7,1,,16601
16177,39,1,1,,16602
16178,39,1,1,,16603
16179,39,1,2,,16604
16180,39,3,1,,16605
16181,39,1,1,,16606
16182,23,7,1,,16606
16183,23,5,1,,16607
16184,39,1,1,,16608
16185,39,1,2,,16609
16186,23,7,1,,16609
16187,39,1,2,,16610
16188,39,3,1,,16611
16189,39,3,1,,16612
16190,39,3,1,,16613
16191,39,1,1,,16614
16192,39,1,2,,16615
16193,39,1,2,,16616
16194,39,1,1,,16617
16195,39,1,2,,16618
16196,39,1,2,,16619
16197,36,,1,,16620
16198,39,1,1,,16621
16199,39,1,1,,16622
16200,39,1,1,,16623
16201,39,1,1,,16624
16202,39,1,1,,16625
16204,39,1,1,,16626
16205,39,3,1,,16627
16206,39,3,1,,16628
16207,39,1,2,,16629
16208,39,1,1,,16630
16209,39,3,1,,16631
16210,39,3,1,,16632
16211,39,1,1,,16633
16212,39,1,1,,16634
16213,23,7,1,,16634
16214,39,1,1,,16635
16215,23,7,1,,16635
16217,39,1,2,,16636
16218,39,1,1,,16637
16219,39,1,1,,16638
16220,23,7,1,,16638
16221,39,1,1,,16639
16222,39,1,3,,16640
16223,23,7,1,,16640
16224,39,1,1,,16641
16225,39,1,2,,16642
16226,39,1,1,,16643
16227,39,1,1,,16644
16228,39,3,1,,16645
16229,39,8,1,,16646
16230,39,3,1,,16647
16231,39,8,2,,16648
16232,23,7,1,,16648
16233,39,1,1,,16649
16234,39,1,1,,16650
16235,39,1,1,,16651
16236,23,5,2,,16651
16237,39,3,1,,16652
16238,39,8,1,,16653
16239,39,1,1,,16654
16240,39,1,2,,16655
16241,39,3,1,,16656
16242,39,3,1,,16657
16243,39,1,1,,16658
16244,39,1,1,,16659
16245,39,1,1,,16660
16246,39,3,1,,16661
16247,39,3,1,,16662
16248,39,1,1,,16663
16249,39,1,2,,16664
16250,72,39,1,,16665
16251,36,,1,,16666
16252,36,40,1,,16667
16253,36,,1,,16668
16254,39,3,1,,16669
16255,36,,1,,16670
16256,39,3,1,,16671
16258,39,3,1,,16672
16259,39,1,1,,16673
16260,8,,2,Mom with her cub,16674
16261,39,1,2,,16675
16262,23,7,1,,16675
16263,39,1,2,,16676
16264,23,7,1,,16676
16265,39,1,1,,16677
16266,39,1,2,,16678
16267,23,7,1,,16678
16268,39,8,2,,16679
16269,39,3,1,,16680
16270,39,3,1,,16681
16271,39,1,1,,16682
16272,39,3,1,,16683
16273,39,1,1,,16684
16274,39,1,1,,16685
16275,39,1,1,,16686
16276,39,1,1,,16687
16277,39,1,2,,16688
16278,39,1,2,,16689
16279,39,1,2,,16690
16280,39,1,2,,16691
16281,39,3,1,,16692
16282,39,1,3,,16693
16283,39,1,1,,16694
16284,36,,1,,16695
16285,36,,1,,16696
16286,36,,1,,16697
16287,23,5,2,,16698
16288,39,3,1,,16699
16289,39,1,1,,16700
16290,39,3,1,,16701
16291,39,3,1,,16702
16292,39,1,1,,16703
16293,39,1,1,,16704
16294,39,1,1,,16705
16295,39,1,1,,16706
16296,39,3,1,,16707
16298,39,1,1,,16708
16299,39,1,1,,16709
16300,39,1,1,,16710
16301,39,3,1,,16711
16302,39,1,1,,16712
16303,39,3,1,,16713
16305,36,,1,,16714
16306,36,40,1,,16715
16307,39,1,1,,16716
16308,39,1,1,,16717
16309,23,7,1,,16717
16310,39,3,1,,16718
16311,39,1,1,,16719
16312,23,7,1,,16719
16313,39,1,2,,16720
16314,39,1,2,,16721
16315,39,1,1,,16722
16316,39,1,2,,16723
16317,39,1,2,,16724
16318,39,3,1,,16725
16319,39,3,1,,16726
16320,39,3,1,,16727
16321,39,1,2,,16728
16323,39,1,2,,16729
16324,39,1,1,,16730
16325,23,5,1,,16730
16326,39,1,1,,16731
16327,39,1,1,,16732
16328,36,,1,,16733
16329,36,,1,,16734
16330,36,,1,,16735
16331,39,8,2,,16736
16332,39,3,1,,16737
16333,39,1,1,,16738
16334,39,1,2,,16739
16335,39,1,2,,16740
16336,39,1,1,,16741
16337,39,1,2,,16742
16338,39,1,1,,16743
16339,39,1,2,,16744
16340,39,1,1,,16745
16341,39,1,1,,16746
16342,39,1,2,,16747
16343,39,3,1,,16748
16344,39,3,1,,16749
16345,39,1,1,,16750
16346,23,7,1,,16750
16347,39,1,2,,16751
16348,39,1,1,,16752
16349,39,1,1,,16753
16350,39,1,1,,16754
16351,39,1,1,,16755
16352,39,1,2,,16756
16353,39,1,1,,16757
16354,39,1,1,,16758
16355,39,1,2,,16759
16356,39,1,1,,16760
16357,39,1,2,,16761
16358,39,1,1,,16762
16359,23,7,1,,16762
16360,39,1,1,,16763
16361,39,1,1,,16764
16362,39,1,1,,16765
16363,23,7,1,,16765
16364,39,1,2,,16766
16365,39,1,1,,16767
16366,39,1,1,,16768
16367,39,1,1,,16769
16368,23,7,1,,16769
16369,39,3,1,,16770
16370,39,1,2,,16771
16371,39,1,2,,16772
16372,39,1,1,,16773
16373,39,3,1,,16774
16374,39,1,2,,16775
16375,23,5,1,,16776
16376,39,1,2,,16777
16377,39,8,1,,16778
16378,39,1,2,,16779
16379,39,1,1,,16780
16380,39,1,1,,16781
16381,39,1,1,,16782
16382,39,3,1,,16783
16383,39,1,1,,16784
16384,39,1,1,,16785
16385,39,1,1,,16786
16386,39,1,1,,16787
16387,39,1,1,,16788
16388,39,1,1,,16789
16389,39,1,1,,16790
16390,39,1,3,,16791
16391,23,7,1,,16791
16392,39,1,3,,16792
16393,23,7,1,,16792
16394,39,3,1,,16793
16395,39,3,1,,16794
16396,39,1,3,,16795
16397,39,1,3,,16796
16398,39,1,2,,16797
16399,39,1,1,,16798
16400,39,1,2,,16799
16401,39,1,2,,16800
16402,39,3,1,,16801
16403,39,1,1,,16802
16404,39,1,2,,16803
16405,23,7,1,,16803
16406,39,1,2,,16804
16407,23,7,1,,16804
16408,39,1,1,,16805
16409,39,1,1,,16806
16410,39,1,2,,16807
16411,39,3,1,,16808
16412,39,1,1,,16809
16413,39,3,1,,16810
16414,39,3,1,,16811
16415,39,1,1,,16812
16416,39,1,1,,16813
16417,39,1,2,,16814
16418,39,1,1,,16815
16419,39,1,1,,16816
16420,23,7,1,,16816
16421,39,1,1,,16817
16422,39,1,1,,16818
16423,39,1,1,,16819
16424,23,7,1,,16819
16425,39,1,1,,16820
16426,23,7,1,,16820
16427,39,3,1,,16821
16428,39,1,2,,16822
16429,39,1,2,,16823
16430,23,5,1,,16824
16431,39,3,1,,16825
16432,39,3,1,,16826
16433,39,3,1,,16827
16434,39,3,1,,16828
16435,39,1,1,,16829
16436,39,1,1,,16830
16437,39,3,1,,16831
16438,39,1,2,,16832
16439,39,1,1,,16833
16440,39,1,1,,16834
16441,23,7,1,,16834
16443,39,3,1,,16835
16444,39,3,1,,16835
16445,39,1,1,,16836
16446,39,1,1,,16837
16447,39,1,1,,16838
16448,11,,1,,16839
16449,39,3,1,,16840
16450,39,1,1,,16841
16451,39,1,2,,16842
16452,39,1,1,,16843
16453,39,1,1,,16844
16454,39,3,1,,16845
16455,36,,1,,16846
16456,39,1,1,,16847
16457,39,1,1,,16848
16458,39,1,1,,16849
16459,23,7,2,,16850
16460,39,1,1,,16851
16461,39,3,1,,16852
16462,39,1,1,,16853
16463,39,1,4,,16854
16464,23,7,1,,16854
16465,39,3,1,,16855
16466,39,1,2,,16856
16467,23,5,1,,16857
16468,39,3,1,,16858
16469,39,1,1,,16859
16470,39,1,2,,16860
16471,39,1,1,,16861
16472,39,1,1,,16862
16473,39,1,1,,16863
16474,11,,1,,16864
16475,39,1,1,,16865
16476,39,1,2,,16866
16477,23,7,1,,16867
16478,39,1,1,,16868
16479,39,1,1,,16869
16480,39,1,1,,16870
16481,39,1,1,,16871
16483,39,1,1,,16872
16484,39,1,2,,16873
16485,39,1,2,,16874
16486,39,1,2,,16875
16487,39,1,1,,16876
16488,39,1,1,,16877
16489,39,1,2,,16878
16490,39,1,3,,16879
16491,39,1,1,,16880
16492,39,3,1,,16881
16493,39,1,1,,16882
16494,39,1,1,,16883
16495,36,,1,,16884
16496,39,3,1,,16885
16497,39,3,1,,16886
16498,39,3,1,,16887
16500,23,5,1,,16887
16501,39,3,1,,16888
16502,39,1,1,,16889
16503,39,1,1,,16890
16504,39,1,1,,16891
16505,39,3,1,,16892
16506,39,1,1,,16893
16507,36,,1,,16894
16509,39,1,1,,16895
16510,39,1,1,,16896
16511,39,1,1,,16897
16512,39,1,1,,16898
16513,39,1,1,,16899
16514,39,1,1,,16900
16515,39,3,1,,16901
16516,36,,1,,16902
16517,36,,1,,16903
16518,36,40,1,,16904
16519,36,,1,,16904
16520,36,,1,,16905
16521,39,1,2,,16906
16522,39,1,1,,16907
16523,39,1,2,,16908
16524,39,3,1,,16909
16525,39,3,1,,16910
16526,39,3,1,,16911
16527,39,1,1,,16912
16528,39,3,1,,16913
16529,43,,1,,16914
16530,39,3,1,,16915
16531,39,3,1,,16916
16532,39,1,1,,16917
16533,39,3,1,,16918
16534,39,1,2,,16919
16535,39,1,1,,16920
16536,23,7,1,,16920
16537,39,1,3,,16921
16538,39,1,2,,16922
16539,39,1,1,,16923
16540,39,8,1,,16924
16541,39,1,1,,16924
16542,39,1,1,,16925
16543,39,3,1,,16926
16544,36,40,1,,16927
16545,39,3,1,,16928
16546,39,3,1,,16929
16547,39,1,1,,16930
16548,23,7,1,,16930
16549,39,3,1,,16931
16550,39,1,2,,16932
16551,39,3,1,,16933
16552,23,5,1,,16933
16554,39,1,1,,16934
16556,23,5,1,,16934
16557,39,1,1,,16935
16558,39,3,1,,16936
16559,39,1,2,,16937
16561,39,1,3,,16938
16562,39,1,1,,16939
16563,39,1,1,,16940
16564,39,3,1,,16941
16565,39,1,3,,16942
16566,39,3,1,,16943
16567,39,3,1,,16944
16568,39,1,1,,16945
16569,39,1,1,,16946
16570,36,,1,,16947
16571,39,1,1,,16948
16572,39,1,1,,16949
16573,39,1,2,,16950
16574,39,3,1,,16951
16575,39,3,1,,16952
16576,39,1,1,,16953
16577,23,7,1,,16953
16578,39,1,1,,16954
16579,39,1,2,,16955
16580,39,1,1,,16956
16581,39,1,2,,16957
16582,39,1,1,,16958
16583,39,1,2,,16959
16585,39,1,1,,16960
16586,39,1,1,,16961
16587,39,1,1,,16962
16588,39,3,1,,16963
16589,39,3,1,,16964
16590,39,3,1,,16965
16591,39,1,2,,16966
16592,39,1,1,,16967
16593,23,5,2,,16967
16594,39,1,1,,16968
16595,39,1,1,,16969
16596,39,1,1,,16970
16597,39,8,2,,16971
16598,39,1,1,,16972
16599,39,1,2,,16973
16600,23,7,1,,16973
16601,39,3,1,,16974
16602,39,1,1,,16975
16603,23,7,1,,16975
16604,39,1,2,,16976
16605,39,1,1,,16977
16606,39,3,1,,16978
16607,39,1,2,,16979
16608,23,7,1,,16979
16609,39,1,1,,16980
16610,39,1,1,,16981
16611,39,1,1,,16982
16612,39,3,1,,16983
16613,39,3,1,,16984
16614,39,1,1,,16985
16615,39,1,2,,16986
16616,23,7,1,,16986
16617,39,1,1,,16987
16618,39,1,1,,16988
16619,39,1,2,,16989
16620,39,1,2,,16990
16621,39,1,1,,16991
16622,36,,1,,16992
16623,39,1,1,,16993
16624,23,7,1,,16993
16625,36,,1,,16994
16626,39,1,1,,16995
16627,39,1,2,,16996
16628,39,1,1,,16997
16629,39,1,1,,16998
16630,39,3,1,,16999
16631,39,3,1,,17000
16632,39,1,1,,17001
16633,39,1,1,,17002
16634,39,1,1,,17003
16635,39,1,1,,17004
16636,36,,1,,17005
16637,39,1,2,,17006
16638,36,,1,,17007
16639,39,3,1,,17008
16640,39,3,1,,17009
16641,39,3,1,,17010
16642,39,1,1,,17011
16643,39,8,1,,17012
16644,39,1,1,,17013
16645,39,1,1,,17014
16646,39,1,1,,17015
16647,39,1,1,,17016
16648,23,7,1,,17016
16649,39,1,1,,17017
16650,39,1,1,,17018
16651,39,8,1,,17019
16652,23,7,1,,17020
16653,39,1,1,,17021
16654,39,3,1,,17022
16655,39,3,1,,17023
16656,39,3,1,,17024
16657,39,1,2,,17025
16658,39,1,1,,17026
16659,39,1,2,,17027
16660,39,1,2,,17028
16661,23,7,1,,17028
16662,39,1,2,,17029
16663,39,1,2,,17030
16664,23,7,1,,17030
16665,39,1,2,,17031
16666,23,7,1,,17031
16667,39,1,1,,17032
16668,39,3,1,,17033
16669,39,1,1,,17034
16670,39,1,1,,17035
16671,39,1,1,,17036
16672,39,1,1,,17037
16673,39,1,1,,17038
16674,39,1,1,,17039
16675,39,1,1,,17040
16676,39,1,1,,17041
16677,39,1,1,,17042
16678,11,,1,,17043
16679,39,1,2,,17044
16680,39,1,2,,17045
16681,39,1,2,,17046
16682,39,1,2,,17047
16683,39,1,1,,17048
16684,39,1,2,,17049
16685,39,1,1,,17050
16686,39,1,1,,17051
16687,39,1,1,,17052
16688,39,1,1,,17053
16689,39,1,1,,17054
16690,39,3,1,,17055
16691,39,1,1,,17056
16692,23,7,1,,17056
16693,39,1,1,,17057
16694,23,5,1,,17057
16695,36,,1,,17058
16696,39,1,1,,17059
16697,39,1,1,,17060
16698,39,1,1,,17061
16699,23,7,1,,17061
16700,39,1,1,,17062
16701,11,,1,,17063
16702,39,1,1,,17064
16703,39,1,2,,17065
16704,23,7,1,,17065
16705,39,1,1,,17066
16706,39,8,2,,17067
16707,39,1,1,,17068
16708,39,1,2,,17069
16709,39,1,1,,17070
16710,39,1,1,,17071
16711,39,1,2,,17072
16712,39,1,1,,17073
16713,23,7,1,,17074
16714,39,1,1,,17075
16715,39,1,1,,17076
16716,36,,1,,17077
16717,39,1,1,,17078
16718,39,1,1,,17079
16719,39,1,1,,17080
16720,23,7,1,,17080
16721,23,5,1,,17081
16722,39,1,1,,17082
16723,39,1,1,,17083
16724,39,1,1,,17084
16725,39,1,1,,17085
16726,39,1,1,,17086
16727,39,1,1,,17087
16728,39,1,2,,17088
16729,39,1,1,,17089
16730,39,1,2,,17090
16731,39,1,1,,17091
16732,39,1,2,,17092
16733,39,1,1,,17093
16735,39,1,1,,17094
16736,23,,1,,17094
16737,39,1,1,,17095
16738,23,7,1,,17095
16739,39,1,1,,17096
16740,23,7,1,,17096
16741,23,7,1,,17096
16742,39,1,1,,17097
16743,39,1,1,,17098
16744,39,3,1,,17099
16745,39,1,1,,17100
16746,39,1,2,,17101
16747,39,1,2,,17102
16748,23,7,2,,17103
16749,39,1,5,4 Men and a Baby,17104
16750,39,1,2,,17105
16751,39,3,1,,17106
16752,39,1,1,,17107
16753,39,3,1,,17108
16754,36,,1,,17109
16755,39,1,1,,17110
16756,39,1,2,,17111
16757,39,1,2,,17112
16758,36,,1,,17113
16759,36,40,1,,17113
16761,39,1,1,,17114
16762,39,1,1,,17115
16763,39,1,1,,17116
16764,36,,1,,17117
16765,39,1,1,,17118
16766,23,7,1,,17118
16767,39,1,1,,17119
16768,23,7,2,,17119
16769,39,1,1,,17120
16770,39,1,1,,17121
16771,39,1,2,,17122
16772,39,1,2,,17123
16773,39,1,1,,17124
16774,39,1,1,,17125
16775,39,3,1,,17126
16776,39,1,2,,17127
16777,39,1,1,,17128
16778,39,1,2,,17129
16779,39,3,1,,17130
16780,39,1,1,,17131
16781,39,1,1,,17132
16782,39,1,1,,17133
16783,39,1,1,,17134
16784,39,3,1,,17135
16785,39,1,1,,17136
16786,23,5,1,,17136
16787,23,7,1,,17137
16788,39,1,1,,17138
16789,36,,1,,17139
16790,39,1,1,,17140
16791,39,1,1,,17141
16792,39,1,1,,17142
16793,39,1,2,,17143
16794,39,1,1,,17144
16795,39,1,2,,17145
16796,23,5,1,,17146
16797,36,,1,,17147
16798,39,1,2,,17148
16799,23,7,1,,17149
16800,39,1,1,,17150
16801,39,1,2,,17151
16802,39,1,2,,17152
16803,39,1,3,,17153
16804,39,1,1,,17154
16806,39,1,1,,17155
16807,39,1,2,,17156
16808,39,1,1,,17157
16809,39,1,1,,17158
16810,23,7,2,,17158
16811,39,1,1,,17159
16812,39,1,1,,17160
16813,39,1,1,,17161
16814,39,1,1,,17162
16815,39,3,1,,17163
16816,36,,1,,17164
16817,39,1,1,,17165
16818,39,1,1,,17166
16819,39,1,1,,17167
16820,39,1,1,,17168
16821,39,1,1,,17169
16822,23,7,1,,17169
16823,36,,1,,17170
16824,36,,3,,17171
16825,39,1,1,,17172
16826,23,7,1,,17172
16827,39,1,1,,17173
16828,36,,2,,17174
16829,36,,1,,17175
16830,39,1,1,,17176
16831,39,1,2,,17177
16832,39,1,1,,17178
16833,23,7,1,,17178
16834,39,1,1,,17179
16835,23,7,1,,17179
16836,39,1,1,,17180
16837,39,1,2,,17181
16838,39,1,2,,17182
16839,39,1,1,,17183
16840,39,1,1,,17184
16841,39,1,2,,17185
16842,39,1,2,,17186
16843,39,1,1,,17187
16844,39,1,1,,17188
16845,39,1,1,,17189
16846,39,1,1,,17190
16847,39,1,1,,17191
16848,23,7,1,,17191
16849,39,1,2,,17192
16850,39,1,1,,17193
16851,39,1,1,,17194
16852,39,1,2,,17195
16853,39,1,1,,17196
16854,39,1,2,,17197
16855,39,1,1,,17198
16856,39,1,1,,17199
16857,39,1,2,,17200
16858,39,1,3,,17201
16859,39,1,2,,17202
16860,39,1,2,,17203
16861,23,7,1,,17203
16862,39,1,1,,17204
16863,39,1,1,,17205
16864,39,1,1,,17206
16865,39,1,1,,17207
16866,23,7,1,,17207
16867,39,1,1,,17208
16868,39,1,1,,17209
16869,23,7,1,,17209
16870,39,1,1,,17210
16871,39,1,2,,17211
16872,23,7,1,,17211
16873,39,1,2,,17212
16874,23,7,1,,17212
16875,39,1,1,,17213
16876,39,1,1,,17214
16877,39,1,1,,17215
16878,23,7,2,,17215
16879,39,1,1,What is she walking?,17216
16880,39,1,1,,17217
16881,39,1,1,,17218
16882,23,7,2,,17218
16883,36,,2,,17219
16884,39,1,1,,17220
16885,39,1,1,,17221
16886,39,1,2,,17222
16887,39,1,2,,17223
16888,39,1,3,,17224
16889,8,,1,,17225
16890,36,,1,,17226
16891,36,,1,,17227
16892,36,,1,,17228
16893,36,,1,,17229
16894,36,,1,,17230
16895,36,,1,,17231
16896,36,,1,,17232
16897,36,,1,,17233
16898,36,,1,,17234
16899,36,,1,,17235
16900,36,,1,,17236
16901,36,,1,,17237
16902,36,,1,,17238
16903,36,,1,,17239
16904,8,,1,,17240
16905,59,,7,,17241
16906,11,,1,,17242
16907,11,,1,,17243
16908,8,12,1,,17244
16909,11,,1,,17245
16910,36,,1,,17246
16911,11,,1,,17247
16912,36,,1,,17248
16913,36,,1,,17249
16914,36,,1,,17250
16915,36,,1,,17251
16916,36,,1,,17252
16917,11,,1,,17253
16918,59,,1,,17254
16919,8,,1,,17255
16920,8,,1,,17256
16922,11,,1,,17257
16923,36,,1,,17258
16924,36,,1,,17259
16925,36,,1,,17260
16926,36,,1,,17261
16927,8,,1,,17262
16928,11,,1,,17263
16929,11,,1,,17264
16930,8,,1,,17265
16931,11,,1,,17266
16932,36,,1,,17267
16933,11,,1,,17268
16934,11,,1,,17269
16935,11,,1,,17270
16936,11,,1,,17271
16937,11,,1,,17272
16938,11,,1,,17273
16939,36,,1,,17274
16940,36,,1,,17275
16941,36,,1,,17276
16942,36,,1,,17277
16943,36,,1,,17278
16944,36,,1,,17279
16945,36,,1,,17280
16946,36,,1,,17281
16947,36,,1,,17282
16948,36,,1,,17283
16949,39,1,1,,17284
16950,39,1,1,,17285
16951,11,,1,,17286
16953,39,3,1,,17287
16954,39,3,1,,17288
16955,39,1,1,,17289
16956,39,3,1,,17290
16957,39,1,2,,17291
16958,39,1,1,,17292
16959,39,3,1,,17293
16960,39,1,1,,17294
16961,11,,1,,17295
16962,11,,1,,17296
16963,39,1,2,,17297
16964,39,3,1,,17298
16965,36,,1,,17299
16966,39,1,1,,17300
16967,11,,1,,17301
16968,11,,1,,17302
16969,11,,1,,17303
16970,11,,1,,17304
16971,11,,1,,17305
16972,11,,1,,17306
16973,11,,1,,17307
16974,39,1,1,,17308
16975,39,1,2,,17309
16976,39,1,3,,17310
16977,39,1,1,,17311
16978,36,,1,,17312
16979,11,,1,,17313
16980,11,,1,,17314
16981,11,,1,,17315
16982,11,,1,,17316
16983,11,,1,,17317
16984,11,,1,,17318
16985,11,,1,,17319
16986,11,,1,,17320
16987,11,,1,,17321
16988,11,,1,,17322
16989,39,6,2,,17323
16990,23,7,1,,17323
16991,39,8,1,,17324
16992,39,8,1,,17325
16993,39,1,1,,17326
16994,39,1,1,,17327
16995,39,3,1,,17328
16996,39,1,1,,17329
16997,39,3,1,,17330
16998,39,3,1,,17331
16999,39,1,2,,17332
17000,39,1,2,,17333
17001,39,1,1,,17334
17002,39,1,1,,17335
17003,39,1,2,,17336
17004,39,1,2,,17337
17005,39,4,1,,17338
17006,66,,1,,17338
17007,39,3,1,,17339
17008,39,1,1,,17340
17009,23,7,1,,17340
17010,39,1,1,,17341
17011,39,1,1,,17342
17012,39,1,1,,17343
17013,23,7,1,,17343
17014,39,1,2,,17344
17015,39,3,1,,17345
17016,39,1,2,,17346
17017,39,3,1,,17347
17018,39,3,1,,17348
17019,39,3,1,,17349
17020,39,1,1,,17350
17021,39,1,1,,17351
17022,11,,1,,17352
17023,39,1,1,,17353
17024,11,,1,,17354
17025,39,1,1,,17355
17027,11,,1,,17356
17028,11,,1,,17357
17029,39,1,2,,17358
17030,39,1,2,,17359
17031,39,4,1,,17360
17032,66,,1,,17360
17033,39,1,1,,17361
17034,23,7,1,,17361
17035,39,1,1,,17362
17036,23,7,1,,17362
17037,39,1,2,,17363
17038,39,1,2,,17364
17039,39,1,1,,17365
17040,39,1,2,,17366
17041,39,1,1,,17367
17042,39,1,1,,17368
17043,39,1,2,,17369
17044,39,1,1,,17370
17045,39,1,1,,17371
17046,39,1,1,,17372
17047,39,1,1,,17373
17048,39,1,1,,17374
17049,39,1,1,,17375
17050,39,1,4,,17376
17051,39,1,1,,17377
17052,39,1,1,,17378
17053,39,1,2,,17379
17054,39,1,3,,17380
17056,39,1,1,,17381
17057,39,1,1,,17382
17058,39,1,2,,17383
17059,23,,1,,17384
17060,39,1,1,,17385
17061,39,1,1,,17386
17062,39,1,1,,17387
17063,23,7,1,,17387
17064,39,1,2,,17388
17065,39,1,1,,17389
17066,39,1,1,,17390
17067,23,7,1,,17390
17068,39,1,2,,17391
17069,39,1,2,,17392
17070,39,1,1,,17393
17071,39,1,2,,17394
17072,39,1,2,,17395
17073,23,5,1,,17395
17074,39,1,1,,17396
17075,23,7,1,,17396
17076,39,8,1,,17397
17077,39,1,1,,17398
17078,39,1,2,,17399
17079,39,1,1,,17400
17080,39,1,2,,17401
17081,39,1,1,,17402
17082,39,1,1,,17403
17083,39,1,2,,17404
17084,39,1,1,,17405
17085,39,1,1,,17406
17086,39,1,1,,17407
17087,39,1,1,,17408
17088,39,1,1,,17409
17089,39,1,1,,17410
17090,39,1,1,,17411
17091,39,1,2,,17412
17092,39,1,2,,17413
17093,39,1,1,,17414
17094,39,1,2,,17415
17095,39,3,1,,17416
17096,39,1,1,,17417
17097,39,1,2,,17418
17098,39,1,1,,17419
17099,39,1,2,,17420
17100,39,1,2,,17421
17101,39,1,1,,17422
17102,39,1,2,,17423
17103,39,1,1,,17424
17104,39,1,1,,17425
17105,39,1,1,,17426
17106,39,1,2,,17427
17107,39,1,1,,17428
17108,39,1,1,,17429
17109,39,1,2,,17430
17110,39,1,1,,17431
17111,39,1,2,,17432
17112,39,1,1,,17433
17113,39,1,1,,17434
17114,39,1,1,,17435
17115,39,1,1,,17436
17116,11,,1,,17437
17117,39,4,1,,17438
17118,66,,1,,17438
17119,39,1,1,,17439
17120,39,1,1,,17440
17121,39,1,1,,17441
17122,39,1,1,,17442
17123,39,1,1,,17443
17124,39,1,1,,17444
17125,39,1,1,,17445
17127,39,1,2,,17446
17128,39,1,1,,17447
17129,23,7,1,,17447
17130,8,,1,,17448
17131,36,,1,,17449
17132,36,,1,,17451
17133,39,3,1,,17452
17134,39,3,1,,17453
17135,39,3,1,,17454
17136,39,1,1,,17455
17137,39,3,1,,17456
17138,39,1,1,,17457
17139,23,7,1,,17457
17140,39,1,2,,17458
17141,39,1,1,,17459
17142,39,1,1,,17460
17143,39,1,1,,17461
17144,23,5,1,,17462
17145,39,3,1,,17463
17146,39,3,1,,17464
17147,39,3,1,,17465
17148,39,3,1,,17466
17149,23,5,1,,17466
17150,39,1,1,,17467
17151,23,5,1,,17467
17152,39,1,1,,17468
17153,23,5,1,,17468
17154,39,1,1,,17469
17155,23,7,1,,17469
17156,39,1,1,,17470
17157,23,5,1,,17470
17158,39,4,2,,17471
17159,66,,1,,17471
17160,39,3,1,,17472
17161,23,7,1,,17472
17162,39,3,1,,17473
17163,39,3,1,,17474
17164,36,,1,,17450
17165,13,,1,,17477
17166,13,,1,,17478
17167,13,,1,,17479
17168,11,,1,,17480
17169,11,,1,,17481
17170,11,,1,,17482
17171,11,,1,,17483
17172,11,,1,,17484
17173,11,,1,,17485
17174,36,,1,,17486
17175,36,,1,,17487
17176,36,,1,,17488
17177,11,,1,,17489
17178,11,,1,,17490
17179,11,,1,,17491
17180,36,,2,,17492
17181,36,,2,,17493
17182,36,,2,,17494
17183,36,,3,,17495
17184,36,,3,,17496
17185,36,,3,,17497
17186,36,,2,,17498
17187,36,,2,,17499
17188,36,,2,,17500
17189,36,,2,,17501
17190,36,,2,,17502
17191,36,,2,,17503
17192,36,,2,,17504
17193,36,,2,,17505
17194,36,,2,,17506
17195,36,,1,,17507
17196,36,,1,,17508
17197,36,,1,,17509
17198,36,,1,,17510
17199,36,,1,,17511
17200,36,,1,,17512
17201,36,,1,,17513
17202,36,,1,,17514
17203,36,,1,,17515
17204,36,,1,,17516
17205,36,,1,,17517
17206,36,,1,,17518
17207,36,,1,,17519
17208,36,,1,,17520
17209,36,,1,,17521
17210,36,,1,,17522
17211,36,,1,,17523
17212,36,,1,,17524
17213,36,,1,,17525
17214,36,,1,,17526
17215,36,,1,,17527
17216,36,,1,,17528
17217,36,,1,,17529
17218,36,,1,,17530
17219,36,,1,,17531
17220,36,,1,,17532
17221,36,,1,,17533
17222,43,,1,,17534
17223,43,,1,,17535
17224,43,,1,,17536
17225,11,,1,,17537
17226,11,,1,,17538
17227,11,,1,,17539
17228,11,,1,,17540
17229,11,,1,,17541
17230,11,,1,,17542
17231,43,,1,,17543
17232,43,,1,,17544
17233,43,,1,,17545
17234,11,,1,,17546
17235,11,,1,,17547
17236,11,,1,,17548
17237,11,,1,,17549
17238,11,,1,,17550
17239,11,,1,,17551
17240,11,,1,,17552
17241,11,,1,,17553
17242,11,,1,,17554
17243,11,,1,,17555
17244,11,,1,,17556
17245,11,,1,,17557
17246,43,,1,,17558
17247,43,,1,,17559
17248,43,,1,,17560
17249,36,,1,,17561
17250,36,,1,,17562
17251,11,,1,,17563
17252,36,,2,,17564
17253,36,,1,,17565
17254,36,,1,,17566
17255,36,,2,,17567
17256,36,,2,,17568
17257,36,,1,,17569
17258,36,,2,,17570
17259,36,,2,,17571
17260,36,,2,,17572
17261,36,,1,,17573
17262,36,,1,,17574
17264,36,,2,,17575
17265,36,,2,,17576
17266,36,,2,,17577
17267,36,,2,,17578
17268,36,,2,,17579
17269,36,,2,,17580
17270,36,,2,,17581
17271,36,,3,,17582
17272,36,,2,,17583
17273,36,,2,,17584
17274,11,,1,,17585
17275,11,,1,,17586
17276,11,,1,,17587
17277,36,,2,,17588
17278,36,,2,,17589
17279,36,,2,,17590
17280,36,,3,,17591
17281,36,,3,,17592
17282,36,,3,,17593
17283,36,,2,,17594
17284,36,,2,,17595
17285,36,,2,,17596
17286,36,,2,,17597
17287,36,,2,,17598
17288,36,,1,,17599
17289,36,,1,,17600
17290,36,,1,,17601
17291,36,,1,,17602
17292,36,,1,,17603
17293,36,,1,,17604
17294,36,,2,,17605
17295,36,,1,,17606
17296,36,,1,,17607
17297,11,,1,,17608
17299,3,,1,,17615
17300,3,,1,,17616
17301,3,,1,,17617
17302,11,,1,,17618
17303,11,,1,,17619
17304,11,,1,,17620
17305,11,,1,,17621
17306,39,1,1,,17622
17307,23,7,1,,17622
17308,39,1,2,,17623
17309,11,,1,,17624
17310,39,1,1,,17625
17311,39,1,1,,17626
17312,39,1,1,,17627
17313,39,1,1,,17628
17314,39,1,1,,17629
17315,39,1,2,,17630
17316,39,1,1,,17631
17317,39,1,1,,17632
17318,23,7,1,,17633
17319,39,1,1,,17634
17321,39,6,1,,17906
17322,39,6,1,,17907
17323,39,6,1,,17908
17324,11,,1,,17909
17325,11,,1,,17910
17326,11,,1,,17911
17327,11,,1,,17912
17328,11,,1,,17913
17329,11,,1,,17914
17330,36,,1,,17915
17331,36,,1,,17916
17332,36,,1,,17917
17333,36,,1,,17918
17334,36,,1,,17919
17335,36,,1,,17920
17336,36,,3,,17921
17337,36,,3,,17922
17338,36,,3,,17923
17339,36,,1,,17924
17340,36,,1,,17925
17341,36,,1,,17926
17342,36,,2,,17927
17343,36,,2,,17928
17344,36,,1,,17929
17345,36,,1,,17930
17346,36,,1,,17931
17347,36,,1,,17932
17348,36,,1,,17933
17349,36,,1,,17934
17350,36,,1,,17935
17351,36,,1,,17936
17352,36,,1,,17937
17353,36,,1,,17938
17354,36,,1,,17939
17355,36,,1,,17940
17356,36,,2,,17941
17358,36,,3,,17942
17359,36,,3,,17943
17360,36,,3,,17944
17362,11,,1,,17945
17363,11,,1,,17946
17364,11,,1,,17947
17365,11,,1,,17948
17366,11,,1,,17949
17367,11,,1,,17950
17368,11,,1,,17951
17369,11,,1,,17952
17370,11,,1,,17953
17371,11,,1,,17954
17372,11,,1,,17955
17373,11,,1,,17956
17374,11,,1,,17957
17376,11,,1,,17958
17377,11,,1,,17959
17378,11,,1,,17960
17379,11,,1,,17961
17380,36,,1,,17962
17381,36,,1,,17963
17382,36,,1,,17964
17383,36,,1,,17965
17384,11,,1,,17966
17385,11,,1,,17967
17386,11,,1,,17968
17387,36,,1,,17969
17388,36,,1,,17970
17389,36,,2,,17971
17390,36,,2,,17972
17391,36,,2,,17973
17392,36,,2,,17974
17393,36,,2,,17975
17394,36,,2,,17976
17395,36,,2,,17977
17396,36,,1,,17978
17397,36,,1,,17979
17398,36,,1,,17980
17399,36,,1,,17981
17400,36,,1,,17982
17401,36,,1,,17983
17402,36,,1,,17984
17403,36,,1,,17985
17404,36,,1,,17986
17405,36,,1,,17987
17406,36,,1,,17988
17407,36,,2,,17989
17408,36,,2,,17990
17409,36,,2,,17991
17410,36,,2,,17992
17411,36,,2,,17993
17412,36,,2,,17994
17413,36,,2,,17995
17414,36,,2,,17996
17415,36,,2,,17997
17416,36,,2,,17998
17417,36,,1,,17999
17418,36,,1,,18000
17419,36,,1,,18001
17420,11,,1,,18002
17421,11,,1,,18003
17422,11,,1,,18004
17423,11,,1,,18005
17424,11,,1,,18006
17425,11,,1,,18007
17426,11,,1,,18008
17427,11,,1,,18009
17428,11,,1,,18010
17429,11,,1,,18011
17430,11,,1,,18012
17431,11,,1,,18013
17432,36,,2,,18014
17433,36,,3,,18015
17434,36,,3,,18016
17435,36,,3,,18017
17436,36,,3,,18018
17437,36,,3,,18019
17438,36,,3,,18020
17439,36,,3,,18021
17440,36,,1,,18022
17441,36,,3,,18023
17442,36,,3,,18024
17443,36,,3,,18025
17444,36,,3,,18026
17445,36,,3,,18027
17446,36,,3,,18028
17447,36,,3,,18029
17448,36,,3,,18030
17449,36,,3,,18031
17450,36,,2,,18032
17451,36,,2,,18033
17452,36,,2,,18034
17453,11,,1,,18035
17454,11,,1,,18036
17455,11,,1,,18037
17456,36,,2,,18038
17457,36,,2,,18039
17458,36,,1,,18040
17459,36,,1,,18041
17460,36,,1,,18042
17461,36,,1,,18043
17462,11,,1,,18044
17463,11,,1,,18045
17464,11,,1,,18046
17465,36,,1,,18047
17466,36,,1,,18048
17467,36,,1,,18049
17468,36,,1,,18050
17469,36,,2,,18051
17470,36,,2,,18052
17471,36,,2,,18053
17472,36,,1,,18054
17473,36,,2,,18055
17474,36,,4,,18056
17475,36,,4,,18057
17476,36,,4,,18058
17477,11,,1,,18059
17478,11,,1,,18060
17479,11,,1,,18061
17480,36,,2,,18062
17481,36,,2,,18063
17482,36,,2,,18064
17483,11,,1,,18065
17484,11,,1,,18066
17485,11,,1,,18067
17486,11,,1,,18068
17487,11,,1,,18069
17488,11,,1,,18070
17489,36,,2,,18071
17490,36,,2,,18072
17491,36,,2,,18073
17492,36,,2,,18073
17493,12,,1,,18074
17494,12,,1,,18075
17495,12,,1,,18076
17496,11,,1,,18077
17497,11,,1,,18078
17498,11,,1,,18079
17499,11,,1,,18080
17500,11,,1,,18081
17501,11,,1,,18082
17502,11,,1,,18083
17503,13,,1,,18084
17504,13,,1,,18085
17505,11,,1,,18086
17506,11,,1,,18087
17507,11,,1,,18088
17508,36,,1,,18089
17509,36,,1,,18090
17510,36,,1,,18091
17511,36,,1,,18092
17512,36,,1,,18093
17513,36,,1,,18094
17514,36,,1,,18095
17515,36,,1,,18096
17517,36,,1,,18097
17518,36,,2,,18098
17519,36,,2,,18099
17520,36,,2,,18100
17521,36,,2,,18101
17522,36,,2,,18102
17523,36,,3,,18103
17524,36,,2,,18104
17525,36,,2,,18105
17526,36,,2,,18106
17527,11,,1,,18107
17528,11,,1,,18108
17529,11,,1,,18109
17530,3,,1,,18110
17531,3,,1,,18111
17532,3,,1,,18112
17533,11,,1,,18113
17534,11,,1,,18114
17535,11,,1,,18115
17536,11,,1,,18116
17537,11,,1,,18117
17538,11,,1,,18118
17539,36,,1,,18119
17540,36,,1,,18120
17541,36,,1,,18121
17542,36,,1,,18122
17543,36,,1,,18123
17544,36,,1,,18124
17545,36,,1,,18125
17546,36,,1,,18126
17547,11,,1,,18127
17548,39,6,1,,18128
17549,39,6,1,,18129
17550,39,6,1,,18130
17551,36,,1,,18131
17552,39,,5,,18132
17553,39,6,5,,18133
17554,36,,4,,17804
17555,36,,3,,17805
17556,36,,2,,17806
17557,36,,1,,17807
17558,36,,1,,17808
17559,36,,1,,17809
17560,36,,1,,17810
17561,36,,1,,17811
17562,36,,1,,17812
17563,36,,1,,17813
17564,39,3,1,,17814
17565,39,3,1,,17815
17566,39,3,1,,17816
17567,39,3,1,,17817
17568,36,,2,,17818
17569,39,1,1,,17819
17570,23,7,1,,17819
17571,39,1,1,,17820
17572,39,1,1,,17821
17573,23,7,1,,17821
17574,39,1,2,,17822
17575,39,3,1,,17823
17576,39,1,1,,17824
17577,39,1,1,,17825
17578,39,1,1,,17826
17579,39,3,1,,17827
17580,39,3,1,,17828
17581,39,3,1,,17829
17582,39,3,1,,17830
17583,39,1,2,,17831
17584,11,,1,,17832
17585,11,,1,,17833
17586,11,,1,,17834
17589,39,3,1,,17835
17590,39,3,1,,17836
17591,39,3,2,,17837
17592,39,1,1,,17838
17593,39,1,2,,17839
17594,39,1,1,,17840
17595,39,4,1,,17841
17596,66,,1,,17841
17597,39,3,1,,17842
17598,39,3,1,,17843
17600,39,3,2,,17844
17601,39,3,1,,17845
17602,39,1,1,,17846
17603,23,5,1,,17846
17604,39,3,1,,17847
17605,39,3,1,,17848
17606,39,1,1,,17849
17607,39,3,1,,17850
17608,39,3,2,,17851
17609,39,3,1,,17852
17610,39,3,1,,17853
17611,39,1,1,,17854
17612,23,7,1,,17854
17613,39,3,1,,17855
17614,39,1,1,,17856
17615,39,3,1,,17857
17616,39,3,1,,17858
17617,39,3,3,,17859
17618,39,3,1,,17860
17619,39,3,1,,17861
17620,39,1,2,,17862
17621,39,3,2,,17863
17622,39,3,1,,17864
17623,39,1,1,,17865
17624,39,1,3,,17866
17625,39,3,1,,17867
17626,39,3,1,,17868
17627,39,3,1,,17869
17628,39,3,1,,17870
17629,39,3,1,,17871
17630,39,3,1,,17872
17632,39,3,1,,17873
17633,39,3,1,,17874
17634,36,,3,,17875
17635,39,1,1,,17876
17636,39,3,1,,17877
17637,39,1,1,,17878
17638,39,4,1,,17879
17639,66,,1,,17879
17640,39,1,1,,17880
17641,23,5,1,,17880
17642,39,1,3,,17881
17643,39,3,1,,17882
17644,39,3,1,,17883
17645,39,1,2,,17884
17646,39,3,1,,17885
17647,39,3,2,,17886
17648,39,3,1,,17887
17649,39,3,1,,17888
17650,39,3,1,,17889
17651,11,,1,,17890
17652,39,3,1,,18134
17653,39,3,1,,18135
17654,11,,1,,18136
17655,39,3,1,,18137
17656,39,1,1,,18138
17657,39,1,1,,18139
17658,23,5,1,,18139
17659,39,1,1,,18140
17660,39,1,2,,18141
17661,23,7,1,,18141
17662,39,1,1,,18142
17663,23,7,1,,18142
17664,11,,1,,18143
17665,39,1,2,,18144
17666,39,3,1,,18145
17667,39,1,1,,18146
17668,23,7,1,,18146
17669,39,,1,,18147
17670,39,,1,,18148
17671,39,1,2,,18149
17672,39,3,1,,18150
17673,39,1,2,,18151
17674,39,1,1,,18152
17675,11,,1,,18153
17676,39,3,1,,18154
17677,11,,1,,18155
17678,36,,1,,17794
17679,11,,1,,17795
17680,11,,1,,17796
17681,11,,1,,17797
17682,36,,1,,17798
17683,11,,1,,17799
17684,11,,1,,17800
17685,11,,1,,17801
17686,11,,1,,17802
17687,11,,1,,17803
17688,11,,1,,18156
17689,11,,1,,18157
17690,36,,2,,18158
17691,36,,1,,18159
17692,36,,1,,18160
17693,11,,1,,18161
17694,11,,1,,18162
17695,11,,1,,18163
17696,11,,1,,18164
17697,11,,1,,18165
17698,11,,1,,18166
17699,11,,1,,18167
17700,11,,1,,18168
17701,39,6,1,,18169
17702,39,1,1,,17635
17703,39,1,1,,17636
17704,23,7,1,,17636
17705,39,1,1,,17637
17706,39,1,1,,17638
17707,39,1,1,,17639
17708,39,1,1,,17640
17709,39,1,2,,17641
17710,39,1,2,,17642
17711,39,1,1,,17643
17712,39,1,1,,17644
17713,39,3,1,,17645
17714,39,3,1,,17646
17715,39,3,1,,17647
17716,39,3,1,,17648
17717,39,1,1,,17649
17718,39,1,1,,17650
17719,11,,1,,17651
17720,39,1,1,,17652
17721,23,7,1,,17653
17722,39,1,2,,17654
17723,39,1,1,,17655
17724,39,1,1,,17656
17725,8,,1,,17657
17726,39,1,1,,17658
17727,39,1,1,,17659
17728,39,3,1,,17660
17729,39,1,1,,17661
17730,23,7,1,,17661
17731,39,3,2,,17662
17732,39,1,1,,17663
17733,39,1,1,,17664
17734,39,1,1,,17665
17735,23,7,1,,17665
17736,39,1,1,,17666
17737,39,1,1,,17667
17738,23,7,1,,17667
17739,39,1,2,,17668
17740,23,5,1,,17668
17741,39,1,1,,17669
17742,23,5,1,,17669
17743,39,1,1,,17670
17744,23,7,1,,17670
17745,39,1,2,,17671
17746,23,7,1,,17671
17747,39,1,1,,17672
17748,39,1,2,,17673
17749,39,1,1,,17674
17750,39,1,1,,17675
17751,39,1,1,,17676
17752,23,7,1,,17676
17753,39,1,1,,17677
17754,39,1,1,,17678
17755,39,1,2,,17679
17756,23,7,1,,17679
17757,11,,1,,17680
17758,39,3,1,,17681
17759,11,,1,,17682
17760,11,,1,,17683
17761,39,1,1,,17684
17762,23,5,1,,17685
17763,23,5,1,,17686
17764,39,1,2,,17687
17765,39,1,2,,17688
17766,36,,1,,17689
17767,43,,1,,17690
17768,43,,1,,17691
17769,11,,1,,17692
17771,39,3,1,,17693
17772,39,1,1,,17694
17773,39,1,1,,17695
17774,39,1,1,,17696
17775,39,3,1,,17697
17776,39,1,1,,17698
17777,39,1,1,,17699
17778,39,1,1,,17700
17779,23,7,1,,17700
17780,39,1,1,,17701
17781,11,,1,,17702
17782,39,1,1,,17703
17783,23,7,1,,17703
17784,39,1,1,,17704
17785,39,1,2,,17705
17786,11,,1,,17706
17787,39,3,1,,17707
17788,39,1,1,,17708
17789,39,1,1,,17709
17790,39,3,1,,17710
17791,39,1,1,,17711
17792,39,1,1,,17712
17793,23,7,1,,17713
17794,39,1,1,,17714
17795,11,,1,,17715
17796,39,3,1,,17716
17797,39,1,2,,17717
17798,39,1,1,,17718
17799,39,1,1,,17719
17800,23,7,2,,17720
17801,23,5,1,,17721
17802,39,1,1,,17722
17803,39,1,1,,17723
17804,39,1,2,,17724
17805,39,1,2,,17725
17806,39,1,1,,17726
17807,39,1,1,,17727
17808,39,1,1,,17728
17809,39,1,2,,17729
17810,39,1,1,,17730
17811,39,1,1,,17731
17812,39,1,1,,17732
17813,39,1,1,,17733
17814,39,1,1,,17734
17815,39,1,2,,17735
17816,23,7,1,,17735
17817,39,1,2,,17736
17818,39,,1,,17737
17819,39,1,1,,17738
17820,39,1,1,,17739
17821,39,1,2,,17740
17822,39,1,1,,17741
17823,39,1,1,,17742
17824,39,1,1,,17743
17825,23,5,1,,17743
17826,39,1,1,,17744
17827,39,1,1,,17745
17828,39,1,1,,17746
17829,23,7,1,,17746
17830,23,7,1,,17748
17831,23,7,1,,17749
17832,39,1,1,,17750
17833,39,1,2,,17751
17834,23,7,1,,17751
17835,39,1,1,,17752
17836,39,1,1,,17753
17837,23,5,1,,17753
17838,39,1,2,,17754
17839,39,1,2,,17755
17840,39,1,2,,17756
17841,39,1,1,,17757
17842,39,1,2,,17758
17843,39,1,2,,17759
17844,39,1,1,,17760
17845,23,5,1,,17760
17846,39,1,3,,17761
17847,39,1,2,,17762
17848,39,1,1,,17763
17849,39,1,1,,17764
17850,39,1,2,,17765
17851,39,1,1,,17766
17852,39,1,1,,17767
17853,39,1,1,,17768
17854,39,1,2,,17769
17855,39,1,1,,17770
17856,23,7,1,,17770
17857,39,1,1,,17771
17858,39,1,1,,17772
17859,39,1,1,,17773
17860,39,1,1,,17774
17861,39,1,1,,17775
17862,39,1,1,,17776
17863,39,1,2,,17777
17864,39,1,2,,17778
17865,39,1,1,,17779
17866,39,1,1,,17780
17867,39,3,1,,17781
17868,36,,3,,17782
17869,39,1,1,,17783
17870,23,5,1,,17783
17871,39,1,2,,17784
17872,39,1,2,,17785
17873,39,3,1,,17786
17874,39,1,1,,17787
17875,39,1,2,,17788
17876,39,1,2,,17789
17877,39,1,2,,17790
17878,39,1,1,,17791
17879,39,6,1,,17792
17880,11,,1,,17793
17881,39,1,1,,17747
17882,23,7,1,,17747
17883,69,,1,,18171
17884,36,,3,,18172
17885,39,,3,,18173
17886,69,,1,,18174
17887,8,,1,,18175
17888,36,,1,,18176
17889,8,,1,,18177
17890,36,,2,,18178
17891,36,,2,,18179
17892,36,,3,,18180
17893,39,,1,,18181
17894,69,,1,,18182
17895,39,,1,,18184
17896,69,,1,,18185
17897,39,,1,,18186
17898,69,,1,,18187
17899,39,,1,,18188
17900,39,,1,,18189
17901,36,,1,,18190
17902,69,,1,,18191
17903,39,,1,,18192
17904,22,,1,,18193
17905,22,,1,,18194
17906,69,,1,,18195
17907,69,,1,,18196
17908,36,,1,,18197
17909,36,,1,,18198
17910,69,,1,,18199
17911,39,,1,,18200
17912,39,,1,,18201
17913,9,,1,,18202
17914,41,,2,,18202
17915,39,,1,,18203
17916,39,,1,,18204
17917,39,,1,,18205
17918,54,,1,,18207
17919,69,,1,,18208
17920,69,,1,,18209
17921,69,,1,,18210
17922,69,,1,,18211
17923,69,,1,,18212
17924,11,,1,,18213
17925,11,,1,,18214
17926,11,,1,,18215
17927,11,,1,,18216
17928,11,,1,,18217
17929,11,,1,,18218
17930,11,,1,,18219
17931,11,,1,,18220
17932,36,,1,,18221
17933,36,,1,,18222
17934,36,,1,,18223
17935,36,40,1,,18224
17936,36,,1,,18225
17937,36,,1,,18226
17938,36,,1,,18227
17939,11,,1,,18228
17940,36,,1,,18229
17941,36,,1,,18230
17942,36,,1,,18231
17943,36,,1,,18232
17944,36,,1,,18233
17945,39,,1,,18244
17946,39,,4,,18245
17947,39,,1,6,18246
17948,39,,1,6,18247
17949,39,,4,,18248
17950,39,,1,,18249
17951,39,,4,,18250
17952,39,,1,,18251
17953,39,,2,,18252
17954,39,,2,,18253
17955,39,,1,,18254
17956,39,,3,,18255
17957,39,,3,,18256
17958,39,,1,,18257
17959,39,,10,,18258
17960,11,,1,,18259
17961,39,,1,,18260
17962,39,6,1,,18292
17963,73,,1,,18293
17964,39,6,5,,19059
17965,39,6,6,,19060
17966,39,6,6,,19061
17967,39,6,3,,19062
17968,11,,,,19063
17969,39,6,1,,19064
17970,39,6,2,,19065
17971,11,,,,19066
17972,11,,,,19067
17973,11,,,,19068
17974,11,,,,19068
17975,11,,1,,19069
17976,11,,1,,19070
17977,11,,1,,19071
17978,11,,1,,19073
17979,11,,1,,19074
17980,11,,1,,19076
17981,11,,1,,19077
17982,11,,1,,19078
17983,11,,1,,19079
17984,11,,1,,19080
17985,11,,1,,19081
17986,11,,1,,19082
17987,11,,1,,19083
17988,11,,1,,19084
17989,11,,1,,19085
17990,11,,1,,19086
17991,11,,1,,19087
17992,11,,1,,19088
17993,11,,1,,19089
17994,11,,1,,19090
17995,11,,1,,19091
17996,11,,1,,19092
17997,11,,1,,19093
17998,11,,1,,19094
17999,11,,1,,19095
18000,11,,1,,19096
18001,11,,1,,19097
18002,11,,1,,19098
18003,11,,1,,19099
18004,11,,1,,19100
18005,11,,1,,19101
18006,11,,1,,19102
18007,11,,1,,19103
18008,11,,1,,19104
18009,11,,1,,19105
18010,11,,1,,19106
18011,11,,1,,19107
18012,11,,1,,19108
18013,11,,1,,19109
18014,11,,1,,19110
18015,11,,1,,19111
18016,11,,1,,19112
18017,11,,1,,19113
18018,11,,1,,19114
18019,11,,1,,19115
18020,11,,1,,19116
18021,11,,1,,19117
18022,11,,1,,19118
18023,11,,1,,19119
18024,11,,1,,19120
18025,11,,1,,19121
18026,11,,1,,19122
18027,11,,1,,19123
18028,11,,1,,19124
18029,11,,1,,19125
18030,11,,1,,19126
18031,11,,1,,19127
18032,11,,1,,19128
18033,11,,1,,19129
18034,11,,1,,19130
18035,11,,1,,19131
18036,11,,1,,19132
18037,11,,1,,19133
18038,11,,1,,19134
18039,11,,1,,19135
18040,11,,1,,19136
18041,11,,1,,19137
18042,11,,1,,19138
18043,11,,1,,19139
18044,11,,1,,19140
18045,11,,1,,19141
18046,11,,1,,19142
18047,11,,1,,19143
18048,11,,1,,19144
18049,11,,1,,19145
18050,11,,1,,19146
18051,11,,1,,19147
18052,11,,1,,19148
18053,11,,1,,19149
18054,11,,1,,19150
18055,11,,1,,19151
18056,11,,1,,19152
18057,11,,1,,19153
18058,11,,1,,19154
18059,11,,1,,19155
18060,11,,1,,19156
18061,11,,1,,19157
18062,11,,1,,19158
18063,11,,1,,19159
18064,11,,1,,19160
18065,11,,1,,19161
18066,11,,1,,19162
18067,11,,1,,19163
18068,11,,1,,19164
18069,11,,1,,19165
18070,11,,1,,19166
18071,11,,1,,19167
18072,11,,1,,19168
18073,11,,1,,19169
18074,11,,1,,19170
18075,11,,1,,19171
18076,11,,1,,19172
18077,11,,1,,19173
18078,11,,1,,19174
18079,11,,1,,19175
18080,11,,1,,19176
18081,49,,1,,19177
18082,11,,1,,19178
18083,11,,1,,19179
18084,11,,1,,19180
18085,11,,1,,19181
18086,11,,1,,19182
18087,11,,1,,19183
18088,11,,1,,19184
18089,11,,1,,19185
18090,11,,1,,19186
18091,11,,1,,19187
18092,11,,1,,19188
18093,11,,1,,19189
18094,11,,1,,19190
18095,11,,1,,19191
18096,11,,1,,19192
18097,11,,1,,19193
18098,11,,1,,19194
18099,11,,1,,19195
18100,11,,1,,19196
18101,11,,1,,19197
18102,11,,1,,19198
18103,11,,1,,19199
18104,11,,1,,19200
18105,11,,1,,19201
18106,11,,1,,19202
18107,11,,1,,19203
18108,11,,1,,19204
18109,11,,1,,19205
18110,11,,1,,19206
18111,11,,1,,19207
18112,11,,1,,19208
18113,11,,1,,19209
18114,11,,1,,19210
18115,11,,1,,19211
18116,11,,1,,19212
18117,11,,1,,19213
18118,11,,1,,19214
18119,11,,1,,19215
18120,11,,1,,19216
18121,11,,1,,19217
18122,11,,1,,19218
18123,11,,1,,19219
18124,11,,1,,19220
18125,11,,1,,19221
18126,11,,1,,19222
18127,11,,1,,19223
18128,11,,1,,19224
18129,11,,1,,19225
18130,11,,1,,19226
18131,11,,1,,19227
18132,11,,1,,19228
18133,11,,1,,19229
18134,11,,1,,19230
18135,11,,1,,19231
18136,11,,1,,19232
18137,11,,1,,19233
18138,11,,1,,19234
18139,11,,1,,19235
18140,11,,1,,19236
18141,11,,1,,19237
18142,11,,1,,19238
18143,11,,1,,19239
18144,11,,1,,19240
18145,11,,1,,19241
18146,11,,1,,19242
18147,11,,1,,19243
18148,11,,1,,19244
18149,11,,1,,19245
18150,11,,1,,19246
18151,11,,1,,19247
18152,11,,1,,19248
18153,11,,1,,19249
18154,11,,1,,19250
18155,11,,1,,19251
18156,11,,1,,19252
18157,11,,1,,19253
18158,11,,1,,19254
18159,11,,1,,19255
18160,11,,1,,19256
18161,11,,1,,19257
18162,11,,1,,19258
18163,11,,1,,19259
18164,11,,1,,19260
18165,11,,1,,19261
18166,11,,1,,19262
18167,11,,1,,19263
18168,11,,1,,19264
18169,11,,1,,19265
18170,11,,1,,19266
18171,11,,1,,19267
18172,11,,1,,19268
18173,11,,1,,19269
18174,11,,1,,19270
18175,11,,1,,19271
18176,11,,1,,19272
18177,11,,1,,19273
18178,11,,1,,19274
18179,11,,1,,19275
18180,11,,1,,19276
18181,11,,1,,19277
18182,11,,1,,19278
18183,11,,1,,19279
18184,11,,1,,19280
18185,11,,1,,19281
18186,11,,1,,19282
18187,11,,1,,19283
18188,11,,1,,19284
18189,11,,1,,19285
18190,11,,1,,19286
18191,11,,1,,19287
18192,11,,1,,19288
18193,74,,1,,19289
18194,74,,1,,19290
18195,74,,1,,19291
18196,74,,1,,19292
18197,74,,1,,19293
18198,11,,1,,19294
18199,11,,1,,19295
18200,11,,1,,19296
18201,11,,1,,19297
18202,11,,1,,19298
18203,11,,1,,19299
18204,11,,1,,19300
18205,11,,1,,19301
18206,11,,1,,19302
18207,11,,1,,19303
18208,11,,1,,19304
18209,11,,1,,19305
18210,74,,1,,19306
18211,74,,1,,19307
18212,74,,1,,19308
18213,11,,1,,19309
18214,11,,1,,19310
18215,11,,1,,19311
18216,74,,2,,19312
18217,74,,2,,19313
18218,74,,1,,19314
18219,74,,2,,19315
18220,74,,2,,19316
18221,74,,1,,19317
18222,11,,1,,19318
18223,74,,1,,19319
18224,11,,1,,19320
18225,11,,1,,19321
18226,74,,1,,19322
18227,11,,1,,19323
18228,11,,1,,19324
18229,11,,1,,19325
18230,11,,1,,19326
18231,11,,1,,19327
18232,11,,1,,19328
18233,74,,1,,19329
18234,74,,1,,19330
18235,11,,1,,19331
18236,11,,1,,19332
18237,11,,1,,19333
18238,11,,1,,19334
18239,11,,1,,19335
18240,11,,1,,19336
18241,74,,2,,19337
18242,74,,1,,19338
18243,74,,1,,19339
18244,11,,1,,19340
18245,11,,1,,19341
18246,11,,1,,19342
18247,11,,1,,19343
18248,11,,1,,19344
18249,11,,1,,19345
18250,11,,1,,19346
18251,11,,1,,19347
18252,11,,1,,19348
18253,11,,1,,19349
18254,11,,1,,19350
18255,11,,1,,19351
18256,11,,1,,19352
18257,11,,1,,19353
18258,11,,1,,19354
18259,11,,1,,19355
18260,11,,1,,19356
18261,11,,1,,19357
18262,11,,1,,19358
18263,11,,1,,19359
18264,11,,1,,19360
18265,11,,1,,19361
18266,11,,1,,19362
18267,11,,1,,19363
18268,11,,1,,19364
18269,11,,1,,19365
18270,11,,1,,19366
18271,11,,1,,19367
18272,11,,1,,19368
18273,11,,1,,19369
18274,11,,1,,19370
18275,11,,1,,19371
18276,11,,1,,19372
18277,11,,1,,19373
18278,11,,1,,19374
18279,11,,1,,19375
18280,11,,1,,19376
18281,11,,1,,19377
18282,11,,1,,19378
18283,11,,1,,19379
18284,11,,1,,19380
18285,11,,1,,19381
18286,11,,1,,19382
18287,11,,1,,19383
18288,11,,1,,19384
18289,11,,1,,19385
18290,11,,1,,19386
18291,11,,1,,19387
18292,11,,1,,19388
18293,11,,1,,19389
18294,11,,1,,19390
18295,11,,1,,19391
18296,11,,1,,19392
18297,11,,1,,19393
18298,11,,1,,19394
18299,11,,1,,19395
18300,11,,1,,19396
18301,11,,1,,19397
18302,11,,1,,19398
18303,11,,1,,19399
18304,11,,1,,19400
18305,11,,1,,19401
18306,11,,1,,19402
18307,11,,1,,19403
18308,11,,1,,19404
18309,11,,1,,19405
18310,11,,1,,19406
18311,11,,1,,19407
18312,11,,1,,19408
18313,11,,1,,19409
18314,11,,1,,19410
18315,11,,1,,19411
18316,11,,1,,19412
18317,11,,1,,19413
18318,11,,1,,19414
18319,11,,1,,19415
18320,11,,1,,19416
18321,11,,1,,19417
18322,11,,1,,19418
18323,11,,1,,19419
18324,11,,1,,19420
18325,11,,1,,19421
18326,11,,1,,19422
18327,11,,1,,19423
18328,11,,1,,19424
18329,11,,1,,19425
18330,11,,1,,19426
18331,11,,1,,19427
18332,11,,1,,19428
18333,11,,1,,19429
18334,11,,1,,19430
18335,11,,1,,19431
18336,11,,1,,19432
18337,11,,1,,19433
18338,11,,1,,19434
18339,11,,1,,19435
18340,11,,1,,19436
18341,11,,1,,19437
18342,11,,1,,19438
18343,11,,1,,19439
18344,11,,1,,19440
18345,11,,1,,19441
18346,11,,1,,19442
18347,11,,1,,19443
18348,11,,1,,19444
18349,11,,1,,19445
18350,11,,1,,19446
18351,11,,1,,19447
18352,11,,1,,19448
18353,11,,1,,19449
18354,11,,1,,19450
18355,11,,1,,19451
18356,11,,1,,19452
18357,11,,1,,19453
18358,11,,1,,19454
18359,11,,1,,19455
18360,11,,1,,19456
18361,11,,1,,19457
18362,11,,1,,19458
18363,11,,1,,19459
18364,11,,1,,19460
18365,11,,1,,19461
18366,11,,1,,19462
18367,11,,1,,19463
18368,11,,1,,19464
18369,11,,1,,19465
18370,11,,1,,19466
18371,11,,1,,19467
18372,11,,1,,19468
18373,11,,1,,19469
18374,11,,1,,19470
18375,11,,1,,19471
18376,11,,1,,19472
18377,11,,1,,19473
18378,11,,1,,19474
18379,11,,1,,19475
18380,11,,1,,19476
18381,11,,1,,19477
18382,11,,1,,19478
18383,11,,1,,19479
18384,11,,1,,19480
18385,11,,1,,19481
18386,11,,1,,19482
18387,11,,1,,19483
18388,11,,1,,19484
18389,11,,1,,19485
18390,11,,1,,19486
18391,11,,1,,19487
18392,11,,1,,19488
18393,11,,1,,19489
18394,11,,1,,19490
18395,11,,1,,19050
18396,39,6,1,,19051
18397,39,6,1,,19052
18398,39,6,1,,19053
18399,39,6,2,,19054
18400,39,6,1,,19055
18401,39,6,1,,19056
18402,11,,1,,19072
18403,11,,1,,19075
18404,13,,1,,20569
18405,13,,1,,20571
18406,39,6,1,,20572
18407,39,6,1,,19812
18408,39,6,2,,20570
18409,39,6,1,,20573
18410,39,6,1,,20574
18411,39,6,1,,20575
18412,39,6,1,,20576
18413,39,6,1,,20577
18414,11,,1,,20578
18415,11,,1,,20579
18416,39,6,1,,20580
18417,39,6,1,,20581
18418,39,6,1,,20582
18419,50,,1,,20583
18420,11,41,1,,20584
18421,11,,1,,20585
18422,11,,1,,17475
18423,11,,1,,17476
18424,39,6,3,,17891
18425,39,6,2,,17892
18426,39,6,2,,17893
18427,39,6,3,,17894
18428,39,6,4,,17895
18429,39,6,4,,17896
18430,39,6,4,,17897
18431,39,6,4,,17898
18432,39,6,3,,17899
18433,39,6,3,,17900
18434,39,1,1,,17901
18435,39,1,1,,17902
18436,11,,1,,17903
18437,11,,1,,17904
18438,11,,1,,17905
18439,11,,1,,20588
18440,11,,1,,20589
18441,11,,1,,20590
18442,11,,1,,20591
18443,11,,1,,20592
18444,11,,1,there is something in the background possible mule deer,20593
18445,11,,1,,20594
18446,3,,1,,20595
18447,3,,1,,20596
18448,3,,1,,20597
18449,11,,1,,20599
18450,11,,1,,20600
18451,11,,1,,20601
18452,11,,1,,20602
18453,11,,1,,20603
18454,11,,1,,20604
18455,11,,1,,20605
18456,11,,1,,20606
18457,11,,1,,20607
18458,11,,1,,20608
18459,11,,1,,20609
18460,11,,1,,20610
18461,11,,1,,20611
18462,11,,1,,20612
18463,11,,1,,20613
18464,11,,1,,20614
18465,11,,1,,20615
18466,11,,1,,20616
18467,11,,1,,20617
18468,11,,1,,20618
18469,3,,1,,20619
18470,3,,1,,20620
18471,3,,1,,20621
18472,11,,1,,20622
18473,11,,1,,20623
18474,11,,1,,20624
18475,11,,1,,20625
18476,11,,1,,20626
18477,11,,1,,20627
18478,36,,2,,20692
18479,36,,2,,20693
18480,11,,1,,20694
18481,67,,1,,20695
18482,11,,1,,20696
18483,36,,1,,20697
18484,36,,1,,20698
18485,36,,1,,20699
18486,11,,1,,20700
18487,11,,1,,20701
18488,11,,1,,20702
18489,36,,1,,20703
18490,36,,1,,20704
18491,36,,1,,20705
18492,36,,1,,20706
18493,11,,1,,20707
18494,11,,1,,20708
18495,36,,1,,20709
18496,36,,1,,20710
18497,36,,1,,20711
18498,11,,1,,20712
18499,11,,1,,20713
18500,11,,1,,20714
18501,36,,1,,20715
18502,11,,1,,20716
18503,11,,1,,20717
18504,11,,1,,20718
18505,11,,1,,20719
18506,11,,1,,20720
18507,43,,1,,20721
18508,43,,1,,20722
18509,43,,1,,20723
18510,50,,1,,20724
18511,50,,1,,20725
18512,50,,1,,20726
18513,11,,1,,20727
18514,11,,1,,20728
18515,11,,1,,20729
18516,11,,1,,20730
18517,11,,1,,20731
18518,11,,1,,20732
18519,11,,1,,20733
18520,11,,1,,20734
18521,11,,1,,20735
18522,11,,1,,20736
18523,11,,1,,20737
18524,11,,1,,20738
18525,11,,1,,20739
18526,11,,1,,20740
18527,11,,1,,20741
18528,11,,1,,20742
18529,11,,1,,20743
18530,11,,1,,20744
18531,11,,1,,20745
18532,11,,1,,20746
18533,11,,1,,20747
18534,11,,1,,20748
18535,11,,1,,20749
18536,11,,1,,20750
18537,11,,1,,20751
18538,11,,1,,20752
18539,11,,1,,20753
18540,11,,1,,20754
18541,11,,1,,20755
18542,11,,1,,20756
18543,11,,1,,20757
18544,11,,1,,20758
18545,11,,1,,20759
18546,11,,1,,20760
18547,11,,1,,20761
18548,11,,1,,20762
18549,11,41,1,,20763
18550,11,41,1,,20764
18551,11,41,1,,20765
18552,11,41,1,,20766
18553,11,41,1,,20767
18554,11,41,1,,20768
18555,11,41,1,,20769
18556,11,41,1,,20770
18557,11,41,1,,20771
18558,11,41,1,,20772
18559,11,41,1,,20773
18560,11,41,1,,20774
18561,11,41,1,,20775
18562,11,41,1,,20776
18563,11,41,1,,20777
18564,11,41,1,,20778
18565,11,41,1,,20779
18567,11,41,1,,20780
18568,11,41,1,,20781
18569,11,41,1,,20782
18570,11,41,1,,20783
18571,11,41,1,,20784
18572,11,41,1,,20785
18573,11,41,1,,20786
18575,6,,1,,20786
18576,11,41,1,,20787
18577,11,41,1,,20788
18578,11,41,1,,20789
18579,11,41,1,,20790
18580,11,41,1,,20791
18581,11,41,1,,20792
18582,11,41,1,,20793
18583,11,41,1,,20794
18584,11,41,1,,20795
18585,11,41,1,,20796
18586,11,41,1,,20797
18587,11,41,1,,20798
18588,11,41,1,,20799
18589,11,41,1,,20800
18590,11,41,1,,20801
18591,11,41,1,,20802
18592,11,41,1,,20803
18593,11,41,1,,20804
18594,11,41,1,,20805
18595,11,41,1,,20806
18596,11,41,1,,20807
18597,11,41,1,,20808
18598,11,41,1,,20809
18599,11,41,1,,20810
18600,11,41,1,,20811
18601,11,41,1,,20812
18602,11,41,1,,20813
18603,11,41,1,,20814
18604,11,41,1,,20815
18605,11,41,1,,20816
18606,11,41,1,,20817
18607,11,41,1,,20818
18608,11,41,1,,20819
18609,11,41,1,,20820
18610,11,41,1,,20821
18611,11,41,1,,20822
18612,11,,1,,20823
18613,11,,1,,20824
18614,11,,1,,20825
18615,11,,1,,20826
18616,11,,1,,20827
18617,11,,1,,20828
18618,11,,1,,20829
18619,11,,1,,20830
18620,11,,1,,20831
18621,11,,1,,20832
18622,11,,1,,20833
18623,11,,1,,20834
18624,11,,1,,20835
18625,11,,1,,20836
18626,11,,1,,20837
18627,11,,1,,20838
18628,11,,1,,20839
18629,11,,1,,20840
18630,11,,1,,20841
18631,11,,1,,20842
18632,11,,1,,20843
18633,11,,1,,20844
18634,11,,1,,20845
18635,11,,1,,20846
18636,11,,1,,20847
18637,11,,1,,20848
18638,11,,1,,20849
18639,11,,1,,20850
18640,11,41,1,,20851
18641,11,,1,,20852
18642,11,,1,,20853
18643,11,,1,,20854
18644,11,,1,,20855
18645,11,,1,,20856
18646,11,,1,,20857
18647,11,,1,,20858
18648,11,,1,,20859
18649,11,,1,,20860
18650,11,,1,,20861
18651,11,,1,,20862
18652,11,41,1,,20863
18653,11,,1,,20865
18654,11,,1,,20866
18655,11,,1,,20867
18656,11,,1,,20868
18657,11,,1,,20869
18658,11,,1,,20870
18659,11,,1,,20871
18660,11,,1,,20872
18661,11,,1,,20873
18662,11,,1,,20874
18663,11,41,1,,20875
18664,11,41,1,,20876
18665,11,41,1,,20877
18666,11,,1,,20878
18667,11,,1,,20879
18668,11,,1,,20880
18669,11,,1,,20881
18670,11,,1,,20882
18671,11,,1,,20883
18672,11,,1,,20884
18673,11,,1,,20885
18674,11,,1,,20886
18675,11,,1,,20887
18676,11,41,1,,20888
18677,11,,1,,20889
18678,11,,1,,20890
18679,11,,1,,20891
18680,11,,1,,20892
18681,11,,1,,20893
18682,11,,1,,20894
18683,11,,1,,20895
18684,11,,1,,20896
18685,11,,1,,20897
18686,11,,1,,20898
18687,11,,1,,20899
18688,11,,1,,20900
18689,11,,1,,20901
18690,11,,1,,20902
18691,11,,1,,20903
18692,11,,1,,20904
18693,11,,1,,20905
18694,11,,1,,20906
18695,11,,1,,20907
18696,11,,1,,20908
18697,11,,1,,20909
18698,11,,1,,20910
18699,11,,1,,20911
18700,11,,1,,20912
18701,11,,1,,20913
18702,11,,1,,20914
18703,11,,1,,20915
18704,11,,1,,20916
18705,11,,1,,20917
18706,11,,1,,20918
18707,11,,1,,20919
18708,11,,1,,20920
18709,11,,1,,20921
18710,11,,1,,20922
18711,11,,1,,20923
18712,11,,1,,20924
18713,11,,1,,20925
18714,11,,1,,20926
18715,11,,1,,20927
18716,11,,1,,20928
18717,11,,1,,20929
18718,11,,1,,20930
18719,11,41,1,,20931
18720,11,,1,,20632
18721,11,,1,,20633
18722,36,,2,,20634
18723,36,,2,,20635
18724,36,,1,,20636
18725,36,,1,,20637
18726,36,,1,,20638
18727,36,,1,,20639
18728,36,,1,,20640
18729,36,,1,,20641
18730,36,,1,,20642
18731,36,,2,,20643
18732,36,,2,,20644
18733,36,,1,,20645
18734,36,,2,,20646
18735,36,,2,,20647
18736,36,,1,,20648
18737,36,,1,,20649
18738,36,,1,,20650
18739,36,,1,,20651
18740,11,,1,,20652
18741,11,,1,,20653
18742,11,,1,,20654
18743,36,,1,,20655
18744,36,,1,,20656
18745,36,,1,,20657
18746,39,6,1,,20658
18747,39,6,1,,20659
18748,39,6,1,,20660
18749,39,6,1,,20661
18750,39,6,1,,20662
18751,39,6,1,,20663
18752,39,6,1,,20664
18753,39,6,1,,20665
18754,39,6,1,,20666
18755,39,6,1,,20667
18756,11,,1,,20668
18757,11,,1,,20669
18758,39,6,1,,20670
18759,11,,1,,20671
18760,39,6,1,,20672
18761,11,,1,,20673
18762,11,,1,,20674
18763,11,,1,,20675
18764,36,,1,,20676
18765,36,,1,,20677
18766,36,,1,,20678
18767,36,,1,,20679
18768,36,,1,,20680
18769,36,,1,,20681
18770,36,,1,,20682
18771,36,,1,,20683
18772,36,,1,,20684
18773,11,,1,,20685
18774,11,,1,,20686
18775,11,,1,,20687
18776,11,,1,,20688
18777,11,,1,,20689
18778,11,,1,,20690
18779,36,,1,,20691
18780,11,,1,,20932
18781,11,,1,,20933
18782,11,,1,,20934
18783,11,,1,,20935
18784,11,,1,,20936
18785,11,,1,,20937
18786,11,,1,,20938
18787,11,,1,,20939
18788,11,,1,,20940
18789,11,,1,,20941
18790,11,,1,,20942
18791,11,,1,,20943
18792,11,,1,,20944
18793,11,,1,,20945
18794,11,,1,,20946
18795,11,,1,,20947
18796,11,,1,,20948
18797,11,,1,,20949
18798,11,,1,,20950
18799,11,,1,,20951
18800,11,,1,,20952
18801,11,,1,,20953
18802,11,,1,,20954
18803,11,,1,,20955
18804,11,,1,,20956
18805,11,,1,,20957
18806,11,,1,,20958
18807,11,,1,,20959
18808,11,,1,,20960
18809,11,,1,,20961
18810,11,,1,,20962
18811,11,,1,,20963
18812,11,,1,,20964
18813,11,,1,,20965
18814,11,,1,,20966
18815,11,,1,,20967
18816,11,,1,,20968
18817,11,,1,,20969
18818,11,,1,,20970
18819,11,,1,,20971
18820,11,,1,,20972
18821,11,,1,,20973
18822,11,,1,,20974
18823,11,,1,,20975
18824,11,,1,,20976
18825,11,,1,,20977
18826,11,,1,,20978
18827,11,,1,,20979
18828,11,,1,,20980
18829,11,,1,,20981
18830,11,,1,,20982
18831,11,,1,,20983
18832,11,,1,,20984
18833,11,,1,,20985
18834,11,,1,,20986
18835,11,,1,,20987
18836,11,,1,,20988
18837,11,,1,,20989
18838,11,,1,,20990
18839,11,,1,,20991
18840,11,,1,,20992
18841,11,,1,,20993
18842,11,,1,,20994
18843,11,,1,,20995
18844,11,,1,,20996
18845,11,,1,,20997
18846,11,,1,,20998
18847,11,,1,,20999
18848,11,,1,,21000
18849,11,,1,,21001
18850,11,,1,,21002
18851,11,,1,,21003
18852,11,,1,,21004
18853,11,,1,,21005
18854,11,,1,,21006
18855,11,,1,,21007
18856,11,,1,,21008
18857,11,,1,,21009
18858,11,,1,,21010
18859,11,,1,,21011
18860,11,,1,,21012
18861,11,,1,,21013
18862,11,,1,,21014
18863,11,,1,,21015
18864,11,,1,,21016
18865,11,,1,,21017
18866,11,,1,,21018
18867,11,,1,,21019
18868,11,,1,,21020
18869,11,,1,,21021
18870,11,,1,,21022
18871,11,,1,,21023
18872,11,,1,,21024
18873,11,,1,,21025
18874,11,,1,,21026
18875,11,,1,,21027
18876,11,,1,,21028
18877,11,,1,,21029
18878,11,,1,,21030
18879,11,,1,,21031
18880,11,,1,,21032
18881,11,,1,,21033
18882,11,,1,,21034
18883,11,,1,,21035
18884,11,,1,,21036
18885,11,,1,,21037
18886,11,,1,,21038
18887,11,,1,,21039
18888,11,,1,,21040
18889,11,,1,,21041
18890,11,,1,,21042
18891,11,,1,,21043
18892,11,,1,,21044
18893,11,,1,,21045
18894,11,,1,,21046
18895,11,,1,,21047
18896,11,,1,,21048
18897,11,,1,,21049
18898,11,,1,,21050
18899,11,,1,,21051
18900,11,,1,,21052
18901,11,,1,,21053
18902,11,,1,,21054
18903,11,,1,,21055
18904,11,,1,,21056
18905,11,,1,,21057
18906,11,,1,,21058
18907,11,,1,,21059
18908,11,,1,,21060
18909,11,,1,,21061
18910,11,,1,,21062
18911,11,,1,,21063
18912,11,,1,,21064
18913,11,,1,,21065
18914,11,,1,,21066
18915,11,,1,,21067
18916,11,,1,,21068
18917,11,,1,,21069
18918,11,,1,,21070
18919,11,,1,,21071
18920,11,,1,,21072
18921,11,,1,,21073
18922,11,,1,,21074
18923,11,,1,,21075
18924,11,,1,,21076
18925,11,,1,,21077
18926,11,,1,,21078
18927,11,,1,,21079
18928,11,,1,,21080
18929,11,,1,,21081
18930,11,,1,,21082
18931,11,,1,,21083
18932,11,,1,,21084
18933,11,41,1,,21085
18935,11,41,1,,21086
18936,11,41,1,,21087
18937,11,,1,,21088
18938,11,,1,,21089
18939,11,,1,,21090
18940,11,,1,,21091
18941,11,,1,,21092
18942,11,,1,,21093
18943,11,,1,,21094
18944,11,,1,,21095
18945,11,,1,,21096
18946,11,,1,,21097
18947,11,,1,,21098
18948,11,,1,,21099
18949,11,,1,,21100
18950,11,,1,,21101
18951,11,,1,,21102
18952,11,,1,,21103
18953,11,,1,,21104
18954,11,,1,,21105
18955,11,,1,,21106
18956,11,,1,,21107
18957,11,,1,,21108
18958,11,,1,,21109
18959,11,,1,,21110
18960,11,,1,,21111
18961,11,,1,,21112
18962,11,,1,,21113
18963,11,,1,,21114
18964,11,,1,,21115
18965,11,,1,,21116
18966,11,,1,,21117
18967,11,,1,,21118
18968,11,,1,,21119
18969,11,,1,,21120
18970,11,,1,,21121
18971,11,,1,,21122
18972,11,,1,,21123
18973,11,,1,,21124
18974,11,,1,,21125
18975,11,,1,,21126
18976,11,,1,,21127
18977,11,,1,,21128
18978,11,,1,,21129
18979,11,,1,,21130
18980,11,,1,,21131
18981,11,,1,,21132
18982,11,,1,,21133
18983,11,,1,,21134
18984,11,,1,,21135
18985,11,,1,,21136
18986,11,,1,,21137
18987,11,,1,,21138
18988,11,41,1,,21139
18989,11,,1,,21140
18990,11,,1,,21141
18991,11,,1,,21142
18992,11,,1,,21143
18993,11,,1,,21144
18994,11,,1,,21145
18995,11,,1,,21146
18996,11,,1,,21147
18997,11,,1,,21148
18998,11,,1,,21149
18999,11,,1,,21150
19000,11,,1,,21151
19001,11,,1,,21152
19002,11,,1,,21153
19003,11,,1,,21154
19004,11,,1,,21155
19005,11,,1,,21156
19006,11,,1,,21157
19007,11,,1,,21158
19008,11,,1,,21159
19009,11,,1,,21160
19010,11,,1,,21161
19011,11,,1,,21162
19012,11,,1,,21163
19013,11,,1,,21164
19014,11,,1,,21165
19015,11,,1,,21166
19016,11,,1,,21167
19017,11,,1,,21168
19018,11,,1,,21169
19019,11,,1,,21170
19020,11,,1,,21171
19021,11,,1,,21172
19022,11,,1,,21173
19023,11,,1,,21174
19024,11,,1,,21175
19025,11,,1,,21176
19026,11,,1,,21177
19027,11,,1,,21178
19028,11,,1,,21179
19029,11,,1,,21181
19030,11,,1,,21182
19031,11,,1,,21183
19032,11,,1,,21184
19033,11,,1,,21185
19034,11,,1,,21186
19035,11,,1,,21187
19036,11,,1,,21188
19037,11,,1,,21189
19038,11,,1,,21191
19039,11,,1,,21192
19040,11,,1,,21193
19041,11,,1,,21194
19042,11,,1,,21195
19043,11,,1,,21196
19044,11,,1,,21197
19045,11,,1,,21198
19046,11,,1,,21199
19047,11,,1,,21200
19048,11,,1,,21201
19049,11,,1,,21202
19050,11,,1,,21203
19051,11,,1,,21204
19052,11,,1,,21205
19053,11,,1,,21206
19054,11,,1,,21207
19055,11,,1,,21208
19056,11,,1,,21209
19057,11,,1,,21210
19058,11,,1,,21211
19059,11,,1,,21212
19060,11,,1,,21213
19061,11,,1,,21214
19062,11,,1,,21215
19063,11,,1,,21216
19064,11,,1,,21217
19065,11,,1,,21218
19066,11,,1,,21219
19067,11,,1,,21220
19068,11,,1,,21221
19069,11,,1,,21222
19070,11,,1,,21223
19071,39,6,1,,27314
19072,39,6,2,,27315
19073,11,,1,,27316
19074,11,,1,,27317
19075,11,,1,,27318
19076,11,,1,,27319
19078,11,,1,,27320
19079,11,,1,,27321
19080,11,,1,,27322
19081,11,,1,,27323
19082,11,,1,,27324
19083,39,6,1,,27325
19084,36,,1,,27307
19085,36,,1,,27308
19086,36,,1,,27309
19087,36,,1,,27310
19088,36,,1,,27311
19089,11,,1,,27312
19090,39,6,1,,27313
19091,39,6,1,,27303
19092,39,6,1,,27304
19093,39,6,1,,27305
19094,11,,1,,27306
19095,11,,1,,27298
19096,39,6,1,,27299
19097,11,,1,,27300
19098,49,,1,,27301
19099,11,,1,,27302
19100,39,1,1,Possible Researcher or Forester,27333
19101,23,5,1,,27334
19102,23,5,1,,27335
19103,23,5,1,And People.  Training hunting dog?,27336
19104,23,5,1,,27337
19105,39,2,2,Possible training hunting dog,27338
19106,23,5,1,Plus 2 people.  Possibly training huntin dog.,27339
19107,39,2,3,Possibly training hunting dog,27340
19108,23,5,1,Plus 3 people.  Possibly training hunting dog.,27341
19109,39,2,1,Possibly training hunting dog,27342
19110,23,5,1,Plus 3 people.,27343
19111,39,,3,,27344
19112,23,7,1,Plus one person,27345
19113,23,7,1,Plus one person,27346
19114,23,7,1,,27347
19115,39,6,1,,27348
19116,39,6,1,,27349
19117,39,6,1,,27350
19118,39,6,1,,27351
19119,13,,1,,27352
19120,39,6,2,,27353
19121,39,1,1,,27354
19122,36,,1,,27355
19123,36,,1,,27356
19124,36,,1,,27357
19125,36,,1,,27358
19126,36,,1,,27359
19127,23,7,1,Plus 1 person,27360
19128,36,,1,,27361
19129,36,,1,,27362
19130,36,,2,,27363
19131,36,,2,,27364
19132,11,,1,camera check,27365
19133,11,,1,,27366
19134,36,,2,,27367
19135,36,,1,,27368
19136,36,,1,,27369
19137,11,,1,,27370
19138,36,,1,,27371
19139,11,,1,,27372
19140,11,,1,,27373
19141,11,,1,,27374
19142,11,,1,,27375
19143,11,,1,,27376
19144,11,,1,,27377
19145,11,,1,,27378
19146,11,,1,,27379
19147,11,,1,,27380
19148,11,,1,,27381
19149,55,,1,,27382
19150,11,,1,,27383
19151,36,,1,,27384
19152,36,,1,,27385
19153,36,,1,,27386
19154,11,,1,,27387
19155,11,,1,,27388
19156,11,,1,,27389
19157,11,,1,,27390
19158,11,,1,,27391
19159,11,,1,,27392
19160,11,,1,,27393
19161,11,,1,,27394
19162,11,,1,,27395
19163,11,,1,,27396
19164,11,,1,,27397
19165,11,,1,,27398
19166,11,,1,,27399
19167,11,,1,,27400
19168,11,,1,,27401
19169,11,,1,,27402
19170,11,,1,,27403
19171,11,,1,,27404
19172,11,,1,,27405
19173,11,,1,,27406
19174,11,,1,,27407
19175,11,,1,,27408
19176,11,,1,,27409
19177,11,,1,,27410
19178,11,,1,,27411
19179,11,,1,,27412
19180,11,,1,,27413
19181,11,,1,,27414
19182,11,,1,,27415
19183,11,,1,,27416
19184,11,,1,,27417
19185,11,,1,,27418
19186,11,,1,,27419
19187,11,,1,,27420
19188,11,,1,,27421
19189,11,,1,,27422
19190,11,,1,,27423
19191,11,,1,,27424
19192,11,,1,,27425
19193,11,,1,,27426
19194,11,,1,,27427
19195,11,,1,,27428
19196,11,,1,,27429
19197,11,,1,,27430
19198,11,,1,,27431
19199,11,,1,,27432
19200,11,,1,,27433
19201,11,,1,,27434
19202,11,,1,,27435
19203,11,,1,,27436
19204,11,,1,,27437
19205,11,,1,,27438
19206,11,,1,,27439
19207,11,,1,,27440
19208,11,,1,,27441
19209,11,,1,,27442
19210,11,,1,,27443
19211,11,,1,,27444
19212,11,,1,,27445
19213,11,,1,,27446
19214,11,,1,,27447
19215,11,,1,,27448
19216,11,,1,,27449
19217,11,,1,,27450
19218,11,,1,,27451
19219,11,,1,,27452
19220,11,,1,,27453
19221,11,,1,,27454
19222,11,,1,,27455
19223,11,,1,,27456
19224,11,,1,,27457
19225,11,,1,,27458
19226,11,,1,,27459
19227,11,,1,,27460
19228,11,,1,,27461
19229,11,,1,,27462
19230,11,,1,,27463
19231,11,,1,,27464
19232,11,,1,,27465
19233,11,,1,,27466
19234,11,,1,,27467
19235,11,,1,,27468
19236,11,,1,,27469
19237,11,,1,,27470
19238,11,,1,,27471
19239,11,,1,,27472
19240,11,,1,,27473
19241,11,,1,,27474
19242,11,,1,,27475
19243,11,,1,,27476
19244,11,,1,,27477
19245,11,,1,,27478
19246,11,,1,,27479
19247,11,,1,,27480
19248,11,,1,,27481
19249,11,,1,,27482
19250,11,,1,,27483
19251,11,,1,,27484
19252,11,,1,,27485
19253,11,,1,,27486
19254,11,,1,,27487
19255,11,,1,,27488
19256,11,,1,,27489
19257,11,,1,,27490
19258,11,,1,,27491
19259,11,,1,,27492
19260,11,,1,,27493
19261,11,,1,,27494
19262,11,,1,,27495
19263,11,,1,,27496
19264,11,,1,,27497
19265,11,,1,,27498
19266,11,,1,,27499
19267,11,,1,,27500
19268,11,,1,,27501
19269,11,,1,,27502
19270,11,,1,,27503
19271,11,,1,,27504
19272,11,,1,,27505
19273,11,,1,,27506
19274,11,,1,,27507
19275,11,,1,,27508
19276,11,,1,,27509
19277,11,,1,,27510
19278,11,,1,,27511
19279,11,,1,,27512
19280,11,,1,,27513
19281,11,,1,,27514
19282,11,,1,,27515
19283,11,,1,,27516
19284,11,,1,,27517
19285,11,,1,,27518
19286,11,,1,,27519
19287,11,,1,,27520
19288,11,,1,,27521
19289,11,,1,,27522
19290,11,,1,,27523
19291,11,,1,,27524
19292,11,,1,,27525
19293,11,,1,,27526
19294,11,,1,,27527
19295,11,,1,,27528
19296,11,,1,,27529
19297,11,,1,,27530
19298,11,,1,,27531
19299,11,,1,,27532
19300,11,,1,,27533
19301,11,,1,,27534
19302,11,,1,,27535
19303,11,,1,,27536
19304,11,,1,,27537
19305,11,,1,,27538
19306,11,,1,,27539
19307,11,,1,,27540
19308,11,,1,,27541
19309,11,,1,,27542
19310,11,,1,,27543
19311,11,,1,,27544
19312,11,,1,,27545
19313,11,,1,,27546
19314,11,,1,,27547
19315,11,,1,,27548
19316,11,,1,,27549
19317,11,,1,,27550
19318,11,,1,,27551
19319,11,,1,,27552
19320,11,,1,,27553
19321,11,,1,,27554
19322,11,,1,,27555
19323,11,,1,,27556
19324,11,,1,,27557
19325,11,,1,,27558
19326,11,,1,,27559
19327,11,,1,,27560
19328,11,,1,,27561
19329,11,,1,,27562
19330,11,,1,,27563
19331,11,,1,,27564
19332,11,,1,,27565
19333,11,,1,,27566
19334,11,,1,,27567
19335,11,,1,,27568
19336,11,,1,,27569
19337,11,,1,,27570
19338,11,,1,,27571
19339,11,,1,,27572
19340,11,,1,,27573
19341,11,,1,,27574
19342,11,,1,,27575
19343,11,,1,,27576
19344,11,,1,,27577
19345,11,,1,,27578
19346,11,,1,,27579
19347,11,,1,,27580
19348,11,,1,,27581
19349,11,,1,,27582
19350,11,,1,,27583
19351,11,,1,,27584
19352,11,,1,,27585
19353,11,,1,,27586
19354,11,,1,,27587
19355,11,,1,,27588
19356,11,,1,,27589
19357,11,,1,,27590
19358,11,,1,,27591
19359,11,,1,,27592
19360,11,,1,,27593
19361,11,,1,,27594
19362,11,,1,,27595
19363,11,,1,,27596
19364,11,,1,,27597
19365,11,,1,,27598
19366,11,,1,,27599
19367,11,,1,,27600
19368,11,,1,,27601
19369,11,,1,,27602
19370,11,,1,,27603
19371,11,,1,,27604
19372,11,,1,,27605
19373,11,,1,,27606
19374,11,,1,,27607
19375,11,,1,,27608
19376,11,,1,,27609
19377,11,,1,,27610
19378,11,,1,,27611
19379,11,,1,,27612
19380,11,,1,,27613
19381,11,,1,,27614
19382,11,,1,,27615
19383,11,,1,,27616
19384,11,,1,,27617
19385,11,,1,,27618
19386,11,,1,,27619
19387,11,,1,,27620
19388,11,,1,,27621
19389,11,,1,,27622
19390,11,,1,,27623
19391,11,,1,,27624
19392,11,,1,,27625
19393,11,,1,,27626
19394,11,,1,,27627
19395,11,,1,,27628
19396,11,,1,,27629
19397,11,,1,,27630
19398,11,,1,,27631
19399,11,,1,,27632
19400,11,,1,,27633
19401,11,,1,,27634
19402,11,,1,,27635
19403,11,,1,,27636
19404,11,,1,,27637
19405,11,,1,,27638
19406,11,,1,,27639
19407,11,,1,,27640
19408,11,,1,,27641
19409,11,,1,,27642
19410,11,,1,,27643
19411,11,,1,,27644
19412,11,,1,,27645
19413,11,,1,,27646
19414,11,,1,,27647
19415,11,,1,,27648
19416,11,,1,,27649
19417,11,,1,,27650
19418,11,,1,,27651
19419,11,,1,,27652
19420,11,,1,,27653
19421,11,,1,,27654
19422,11,,1,,27655
19423,11,,1,,27656
19424,11,,1,,27657
19425,11,,1,,27658
19426,11,,1,,27659
19427,11,,1,,27660
19428,11,,1,,27661
19429,11,,1,,27662
19430,11,,1,,27663
19431,11,,1,,27664
19432,11,,1,,27665
19433,11,,1,,27666
19434,11,,1,,27667
19435,11,,1,,27668
19436,11,,1,,27669
19437,11,,1,,27670
19438,11,,1,,27671
19439,11,,1,,27672
19440,11,,1,,27673
19441,11,,1,,27674
19442,11,,1,,27675
19443,11,,1,,27676
19444,11,,1,,27677
19445,11,,1,,27678
19446,11,,1,,27679
19447,11,,1,,27680
19448,11,,1,,27681
19449,11,,1,,27682
19450,11,,1,,27683
19451,11,,1,,27684
19452,11,,1,,27685
19453,11,,1,,27686
19454,11,,1,,27687
19455,11,,1,,27688
19456,11,,1,,27689
19457,11,,1,,27690
19458,11,,1,,27691
19459,11,,1,,27692
19460,11,,1,,27693
19461,11,,1,,27694
19462,11,,1,,27695
19463,11,,1,,27696
19464,11,,1,,27697
19465,11,,1,,27698
19466,11,,1,,27699
19467,11,,1,,27700
19468,11,,1,,27701
19469,11,,1,,27702
19470,11,,1,,27703
19471,11,,1,,27704
19472,11,,1,,27705
19473,11,,1,,27706
19474,11,,1,,27707
19475,11,,1,,27708
19476,11,,1,,27709
19477,11,,1,,27710
19478,11,,1,,27711
19479,11,,1,,27712
19480,11,,1,,27713
19481,11,,1,,27714
19482,11,,1,,27715
19483,11,,1,,27716
19484,11,,1,,27717
19485,11,,1,,27718
19486,11,,1,,27719
19487,11,,1,,27720
19488,11,,1,,27721
19489,11,,1,,27722
19490,11,,1,,27723
19491,11,,1,,27724
19492,11,,1,,27725
19493,11,,1,,27726
19494,11,,1,,27727
19495,11,,1,,27728
19496,11,,1,,27729
19497,11,,1,,27730
19498,11,,1,,27731
19499,11,,1,,27732
19500,11,,1,,27733
19501,11,,1,,27734
19502,11,,1,,27735
19503,11,,1,,27736
19504,11,,1,,27737
19505,11,,1,,27738
19506,11,,1,,27739
19507,11,,1,,27740
19508,11,,1,,27741
19509,11,,1,,27742
19510,11,,1,,27743
19511,11,,1,,27744
19512,11,,1,,27745
19513,11,,1,,27746
19514,11,,1,,27747
19515,11,,1,,27748
19516,11,,1,,27749
19517,11,,1,,27750
19518,11,,1,,27751
19519,11,,1,,27752
19520,11,,1,,27753
19521,11,,1,,27754
19522,11,,1,,27755
19523,11,,1,,27756
19524,11,,1,,27757
19525,11,,1,,27758
19526,11,,1,,27759
19527,11,,1,,27760
19528,11,,1,,27761
19529,11,,1,,27762
19530,11,,1,,27763
19531,11,,1,,27764
19532,11,,1,,27765
19533,11,,1,,27766
19534,11,,1,,27767
19535,11,,1,,27768
19536,11,,1,,27769
19537,11,,1,,27770
19538,11,,1,,27771
19539,11,,1,,27772
19540,11,,1,,27773
19541,11,,1,,27774
19542,11,,1,,27775
19543,11,,1,,27776
19544,11,,1,,27777
19545,11,,1,,27778
19546,11,,1,,27779
19547,11,,1,,27780
19548,11,,1,,27781
19549,11,,1,,27782
19550,11,,1,,27783
19551,11,,1,,27784
19552,11,,1,,27785
19553,11,,1,,27786
19554,11,,1,,27787
19555,11,,1,,27788
19556,11,,1,,27789
19557,11,,1,,27790
19558,11,,1,,27791
19559,11,,1,,27792
19560,11,,1,,27793
19561,11,,1,,27794
19562,11,,1,,27795
19563,11,,1,,27796
19564,11,,1,,27797
19565,11,,1,,27798
19566,11,,1,,27799
19567,11,,1,,27800
19568,11,,1,,27801
19569,11,,1,,27802
19570,11,,1,,27803
19571,11,,1,,27804
19572,11,,1,,27805
19573,11,,1,,27806
19574,11,,1,,27807
19575,11,,1,,27808
19576,11,,1,,27809
19577,11,,1,,27810
19578,11,,1,,27811
19579,11,,1,,27812
19580,11,,1,,27813
19581,11,,1,,27814
19582,11,,1,,27815
19583,11,,1,,27816
19584,11,,1,,27817
19585,11,,1,,27818
19586,11,,1,,27819
19587,11,,1,,27820
19588,11,,1,,27821
19589,11,,1,,27822
19590,11,,1,,27823
19591,11,,1,,27824
19592,11,,1,,27825
19593,11,,1,,27826
19594,11,,1,,27827
19595,11,,1,,27828
19596,11,,1,,27829
19597,11,,1,,27830
19598,11,,1,,27831
19599,11,,1,,27832
19600,11,,1,,27833
19601,11,,1,,27834
19602,11,,1,,27835
19603,11,,1,,27836
19604,11,,1,,27837
19605,11,,1,,27838
19606,11,,1,,27839
19607,11,,1,,27840
19608,11,,1,,27841
19609,11,,1,,27842
19610,11,,1,,27843
19611,11,,1,,27844
19612,11,,1,,27845
19613,11,,1,,27846
19614,11,,1,,27847
19615,11,,1,,27848
19616,11,,1,,27849
19617,11,,1,,27850
19618,11,,1,,27851
19619,11,,1,,27852
19620,11,,1,,27853
19621,11,,1,,27854
19622,11,,1,,27855
19623,11,,1,,27856
19624,11,,1,,27857
19625,11,,1,,27858
19626,11,,1,,27859
19627,11,,1,,27860
19628,11,,1,,27861
19629,11,,1,,27862
19630,11,,1,,27863
19631,11,,1,,27864
19632,11,,1,,27865
19633,11,,1,,27866
19634,11,,1,,27867
19635,11,,1,,27868
19636,11,,1,,27869
19637,11,,1,,27870
19638,11,,1,,27871
19639,11,,1,,27872
19640,11,,1,,27873
19641,11,,1,,27874
19642,11,,1,,27875
19643,11,,1,,27876
19644,11,,1,,27877
19645,11,,1,,27878
19646,11,,1,,27879
19647,11,,1,,27880
19648,11,,1,,27881
19649,11,,1,,27882
19650,11,,1,,27883
19651,11,,1,,27884
19652,11,,1,,27885
19653,11,,1,,27886
19654,11,,1,,27887
19655,11,,1,,27888
19656,11,,1,,27889
19657,11,,1,,27890
19658,11,,1,,27891
19659,11,,1,,27892
19660,11,,1,,27893
19661,11,,1,,27894
19662,11,,1,,27895
19663,11,,1,,27896
19664,11,,1,,27897
19665,11,,1,,27898
19666,11,,1,,27899
19667,11,,1,,27900
19668,11,,1,,27901
19669,11,,1,,27902
19670,11,,1,,27903
19671,11,,1,,27904
19672,11,,1,,27905
19673,11,,1,,27906
19674,11,,1,,27907
19675,11,,1,,27908
19676,11,,1,,27909
19677,11,,1,,27910
19678,11,,1,,27911
19679,11,,1,,27912
19680,11,,1,,27913
19681,11,,1,,27914
19682,11,,1,,27915
19683,11,,1,,27916
19684,11,,1,,27917
19685,11,,1,,27918
19686,11,,1,,27919
19687,11,,1,,27920
19688,11,,1,,27921
19689,11,,1,,27922
19690,11,,1,,27923
19691,11,,1,,27924
19692,11,,1,,27925
19693,11,,1,,27926
19694,11,,1,,27927
19695,11,,1,,27928
19696,11,,1,,27929
19697,11,,1,,27930
19698,11,,1,,27931
19699,11,,1,,27932
19700,11,,1,,27933
19701,11,,1,,27934
19702,11,,1,,27935
19703,11,,1,,27936
19704,11,,1,,27937
19705,11,,1,,27938
19706,11,,1,,27939
19707,11,,1,,27940
19708,11,,1,,27941
19709,11,,1,,27942
19710,11,,1,,27943
19711,11,,1,,27944
19712,11,,1,,27945
19713,11,,1,,27946
19714,11,,1,,27947
19715,11,,1,,27948
19716,11,,1,,27949
19717,11,,1,,27950
19718,11,,1,,27951
19719,11,,1,,27952
19720,11,,1,,27953
19721,11,,1,,27954
19722,11,,1,,27955
19723,11,,1,,27956
19724,11,,1,,27957
19725,11,,1,,27958
19726,11,,1,,27959
19727,11,,1,,27960
19728,11,,1,,27961
19729,11,,1,,27962
19730,11,,1,,27963
19731,11,,1,,27964
19732,11,,1,,27965
19733,11,,1,,27966
19734,11,,1,,27967
19735,11,,1,,27968
19736,11,,1,,27969
19737,11,,1,,27970
19738,11,,1,,27971
19739,11,,1,,27972
19740,11,,1,,27973
19741,11,,1,,27974
19742,11,,1,,27975
19743,11,,1,,27976
19744,11,,1,,27977
19745,11,,1,,27978
19746,11,,1,,27979
19747,11,,1,,27980
19748,11,,1,,27981
19749,11,,1,,27982
19750,11,,1,,27983
19751,11,,1,,27984
19752,11,,1,,27985
19753,11,,1,,27986
19754,11,,1,,27987
19755,11,,1,,27988
19756,11,,1,,27989
19757,11,,1,,27990
19758,11,,1,,27991
19759,11,,1,,27992
19760,11,,1,,27993
19761,11,,1,,27994
19762,11,,1,,27995
19763,11,,1,,27996
19764,11,,1,,27997
19765,11,,1,,27998
19766,11,,1,,27999
19767,11,,1,,28000
19768,11,,1,,28001
19769,11,,1,,28002
19770,11,,1,,28003
19771,11,,1,,28004
19772,11,,1,,28005
19773,11,,1,,28006
19774,11,,1,,28007
19775,39,6,1,,28008
19776,69,,1,,28009
19777,69,,1,,28010
19778,74,,1,,28011
19779,69,,1,,28012
19780,36,,1,,28013
19781,11,,1,,28014
19782,11,,1,,28015
19783,11,,1,,28016
19784,22,,1,,28017
19785,22,,1,,28018
19786,36,,1,,28019
19787,11,,1,,28020
19788,11,,1,,28021
19789,11,,1,,28022
19790,39,1,1,,28023
19791,39,1,1,,28024
19792,39,1,1,,28025
19793,36,,1,,28026
19794,39,1,1,,28027
19795,39,1,1,,28028
19796,39,1,2,,28029
19797,39,1,1,Shoes in far right of frame,28030
19798,11,,1,,28031
19799,49,,1,,28032
19800,11,,1,,28033
19801,39,1,2,,28034
19802,39,1,2,,28035
19803,11,,1,,28036
19804,11,,1,,28037
19805,39,1,1,,28038
19806,23,5,1,,28039
19807,39,1,1,,28040
19808,23,5,1,,28041
19809,23,5,1,,28042
19810,11,,1,,28043
19811,36,,1,,28044
19812,11,,1,,28045
19813,39,1,1,,28046
19814,39,4,1,,28047
19815,39,4,1,,28048
19816,39,1,1,,28049
19817,11,,1,,28050
19819,39,1,1,,28051
19820,11,,1,,28052
19821,36,,1,,28053
19822,36,,1,,28054
19823,22,,1,,28055
19824,23,5,1,,28056
19825,11,,1,,28057
19826,11,,1,,28058
19827,39,3,1,,28059
19828,23,7,1,Plus 2 people,28060
19829,39,1,2,,28061
19830,49,,2,,28062
19831,11,,1,,28063
19832,11,,1,,28064
19833,49,,1,,28065
19834,39,1,1,,28066
19835,11,,1,,28067
19836,39,1,2,,28068
19837,39,1,1,,28069
19838,39,1,1,,28070
19839,39,1,1,,28071
19840,39,1,1,,28072
19841,11,,1,,28073
19842,49,,1,,28074
19843,49,,1,,28075
19844,49,,1,,28076
19845,23,5,1,,28077
19846,23,5,1,,28078
19847,39,1,1,,28079
19848,23,5,2,Plus 2 person,28080
19849,39,1,1,,28081
19850,55,,1,blurred mammal left side of frame,28082
19851,11,,1,,28083
19852,11,,1,,28084
19853,11,,1,,28085
19854,11,,1,,28086
19855,11,,1,,28087
19856,11,,1,,28088
19857,11,,1,,28089
19858,11,,1,,28090
19859,11,,1,,28091
19860,11,,1,,28092
19861,11,,1,,28093
19862,11,,1,,28094
19863,11,,1,,28095
19864,11,,1,,28096
19865,11,,1,,28097
19866,11,,1,,28098
19867,11,,1,,28099
19868,11,,1,,28100
19869,11,,1,,28101
19870,11,,1,,28102
19871,11,,1,,28103
19872,11,,1,,28104
19873,11,,1,,28105
19874,11,,1,,28106
19875,11,,1,,28107
19876,11,,1,,28108
19877,11,,1,,28109
19878,11,,1,,28110
19879,11,,1,,28111
19880,11,,1,,28112
19881,11,,1,,28113
19882,11,,1,,28114
19883,11,,1,,28115
19884,11,,1,,28116
19885,11,,1,,28117
19886,11,,1,,28118
19887,11,,1,,28119
19888,11,,1,,28120
19889,11,,1,,28121
19890,11,,1,,28122
19891,11,,1,,28123
19892,11,,1,,28124
19893,11,,1,,28125
19894,11,,1,,28126
19895,11,,1,,28127
19896,11,,1,,28128
19897,11,,1,,28129
19898,11,,1,,28130
19899,11,,1,,28131
19900,11,,1,,28132
19901,11,,1,,28133
19902,11,,1,,28134
19903,11,,1,,28135
19904,11,,1,,28136
19905,11,,1,,28137
19906,11,,1,,28138
19907,11,,1,,28139
19908,11,,1,,28140
19909,11,,1,,28141
19910,11,,1,,28142
19911,11,,1,,28143
19912,11,,1,,28144
19913,11,,1,,28145
19914,11,,1,,28146
19915,11,,1,,28147
19916,11,,1,,28148
19917,11,,1,,28149
19918,11,,1,,28150
19919,11,,1,,28151
19920,11,,1,,28152
19921,11,,1,,28153
19922,11,,1,,28154
19923,11,,1,,28155
19924,11,,1,,28156
19925,11,,1,,28157
19926,11,,1,,28158
19927,11,,1,,28159
19928,11,,1,,28160
19929,11,,1,,28161
19930,11,,1,,28162
19931,11,,1,,28163
19932,11,,1,,28164
19933,11,,1,,28165
19934,11,,1,,28166
19935,11,,1,,28167
19936,11,,1,,28168
19937,11,,1,,28169
19938,11,,1,,28170
19939,11,,1,,28171
19940,11,,1,,28172
19941,11,,1,,28173
19942,11,,1,,28174
19943,11,,1,,28175
19944,11,,1,,28176
19945,11,,1,,28177
19946,11,,1,,28178
19947,11,,1,,28179
19948,11,,1,,28180
19949,11,,1,,28181
19950,11,,1,,28182
19951,11,,1,,28183
19952,11,,1,,28184
19953,11,,1,,28185
19954,11,,1,,28186
19955,11,,1,,28187
19956,11,,1,,28188
19957,11,,1,,28189
19958,11,,1,,28190
19959,11,,1,,28191
19960,11,,1,,28192
19961,11,,1,,28193
19962,11,,1,,28194
19963,11,,1,,28195
19964,11,,1,,28196
19965,11,,1,,28197
19966,11,,1,,28198
19967,11,,1,,28199
19968,11,,1,,28200
19969,11,,1,,28201
19970,11,,1,,28202
19971,11,,1,,28203
19972,11,,1,,28204
19973,11,,1,,28205
19974,11,,1,,28206
19975,11,,1,,28207
19976,11,,1,,28208
19977,11,,1,,28209
19978,11,,1,,28210
19979,11,,1,,28211
19980,11,,1,,28212
19981,11,,1,,28213
19982,11,,1,,28214
19983,11,,1,,28215
19984,69,,1,,28216
19985,11,,1,,28217
19986,11,,1,,28218
19987,11,,1,,28219
19988,11,,1,,28220
19989,11,,1,,28221
19990,11,,1,,28222
19991,11,,1,,28223
19992,11,,1,,28224
19993,11,,1,,28225
19994,11,,1,,28226
19995,11,,1,,28227
19996,11,,1,,28228
19997,11,,1,,28229
19998,11,,1,,28230
19999,36,,1,,28231
20000,36,,2,,28232
20001,36,,2,,28233
20002,36,,3,,28234
20003,36,,3,,28235
20004,36,,2,,28236
20005,36,,2,,28237
20006,36,,2,,28238
20007,36,,1,,28239
20008,36,,2,,28240
20009,36,,3,,28241
20010,36,,1,,28242
20011,36,,1,,28243
20012,11,,1,,28244
20013,36,,1,,28245
20014,11,,1,,28246
20015,49,,1,,28247
20016,22,,2,,28248
20017,22,,1,,28249
20018,22,,2,,28250
20019,22,,1,,28251
20020,22,,1,,28252
20021,22,,1,,28253
20022,11,,1,,28254
20023,11,,1,,28255
20024,75,,1,,28256
20025,23,5,1,,28257
20026,11,,1,,28258
20027,36,,1,,28259
20028,36,,1,,28260
20029,11,,1,,28261
20030,36,,1,,28262
20031,11,,1,,28263
20032,36,,1,,28264
20033,36,,1,,28265
20034,36,,1,,28266
20035,36,,2,,28267
20036,36,,1,,28268
20037,36,,1,,28269
20038,36,,1,,28270
20039,36,,2,,28271
20040,36,,1,,28272
20041,36,,3,,28273
20042,36,,3,,28274
20043,36,,2,,28275
20044,36,,2,,28276
20045,11,,1,,28277
20046,11,,1,,28278
20047,11,,1,,28279
20048,39,1,2,,28280
20049,23,5,1,,28281
20050,23,5,1,,28282
20051,11,,1,,28283
20052,55,,1,possible coyote,28284
20053,11,,1,,28285
20054,75,,1,,28286
20055,49,,1,,28287
20056,49,,1,,28288
20057,49,,1,,28289
20059,49,,1,,28290
20060,49,,1,,28291
20061,39,1,1,,28292
20062,55,,1,,28293
20063,55,,1,,28294
20064,11,,1,,28295
20065,11,,1,,28296
20066,36,,2,,28297
20067,36,,2,,28298
20068,36,,1,,28299
20069,36,,3,,28300
20070,36,,2,,28301
20071,23,5,1,,28302
20072,11,,1,,28303
20073,23,5,2,Plus 1 person,28304
20074,11,,1,,28305
20075,39,1,1,,28306
20076,11,,1,,28307
20077,11,,1,,28308
20078,36,,1,,28309
20079,36,,1,,28310
20080,36,,1,,28311
20081,11,,1,,28312
20082,39,1,1,,28313
20083,11,,1,,28314
20084,39,1,1,,28315
20085,22,,1,,28316
20086,69,,1,,28317
20087,69,,1,,28318
20088,11,,1,,28319
20089,11,,1,,28320
20090,11,,1,,28321
20091,11,,1,,28322
20092,11,,1,,28323
20093,11,,1,,28324
20094,11,,1,,28325
20095,11,,1,,28326
20096,39,1,1,,28327
20097,39,1,1,,28328
20098,39,1,1,,28329
20099,11,,1,,28330
20100,36,,2,,28331
20101,36,,1,,28332
20102,11,,1,,28333
20103,11,,1,,28334
20104,11,,1,,28335
20105,22,,1,,28336
20106,11,,1,,28337
20107,39,1,1,,28338
20108,39,1,1,,28339
20109,11,,1,,28340
20110,23,5,1,,28341
20111,39,1,1,,28342
20112,39,1,2,,28343
20113,11,,1,,28344
20114,23,7,1,plus 1 person,28345
20115,39,2,2,,28346
20116,39,1,1,,28347
20117,11,,1,,28348
20118,55,,1,,28349
20119,11,,1,,28350
20120,39,1,1,,28351
20121,11,,1,,28352
20122,39,1,2,,28353
20123,39,1,1,,28354
20124,39,1,2,,28355
20125,39,4,1,,28356
20126,39,1,1,,28357
20127,11,,1,,28358
20128,11,,1,,28359
20129,11,,1,tracks in snow,28360
20130,11,,1,tracks in snow,28361
20131,11,,1,,28362
20132,11,,1,,28363
20133,11,,1,,28364
20134,11,,1,,28365
20135,11,,1,,28366
20136,11,,1,,28367
20137,11,,1,,28368
20138,11,,1,,28369
20139,11,,1,,28370
20140,11,,1,,28371
20141,11,,1,,28372
20142,11,,1,,28373
20143,11,,1,,28374
20144,11,,1,,28375
20145,11,,1,,28376
20146,11,,1,,28377
20147,11,,1,,28378
20148,11,,1,,28379
20149,11,,1,,28380
20150,11,,1,,28381
20151,11,,1,,28382
20152,11,,1,,28383
20153,41,,1,,28384
20154,36,,1,,28385
20155,11,,1,,28386
20156,11,,1,,28387
20157,11,,1,,28388
20158,11,,1,,28389
20159,11,,1,,28390
20160,11,,1,,28391
20161,11,,1,,28392
20162,11,,1,,28393
20163,11,,1,,28394
20164,11,,1,,28395
20165,11,,1,,28396
20166,11,,1,,28397
20167,11,,1,,28398
20168,11,,1,,28399
20169,11,,1,,28400
20170,11,,1,,28401
20171,11,,1,,28402
20172,11,,1,,28403
20173,11,,1,,28404
20174,11,,1,,28405
20175,11,,1,,28406
20176,11,,1,,28407
20177,11,,1,,28408
20178,11,,1,,28409
20179,11,,1,,28410
20180,11,,1,,28411
20181,11,,1,,28412
20182,11,,1,,28413
20183,11,,1,,28414
20184,11,,1,,28415
20185,11,,1,,28416
20186,11,,1,,28417
20187,11,,1,,28418
20188,11,,1,,28419
20189,11,,1,,28420
20190,23,5,1,,28421
20191,23,7,1,,28422
20192,39,1,1,,28423
20193,11,,1,,28424
20194,11,,1,,28425
20195,23,7,1,plus 1 person,28426
20196,11,,1,,28427
20197,11,,1,,28428
20198,39,,1,hand in right hand side of frame,28429
20199,39,,1,Person checking out camera,28430
20200,39,,1,,28431
20201,11,,1,,28432
20202,11,,1,,28433
20203,11,,1,,28434
20205,23,5,1,,28435
20206,23,5,1,,28436
20207,11,,1,,28437
20208,23,5,2,,28438
20209,39,1,1,,28439
20210,55,,1,possible coyote,28440
20211,55,,1,possible coyote,28441
20212,11,,1,,28442
20213,11,,1,,28443
20214,39,,1,four-wheeler,28444
20215,11,,1,,28445
20216,11,,1,,28446
20217,23,7,1,plus 1 person running,28447
20218,39,1,1,,28448
20219,39,1,1,,28449
20220,39,1,1,,28450
20221,11,,1,,28451
20222,39,1,2,,28452
20223,11,,1,,28453
20224,23,7,1,plus 2 people,28454
20225,11,,1,,28455
20226,23,5,1,,28456
20227,39,1,1,,28457
20228,39,1,1,,28458
20229,11,,1,,28459
20230,11,,1,,28460
20231,11,,1,,28461
20232,11,,1,,28462
20233,11,,1,,28463
20234,11,,1,,28464
20235,23,5,1,,28465
20236,39,1,1,,28466
20237,23,5,2,,28467
20238,11,,1,,28468
20239,39,1,1,,28469
20240,23,7,1,plus 1 person walking,28470
20241,23,5,1,plus 1 person,28471
20242,39,1,1,,28472
20243,55,,1,,28473
20244,11,,1,,28474
20245,39,1,1,,28475
20246,39,1,1,,28476
20247,23,5,1,,28477
20248,23,5,1,,28478
20249,39,1,1,,28479
20250,39,1,2,,28480
20251,39,1,1,,28481
20252,11,,1,,28482
20253,11,,1,,28483
20254,11,,1,,28484
20255,11,,1,,28485
20256,11,,1,,28486
20257,11,,1,,28487
20258,11,,1,,28488
20259,11,,1,,28489
20260,11,,1,,28490
20261,11,,1,,28491
20262,55,,1,possible coyote,28492
20263,11,,1,,28493
20264,11,,1,,28494
20265,11,,1,,28495
20266,11,,1,,28496
20267,11,,1,,28497
20268,11,,1,,28498
20269,11,,1,,28499
20270,11,,1,,28500
20271,11,,1,,28501
20272,11,,1,,28502
20273,11,,1,,28503
20274,11,,1,,28504
20275,11,,1,,28505
20276,11,,1,,28506
20277,11,,1,,28507
20278,11,,1,,28508
20279,11,,1,,28509
20280,11,,1,,28510
20281,11,,1,,28511
20282,11,,1,,28512
20283,11,,1,,28513
20284,11,,1,,28514
20285,11,,1,,28515
20286,11,,1,,28516
20287,11,,1,,28517
20288,11,,1,,28518
20289,11,,1,,28519
20290,11,,1,,28520
20291,11,,1,,28521
20292,11,,1,,28522
20293,11,,1,,28523
20294,11,,1,,28524
20295,11,,1,,28525
20296,11,,1,,28526
20297,11,,1,,28527
20298,11,,1,,28528
20299,11,,1,,28529
20300,11,,1,,28530
20301,11,,1,,28531
20302,11,,1,,28532
20303,11,,1,,28533
20304,11,,1,,28534
20305,11,,1,,28535
20306,11,,1,,28536
20307,11,,1,,28537
20308,11,,1,,28538
20309,11,,1,,28539
20310,11,,1,,28540
20311,11,,1,,28541
20312,11,,1,,28542
20313,11,,1,,28543
20314,11,,1,,28544
20315,11,,1,,28545
20316,11,,1,,28546
20317,11,,1,,28547
20318,11,,1,,28548
20319,11,,1,,28549
20320,11,,1,,28550
20321,11,,1,,28551
20322,11,,1,,28552
20323,11,,1,,28553
20324,11,,1,,28554
20325,11,,1,,28555
20326,11,,1,,28556
20327,11,,1,,28557
20328,11,,1,,28558
20329,11,,1,,28559
20330,11,,1,,28560
20331,11,,1,,28561
20332,11,,1,,28562
20333,11,,1,,28563
20334,11,,1,,28564
20335,11,,1,,28565
20336,11,,1,,28566
20337,11,,1,,28567
20338,11,,1,,28568
20339,11,,1,,28569
20340,11,,1,,28570
20341,11,,1,,28571
20342,11,,1,,28572
20343,11,,1,,28573
20344,11,,1,,28574
20345,11,,1,,28575
20346,11,,1,,28576
20347,11,,1,,28577
20348,11,,1,,28578
20349,11,,1,,28579
20350,11,,1,,28580
20351,11,,1,,28581
20352,11,,1,,28582
20353,11,,1,,28583
20354,11,,1,,28584
20355,11,,1,,28585
20356,11,,1,,28586
20357,11,,1,,28587
20358,11,,1,,28588
20359,11,,1,,28589
20360,11,,1,,28590
20361,11,,1,,28591
20362,11,,1,,28592
20363,11,,1,,28593
20364,11,,1,,28594
20365,11,,1,,28595
20366,11,,1,,28596
20367,11,,1,,28597
20368,11,,1,,28598
20369,11,,1,,28599
20370,11,,1,,28600
20371,11,,1,,28601
20372,11,,1,,28602
20373,11,,1,,28603
20374,11,,1,,28604
20375,11,,1,,28605
20376,11,,1,,28606
20377,11,,1,,28607
20378,11,,1,,28608
20379,11,,1,,28609
20380,11,,1,,28610
20381,11,,1,,28611
20382,11,,1,,28612
20383,11,,1,,28613
20384,11,,1,,28614
20385,11,,1,,28615
20386,11,,1,,28616
20387,11,,1,,28617
20388,11,,1,,28618
20389,11,,1,,28619
20390,11,,1,,28620
20391,11,,1,,28621
20392,11,,1,,28622
20393,11,,1,,28623
20394,11,,1,,28624
20395,11,,1,,28625
20396,11,,1,,28626
20397,11,,1,,28627
20398,11,,1,,28628
20399,11,,1,,28629
20400,11,,1,,28630
20401,11,,1,,28631
20402,11,,1,,28632
20403,11,,1,,28633
20404,11,,1,,28634
20405,11,,1,,28635
20406,11,,1,,28636
20407,11,,1,,28637
20408,11,,1,,28638
20409,11,,1,,28639
20410,11,,1,,28640
20411,11,,1,,28641
20412,11,,1,,28642
20413,11,,1,,28643
20414,11,,1,,28644
20415,11,,1,,28645
20416,11,,1,,28646
20417,11,,1,,28647
20418,11,,1,,28648
20419,11,,1,,28649
20420,11,,1,,28650
20421,11,,1,,28651
20422,11,,1,,28652
20423,11,,1,,28653
20424,11,,1,,28654
20425,11,,1,,28655
20426,11,,1,,28656
20427,11,,1,,28657
20428,11,,1,,28658
20429,11,,1,,28659
20430,11,,1,,28660
20431,11,,1,,28661
20432,11,,1,,28662
20433,11,,1,,28663
20434,11,,1,,28664
20435,11,,1,,28665
20436,11,,1,,28666
20437,11,,1,,28667
20438,11,,1,,28668
20439,11,,1,,28669
20440,11,,1,,28670
20441,11,,1,,28671
20442,23,5,1,,28672
20443,39,1,1,,28673
20444,39,1,1,,28674
20445,39,1,1,,28675
20446,11,,1,,28676
20447,11,,1,,28677
20448,11,,1,,28678
20449,11,,1,,28679
20450,11,,1,,28680
20451,11,,1,,28681
20452,11,,1,,28682
20453,11,,1,,28683
20454,11,,1,,28684
20455,11,,1,,28685
20456,11,,1,,28686
20457,11,,1,,28687
20458,11,,1,,28688
20459,11,,1,,28689
20460,11,,1,,28690
20461,11,,1,,28691
20462,11,,1,,28692
20463,11,,1,,28693
20464,11,,1,,28694
20465,76,,1,possible Red Fox,28695
20466,23,7,1,plus 1 person,28696
20467,39,1,2,,28697
20468,39,1,1,,28698
20469,39,1,1,,28699
20470,11,,1,,28700
20471,39,1,1,,28701
20472,39,1,2,,28702
20473,11,,1,,28703
20474,11,,1,,28704
20475,11,,1,,28705
20476,11,,1,,28706
20477,11,,1,,28707
20478,11,,1,,28708
20479,23,5,1,,28709
20480,11,,1,,28710
20481,23,,1,,28711
20482,23,5,1,,28712
20483,23,5,1,,28713
20484,39,1,1,,28714
20485,11,,1,,28715
20486,11,,1,,28716
20487,11,,1,,28717
20488,11,,1,,28718
20489,11,,1,,28719
20490,11,,1,,28720
20491,11,,1,,28721
20492,11,,1,,28722
20493,11,,1,,28723
20494,11,,1,,28724
20495,11,,1,,28725
20496,11,,1,,28726
20497,11,,1,,28727
20498,11,,1,,28728
20499,11,,1,,28729
20500,11,,1,,28730
20501,11,,1,,28731
20502,11,,1,,28732
20503,11,,1,,28733
20504,11,,1,,28734
20505,11,,1,,28735
20506,55,,1,possible coyote,28736
20507,11,,1,,28737
20508,11,,1,,28738
20509,11,,1,,28739
20510,11,,1,,28740
20511,11,,1,,28741
20512,11,,1,,28742
20513,11,,1,,28743
20514,11,,1,,28744
20515,11,,1,,28745
20516,11,,1,,28746
20517,11,,1,,28747
20518,23,5,1,,28748
20519,11,,1,,28749
20520,23,5,1,,28750
20521,11,,1,,28751
20522,39,1,1,,28752
20523,39,1,1,,28753
20524,39,1,2,,28754
20525,39,1,1,,28755
20526,39,1,1,,28756
20527,23,5,2,,28757
20528,11,,1,,28758
20529,39,1,1,,28759
20530,39,1,1,,28760
20531,39,1,1,,28761
20532,11,,1,,28762
20533,23,7,1,plus 1 person walking,28763
20534,11,,1,,28764
20535,39,1,1,,28765
20536,39,1,2,,28766
20537,39,1,2,,28767
20538,39,1,2,,28768
20539,11,,1,,28769
20540,39,1,2,,28770
20541,55,,1,possible coyote,28771
20542,39,1,2,,28772
20543,11,,1,,28773
20544,23,7,1,plus 2 people walking,28774
20545,11,,1,,28775
20546,39,1,1,,28776
20547,39,1,2,,28777
20548,39,1,1,,28778
20549,39,1,1,,28779
20550,11,,1,,28780
20551,39,1,2,,28781
20552,39,1,1,,28782
20553,39,1,1,,28783
20554,11,,1,,28784
20555,11,,1,,28785
20556,11,,1,,28786
20557,11,,1,,28787
20558,11,,1,,28788
20559,11,,1,,28789
20560,11,,1,,28790
20561,11,,1,,28791
20562,11,,1,,28792
20563,11,,1,,28793
20564,11,,1,,28794
20565,11,,1,,28795
20566,11,,1,,28796
20567,11,,1,,28797
20568,11,,1,,28798
20569,39,1,1,,28799
20570,36,,1,,28800
20571,36,,1,,28801
20572,11,,1,,28802
20573,11,,1,,28803
20574,11,,1,,28804
20575,11,,1,,28805
20576,11,,1,,28806
20577,11,,1,,28807
20578,11,,1,,28808
20579,39,1,2,,28809
20580,11,,1,,28810
20581,39,1,1,,28811
20582,11,,1,,28812
20583,11,,1,,28813
20584,11,,1,,28814
20585,11,,1,,28815
20586,11,,1,,28816
20587,11,,1,,28817
20588,11,,1,,28818
20589,11,,1,,28819
20590,11,,1,,28820
20591,11,,1,,28821
20592,11,,1,,28822
20593,11,,1,,28823
20594,11,,1,,28824
20595,11,,1,,28825
20596,11,,1,,28826
20597,11,,1,,28827
20598,11,,1,,28828
20599,11,,1,,28829
20600,11,,1,,28830
20601,11,,1,,28831
20602,11,,1,,28832
20603,11,,1,,28833
20604,11,,1,,28834
20605,11,,1,,28835
20606,11,,1,,28836
20607,11,,1,,28837
20608,11,,1,,28838
20609,11,,1,,28839
20610,11,,1,,28840
20611,11,,1,,28841
20612,11,,1,,28842
20613,11,,1,,28843
20614,11,,1,,28844
20615,11,,1,,28845
20616,11,,1,,28846
20617,11,,1,,28847
20618,11,,1,,28848
20619,11,,1,,28849
20620,11,,1,,28850
20621,11,,1,,28851
20622,11,,1,,28852
20623,11,,1,,28853
20624,11,,1,,28854
20625,39,1,1,,28855
20626,39,1,2,,28856
20627,23,7,1,plus 1 person,28857
20628,39,1,1,,28858
20629,39,1,1,,28859
20630,39,6,1,,28860
20631,39,6,1,,28861
20632,36,,2,,27327
20633,11,,1,,27328
20634,42,,1,,27329
20635,36,,1,,27330
20636,39,6,1,,28899
20637,39,6,1,,28900
20638,39,6,1,,28901
20639,39,6,1,,28874
20640,39,6,1,,28875
20641,36,,1,,28876
20642,27,,1,,28877
20643,36,,1,,28878
20644,36,,1,,28879
20645,36,,1,,28880
20646,11,,1,,28881
20647,36,,1,,28882
20648,11,,1,,28883
20649,36,,2,,28884
20650,36,,2,,28884
20651,11,,1,,28885
20652,39,8,1,,28886
20653,11,,1,,28887
20654,39,6,1,class field trip,28888
20655,39,6,1,class field trip,28889
20656,39,6,5,class field trip,28890
20657,39,6,5,class field trip,28891
20658,39,6,1,class field trip,28892
20659,39,6,1,class field trip,28893
20660,39,6,4,class field trip,28894
20661,39,6,1,class field trip,28895
20662,39,6,3,class field trip,28896
20663,39,6,6,class field trip,28897
20664,11,,1,camera check,28898
20665,39,6,1,,28902
20666,36,,1,,28903
20667,36,,1,,28904
20668,36,,1,,28905
20669,36,,1,,28906
20670,36,,1,,28907
20671,36,,1,,28908
20672,36,,1,,28909
20673,36,,1,,28910
20674,11,,1,,28911
20675,9,,1,,27331
20676,11,,1,,27332
20677,36,,2,,28862
20678,36,,2,,28863
20679,36,,1,,28864
20680,39,6,1,class field trip,28865
20681,39,6,5,class field trip,28866
20682,39,6,3,class field trip,28867
20683,39,6,5,,28868
20684,39,6,2,class field trip,28869
20685,39,6,1,,28870
20686,39,6,5,class field trip,28871
20687,39,6,,,28872
20688,39,6,2,class field trip,28872
20689,39,6,1,,28873
20690,39,6,2,Front Range CC class field trip,28918
20691,66,,1,,28919
20692,39,1,1,,28920
20693,36,,1,,28921
20694,36,,1,,28922
20695,36,,1,,28923
20696,11,,1,,28924
20697,39,6,1,,28925
20698,11,,1,camera check,28926
20699,11,,1,,28927
20700,11,,1,camera check,28928
20701,36,,3,,28912
20702,36,,3,,28913
20703,36,,1,,28914
20704,36,,1,,28916
20705,36,,1,,28915
20706,39,6,1,,28917
20707,39,6,1,,28930
20708,39,6,1,,28931
20709,39,6,2,,28932
20710,39,6,2,,28933
20711,39,6,2,,28934
20712,39,6,1,,28935
20713,39,6,1,,28936
20714,39,6,2,,28937
20715,36,,1,,28938
20716,36,,1,,28939
20717,39,2,1,,28940
20718,39,2,1,,28941
20719,39,1,1,,28942
20720,11,,1,,28943
20721,39,1,1,2 dogs on leash,28944
20722,39,1,1,2 Dogs on leash,28945
20723,39,1,2,,28946
20724,23,5,1,,28947
20725,39,1,1,,28948
20726,39,1,1,,28949
20727,39,1,1,,28950
20728,39,1,1,,28951
20729,39,1,1,,28952
20730,39,3,2,,28953
20731,39,3,2,,28954
20732,23,5,1,,28955
20733,11,41,1,,28956
20734,11,41,1,,28957
20735,23,5,1,,28958
20736,11,41,1,,28959
20737,39,1,1,,28960
20738,39,1,2,2 dogs off leash,28961
20739,39,1,1,,28962
20740,39,1,1,,28963
20741,39,1,1,1 dog off leash,28964
20742,39,1,1,,28965
20743,41,,1,,28966
20744,39,1,1,,28967
20745,39,1,1,,28968
20746,39,1,1,,28969
20747,39,1,1,,28970
20748,39,1,1,,28971
20749,39,6,2,,28929
20750,36,,1,,28972
20751,36,,1,,28973
20752,39,1,1,,28974
20753,36,,1,,28975
20754,36,,1,,28976
20755,36,,2,,28977
20756,36,,4,,28978
20757,36,,1,,28979
20758,39,3,1,,28980
20759,39,3,1,,28981
20760,11,,1,,28982
20761,39,1,1,,28983
20762,39,1,1,,28984
20763,11,,1,,28985
20764,11,,1,,28986
20765,36,,2,,28987
20766,36,,1,,28988
20767,39,1,1,,28989
20768,39,1,1,,28990
20769,39,1,1,,28991
20770,39,1,2,,28992
20771,39,3,2,,28993
20772,39,1,1,,28994
20773,39,1,1,,28995
20774,39,3,1,,28996
20775,39,1,1,,28997
20776,39,1,2,,28998
20777,39,3,1,,28999
20778,39,1,2,,29000
20779,39,3,1,,29001
20780,39,3,1,,29002
20781,66,,1,,29003
20782,39,3,1,,29004
20783,39,1,1,,29005
20784,39,3,1,,29006
20785,39,3,1,,29007
20786,11,,1,,29008
20787,11,,1,,29009
20788,39,1,2,,29010
20789,36,,1,,29011
20790,36,,1,,29012
20791,36,,1,,29013
20792,36,,1,,29014
20793,23,5,1,1 person,29015
20794,39,1,1,,29016
20795,39,1,2,,29017
20796,39,3,1,,29018
20797,39,1,1,someone tampering with camera?,29019
20798,11,,1,,29020
20799,11,,1,camera line of sight moved,29021
20800,68,,1,,29022
20801,39,1,1,,29023
20802,39,6,1,,29024
20803,39,6,1,,29025
20804,39,6,1,,29026
20805,11,,1,,29027
20806,39,6,2,,29028
20807,39,6,2,,29029
20808,39,6,1,,29030
20809,39,6,1,,29031
20810,39,6,1,,29032
20811,39,6,1,,29033
20812,39,6,2,,29034
20813,39,6,2,,29035
20814,39,6,2,,29036
20815,39,6,2,,29037
20816,39,6,2,,29038
20817,39,6,2,,29039
20818,39,6,1,,29040
20819,39,6,1,,29041
20820,39,6,1,,29042
20821,39,6,1,,29043
20822,39,6,1,,29044
20823,39,6,1,,29045
20824,39,6,1,,29046
20825,39,6,2,,29047
20826,39,6,2,,29048
20827,39,2,1,,29049
20828,39,2,1,,29050
20829,39,1,1,,29051
20830,39,1,1,1 dog off leash,29052
20831,55,,1,,29053
20832,23,5,1,,29054
20833,11,,1,,29055
20834,39,1,1,,29056
20835,39,1,1,,29057
20836,39,1,2,,29058
20838,11,,1,,29059
20839,11,,1,,29060
20840,39,1,1,,29061
20841,39,1,1,,29062
20842,39,1,1,,29063
20843,39,1,1,1 dog off leash,29064
20844,39,1,1,,29065
20845,39,1,1,,29066
20846,39,1,1,,29067
20847,39,1,1,,29068
20848,39,1,1,,29069
20849,11,,1,,29070
20850,39,1,2,,29071
20851,39,1,1,,29072
20853,67,,1,,29073
20854,11,,1,,29074
20855,36,,1,,29075
20856,39,1,1,,29076
20857,11,,1,,29077
20858,39,1,1,,29078
20859,39,1,1,,29079
20860,36,,1,,29080
20861,36,,1,,29081
20862,36,,1,,29082
20863,36,,2,,29083
20864,36,,1,,29084
20865,11,,1,,29085
20866,36,,1,,29086
20867,11,,1,,29087
20868,36,,1,,29088
20869,36,,3,,29089
20870,36,,1,,29090
20871,36,,1,,29091
20872,36,,1,,29092
20873,36,,1,,29093
20874,36,,2,,29094
20875,36,,1,,29095
20876,11,,1,,29096
20877,39,1,2,,29097
20878,39,1,2,,29098
20879,39,1,2,,29099
20880,39,1,2,,29100
20881,11,,1,,29101
20883,39,1,2,,29102
20884,11,,1,,29103
20885,11,,1,,29104
20886,66,,1,,29105
20887,39,1,1,,29106
20888,39,1,1,,29107
20889,23,5,2,,29108
20890,39,1,1,1 dog off leash,29109
20891,39,1,1,,29110
20892,39,1,1,,29111
20893,39,1,1,,29112
20894,11,,1,,29113
20895,39,6,1,,29114
20896,39,6,1,,29115
20897,39,6,1,,29116
20898,11,,1,,29117
20899,39,6,1,,29118
20900,39,6,1,,29119
20901,39,6,1,,29120
20902,39,6,1,,29121
20903,39,6,1,,29122
20904,39,6,1,,29123
20905,39,6,2,,29124
20906,39,6,1,,29125
20907,39,6,1,,29126
20908,39,6,1,,29127
20909,39,6,1,,29128
20910,39,6,1,,29129
20911,39,6,1,,29130
20912,39,6,1,,29131
20913,39,6,1,,29132
20914,11,,1,,29133
20915,11,,1,,29134
20916,39,6,2,,29135
20917,39,6,2,,29136
20918,39,6,2,`,29137
20919,39,6,2,,29138
20920,39,6,2,,29139
20921,39,6,2,,29140
20922,39,6,1,,29141
20923,59,,1,,29142
20924,41,,1,,29143
20925,39,1,1,,29144
20926,8,,1,,29145
20927,8,,1,,29146
20928,68,,1,,29147
20929,8,,1,,29148
20930,39,1,1,,29149
20931,39,1,1,2 dogs off leash,29150
20932,23,5,1,,29151
20933,23,5,2,,29152
20934,23,5,1,,29153
20935,39,1,1,1 dog off leash,29154
20936,39,1,1,2 dogs off leash,29155
20937,69,,1,,29156
20938,69,,1,,29157
20939,23,5,1,,29158
20940,39,1,2,1 dog off leash,29159
20941,39,1,1,,29160
20942,39,1,1,,29161
20943,39,1,1,,29162
20944,39,1,1,,29163
20945,39,1,2,,29164
20946,39,3,1,,29165
20947,36,,2,,29166
20948,36,,1,,29167
20949,11,,1,camera fell down in snow,29168
20950,11,,1,camera fell down in snow,29169
20951,11,,1,camera fell down in snow,29170
20952,11,,1,camera fell down in snow,29171
20953,77,,1,,29172
20954,77,,1,,29173
20955,77,,1,,29174
20956,39,,1,park staff removing downed camera,29175
20957,11,,1,park staff removing downed camera,29176
20958,36,,1,,29182
20959,8,,1,,29183
20960,8,,1,,29184
20961,39,6,2,,29185
20962,39,6,1,,29186
20963,11,,1,,29177
20964,39,2,1,,29178
20965,36,,2,,29179
20966,36,,1,,29180
20967,39,2,1,,29181
20968,39,6,1,,30522
20969,39,6,1,,30523
20970,39,6,1,,30524
20971,39,6,1,,30525
20972,39,6,1,,30526
20973,39,6,1,,30527
20974,39,1,1,,30528
20975,69,,1,,30529
20976,69,,1,,30530
20977,39,1,1,,30531
20978,39,1,2,,30532
20979,39,3,1,,30533
20980,39,1,2,,30534
20981,23,7,1,,30535
20982,39,1,2,,30536
20983,39,1,2,,30536
20985,39,1,1,,30537
20986,23,5,2,,30538
20987,39,1,1,,30539
20988,39,1,1,,30540
20989,39,1,1,,30541
20990,39,1,2,,30542
20991,39,1,1,,30543
20992,39,1,1,,30544
20993,39,1,1,,30545
20994,39,1,1,,30546
20995,39,1,2,,30547
20996,39,1,1,,30548
20997,39,1,1,,30549
20998,39,1,1,,30550
20999,39,3,1,,30551
21000,39,1,1,,30552
21001,39,1,2,,30553
21002,39,1,2,,30553
21003,39,3,1,,30554
21004,39,1,1,,30555
21005,39,3,1,,30556
21006,39,3,1,,30557
21007,39,3,1,,30558
21008,39,3,1,,30559
21009,39,1,1,,30560
21010,39,1,1,,30561
21011,39,3,1,,30562
21012,39,1,1,,30563
21013,39,3,1,,30564
21014,39,3,1,,30565
21015,39,1,1,,30566
21016,39,3,1,,30567
21017,39,3,1,,30568
21018,39,1,2,,30569
21019,39,1,3,,30570
21020,39,3,1,,30571
21021,39,1,1,,30572
21022,39,3,2,,30573
21023,39,1,2,plus domestic dog,30574
21024,69,,2,park staff,30575
21025,69,,2,park staff,30576
21026,69,,1,park staff,30577
21027,69,,1,park staff,30578
21028,39,1,1,plus domestic dog(s) on leash,30579
21029,39,3,1,,30580
21030,39,1,1,,30581
21031,39,1,1,,30582
21032,39,1,1,,30583
21033,39,3,2,,30584
21034,39,3,1,,30585
21035,11,,1,,30586
21037,11,,1,,30587
21038,39,1,1,,30588
21039,39,1,1,,30589
21040,39,1,3,,30590
21041,39,1,1,,30591
21042,39,1,1,,30592
21043,11,,1,,30593
21044,11,,1,,30594
21045,39,4,1,plus 1 horse,30595
21046,11,,1,,30596
21047,11,,1,,30597
21048,11,,1,,30598
21049,11,,1,,30599
21050,39,1,2,,30600
21051,39,3,1,,30601
21052,39,3,1,,30602
21053,39,3,1,,30603
21054,39,3,1,,30604
21055,39,3,1,,30605
21056,39,1,1,,30606
21057,39,3,2,,30607
21058,39,1,1,,30608
21059,39,3,1,,30609
21060,39,3,1,,30610
21061,39,3,1,,30611
21062,60,,1,,30612
21063,60,,1,,30613
21064,60,,1,,30614
21065,60,,1,,30615
21066,39,1,1,,30616
21067,39,1,1,,30617
21068,60,,1,,30618
21069,60,,1,,30619
21070,60,,1,,30620
21071,60,,1,,30621
21072,60,,1,,30622
21073,60,,1,,30623
21074,60,,1,,30624
21075,60,,1,,30625
21076,60,,1,,30626
21077,60,,1,,30627
21078,60,,1,,30628
21079,60,,1,,30629
21080,60,,1,,30630
21081,60,,1,,30631
21082,60,,1,,30632
21083,60,,1,,30633
21084,60,,1,,30634
21085,60,,1,,30635
21086,60,,1,,30636
21087,60,,1,,30637
21088,60,,1,,30638
21089,60,,1,,30639
21090,60,,1,,30640
21091,60,,1,,30641
21092,60,,1,,30642
21093,60,,1,,30643
21094,60,,1,,30644
21095,60,,1,,30645
21096,60,,1,,30646
21097,60,,1,,30647
21098,60,,1,,30648
21099,60,,1,,30649
21100,60,,1,,30650
21101,60,,1,,30651
21102,60,,1,,30652
21103,60,,1,,30653
21105,60,,1,,30654
21106,60,,1,,30655
21107,60,,1,,30656
21108,60,,1,,30657
21109,60,,1,,30658
21110,60,,1,,30659
21111,60,,1,,30660
21112,60,,1,,30661
21113,60,,1,,30662
21114,60,,1,,30663
21115,60,,1,,30664
21116,60,,1,,30665
21117,60,,1,,30666
21118,60,,1,,30667
21119,60,,1,,30668
21120,60,,1,,30669
21121,60,,1,,30670
21122,60,,1,,30671
21123,60,,1,,30672
21124,60,,1,,30673
21125,60,,1,,30674
21126,60,,1,,30675
21127,60,,1,,30676
21128,60,,1,,30677
21129,60,,1,,30678
21130,60,,1,,30679
21131,60,,1,,30680
21132,60,,1,,30681
21133,60,,1,,30682
21134,60,,1,,30683
21135,60,,1,,30684
21136,60,,1,,30685
21137,60,,1,,30686
21138,60,,1,,30687
21139,60,,1,,30688
21140,60,,1,,30689
21141,60,,1,,30690
21142,60,,1,,30691
21143,60,,1,,30692
21144,60,,1,,30693
21145,60,,1,,30694
21146,60,,1,,30695
21147,60,,1,,30696
21148,60,,1,,30697
21149,60,,1,,30698
21150,60,,1,,30699
21151,60,,1,,30700
21152,60,,1,,30701
21153,60,,1,,30702
21154,60,,1,,30703
21155,60,,1,,30704
21156,60,,1,,30705
21157,60,,1,,30706
21158,60,,1,,30707
21159,60,,1,,30708
21160,60,,1,,30709
21161,60,,1,,30710
21162,60,,1,,30711
21163,60,,1,,30712
21165,60,,1,,30713
21166,60,,1,,30714
21167,60,,1,,30715
21168,60,,1,,30716
21169,60,,1,,30717
21170,60,,1,,30718
21171,60,,1,,30719
21172,60,,1,,30720
21173,60,,1,,30721
21174,60,,1,,30722
21175,60,,1,,30723
21176,60,,1,,30724
21177,60,,1,,30725
21178,60,,1,,30726
21179,60,,1,,30727
21180,60,,1,,30728
21181,60,,1,,30729
21182,60,,1,,30730
21183,60,,1,,30731
21184,60,,1,,30732
21185,60,,1,,30733
21186,60,,1,,30734
21187,60,,1,,30735
21188,60,,1,,30736
21189,60,,1,,30737
21190,60,,1,,30738
21191,60,,1,,30739
21192,60,,1,,30740
21193,60,,1,,30741
21194,60,,1,,30742
21195,60,,1,,30743
21196,60,,1,,30744
21197,60,,1,,30745
21198,60,,1,,30746
21199,60,,1,,30747
21200,60,,1,,30748
21201,60,,1,,30749
21202,60,,1,,30750
21203,60,,1,,30751
21204,60,,1,,30752
21205,60,,1,,30753
21206,60,,1,,30754
21207,60,,1,,30755
21208,60,,1,,30756
21209,60,,1,,30757
21210,60,,1,,30758
21211,60,,1,,30759
21212,39,3,1,,30760
21213,60,,1,,30761
21214,60,,1,,30762
21215,60,,1,,30763
21216,60,,1,,30764
21217,60,,1,,30765
21218,60,,1,,30766
21219,60,,1,,30767
21220,60,,1,,30768
21221,60,,1,,30769
21222,60,,1,,30770
21223,60,,1,,30771
21224,60,,1,,30772
21225,60,,1,,30773
21226,60,,1,,30774
21227,39,3,1,,30775
21228,60,,1,,30776
21229,39,1,1,,30777
21230,39,1,1,,30778
21231,39,1,1,,30779
21232,39,3,1,,30780
21233,39,3,1,,30781
21234,39,3,1,,30782
21235,39,1,1,,30783
21236,11,,1,,30784
21237,39,1,3,plus 1 domestic dog,30785
21238,39,1,2,,30786
21239,39,1,2,,30787
21240,39,1,2,,30788
21241,39,3,1,,30789
21242,39,1,1,,30790
21243,39,1,1,,30791
21244,39,1,3,,30792
21245,39,1,1,,30793
21246,39,1,1,,30794
21247,60,,1,,30795
21248,60,,1,,30796
21249,60,,1,,30797
21250,60,,1,,30798
21251,60,,1,,30799
21252,60,,1,,30800
21253,60,,1,,30801
21254,60,,1,,30802
21255,60,,1,,30803
21256,60,,1,,30804
21257,60,,1,,30805
21258,60,,1,,30806
21259,60,,1,,30807
21260,60,,1,,30808
21261,60,,1,,30809
21262,60,,1,,30810
21263,60,,1,,30811
21264,60,,1,,30812
21265,60,,1,,30813
21266,60,,1,,30814
21267,60,,1,,30815
21268,60,,1,,30816
21269,60,,1,,30817
21270,60,,1,,30818
21271,60,,1,,30819
21272,60,,1,,30820
21273,60,,1,,30821
21274,60,,1,,30822
21275,60,,1,,30823
21276,60,,1,,30824
21277,60,,1,,30825
21278,60,,1,,30826
21279,60,,1,,30827
21280,60,,1,,30828
21281,60,,1,,30829
21282,60,,1,,30830
21283,60,,1,,30831
21284,60,,1,,30832
21285,60,,1,,30833
21286,60,,1,,30834
21287,60,,1,,30835
21288,60,,1,,30836
21289,60,,1,,30837
21290,60,,1,,30838
21291,60,,1,,30839
21292,60,,1,,30840
21293,60,,1,,30841
21294,60,,1,,30842
21295,60,,1,,30843
21296,60,,1,,30844
21297,60,,1,,30845
21298,60,,1,,30846
21299,60,,1,,30847
21300,60,,1,,30848
21301,60,,1,,30849
21302,60,,1,,30850
21303,60,,1,,30851
21304,60,,1,,30852
21305,60,,1,,30853
21306,60,,1,,30854
21307,60,,1,,30855
21308,39,1,1,,30856
21309,60,,1,,30857
21310,60,,1,,30858
21311,60,,1,,30859
21312,60,,1,,30860
21313,60,,1,,30861
21314,60,,1,,30862
21315,23,5,1,plus 1 person running,30863
21316,60,,1,,30864
21317,60,,1,,30865
21318,60,,1,,30866
21319,39,1,1,,30867
21320,39,1,1,,30868
21321,60,,1,,30869
21322,60,,1,,30870
21323,39,1,1,,30871
21324,39,1,1,,30872
21325,39,1,1,,30873
21326,39,3,1,,30874
21327,39,1,1,,30875
21328,39,3,1,,30876
21329,60,,1,,30877
21330,60,,1,,30878
21331,39,1,1,,30879
21332,39,1,1,,30880
21333,39,1,2,,30881
21334,39,8,1,,30882
21335,39,3,1,,30883
21336,39,3,1,,30884
21337,60,,1,,30885
21338,60,,1,,30886
21339,60,,1,,30887
21340,60,,1,,30888
21341,60,,1,,30889
21342,60,,1,,30890
21343,60,,1,,30891
21344,60,,1,,30892
21345,60,,1,,30893
21346,60,,1,,30894
21347,60,,1,,30895
21348,60,,1,,30896
21349,60,,1,,30897
21350,39,3,1,,30898
21351,60,,1,,30899
21352,60,,1,,30900
21353,60,,1,,30901
21354,60,,1,,30902
21355,60,,1,,30903
21356,60,,1,,30904
21358,60,,1,,30905
21359,60,,1,,30906
21360,60,,1,,30907
21361,39,1,1,,30908
21362,60,,1,,30909
21363,60,,1,,30910
21364,60,,1,,30911
21365,39,1,1,,30912
21366,39,1,1,,30913
21367,39,1,1,,30914
21368,39,1,1,,30915
21369,69,,1,,30916
21370,39,6,1,,30917
21371,11,,1,camera check,30918
21372,69,,1,,30919
21373,39,3,1,,30920
21374,39,1,1,,30921
21375,23,5,1,plus 1 person running,30922
21376,39,1,1,,30923
21377,39,3,3,,30924
21378,39,3,3,,30924
21379,39,3,3,,30925
21380,39,1,2,,30926
21381,39,1,1,,30927
21382,39,1,2,,30928
21383,39,3,1,,30929
21384,39,4,2,,30930
21385,60,,1,,30931
21386,60,,1,,30932
21387,39,4,2,,30933
21388,60,,1,,30934
21389,60,,1,,30935
21390,60,,1,,30936
21391,60,,1,,30937
21392,60,,1,,30938
21393,60,,1,,30939
21394,60,,1,,30940
21395,60,,1,,30941
21396,60,,1,,30942
21397,60,,1,,30943
21398,60,,1,,30944
21399,60,,1,,30945
21400,60,,1,,30946
21401,60,,1,,30947
21402,60,,1,,30948
21403,60,,1,,30949
21404,60,,1,,30950
21405,60,,1,,30951
21406,60,,1,,30952
21407,60,,1,,30953
21408,60,,1,,30954
21409,60,,1,,30955
21410,60,,1,,30956
21411,60,,1,,30957
21412,60,,1,,30958
21413,60,,1,,30959
21414,60,,1,,30960
21415,60,,1,,30961
21416,60,,1,,30962
21417,60,,1,,30963
21418,60,,1,,30964
21419,60,,1,,30965
21420,60,,1,,30966
21421,60,,1,,30967
21422,60,,1,,30968
21423,60,,1,,30969
21424,60,,1,,30970
21425,60,,1,,30971
21426,60,,1,,30972
21427,60,,1,,30973
21428,60,,1,,30974
21429,60,,1,,30975
21430,60,,1,,30976
21431,60,,1,,30977
21432,60,,1,,30978
21433,60,,1,,30979
21434,60,,1,,30980
21435,60,,1,,30981
21436,60,,1,,30982
21437,60,,1,,30983
21438,60,,1,,30984
21439,60,,1,,30985
21440,60,,1,,30986
21441,60,,1,,30987
21442,60,,1,,30988
21443,60,,1,,30989
21444,60,,1,,30990
21445,60,,1,,30991
21446,60,,1,,30992
21447,60,,1,,30993
21448,60,,1,,30994
21449,60,,1,,30995
21450,60,,1,,30996
21451,60,,1,,30997
21452,60,,1,,30998
21453,60,,1,,30999
21454,60,,1,,31000
21455,60,,1,,31001
21456,60,,1,,31002
21457,60,,1,,31003
21458,60,,1,,31004
21459,60,,1,,31005
21460,60,,1,,31006
21461,60,,1,,31007
21462,60,,1,,31008
21463,60,,1,,31009
21464,60,,1,,31010
21465,60,,1,,31011
21466,60,,1,,31012
21467,60,,1,,31013
21468,60,,1,,31014
21469,60,,1,,31015
21470,60,,1,,31016
21471,60,,1,,31017
21472,60,,1,,31018
21473,60,,1,,31019
21474,60,,1,,31020
21475,60,,1,,31021
21476,60,,1,,31022
21477,60,,1,,31023
21478,60,,1,,31024
21479,60,,1,,31025
21480,60,,1,,31026
21481,60,,1,,31027
21482,39,1,2,,31028
21483,39,3,1,,31029
21484,60,,1,,31030
21485,39,1,1,,31031
21486,39,3,1,,31032
21487,39,3,1,,31033
21488,39,3,1,,31034
21489,55,,1,Owl?,31035
21490,55,,1,Owl?,31036
21491,39,3,1,,31037
21492,39,3,1,,31038
21493,39,8,1,,31039
21494,39,8,1,,31040
21495,39,3,1,,31041
21496,39,1,1,,31042
21497,39,1,2,,31043
21498,39,3,1,,31044
21499,39,3,1,,31045
21500,39,1,1,,31046
21501,39,1,1,,31047
21502,39,1,1,,31048
21503,39,1,1,,31049
21504,39,1,1,,31050
21505,60,,1,,31051
21506,39,3,1,,31052
21507,60,,1,,31053
21508,39,1,2,,31054
21509,55,,1,Owl?,31055
21510,60,,1,,31056
21511,60,,1,,31057
21512,60,,1,,31058
21513,60,,1,,31059
21514,60,,1,,31060
21515,69,,1,park staff,31061
21516,69,,1,park staff,31062
21517,60,,1,,31063
21518,60,,1,,31064
21519,60,,1,,31065
21520,60,,1,,31066
21521,60,,1,,31067
21522,69,,1,park staff,31068
21523,69,,1,park staff,31069
21524,39,4,1,,31070
21525,39,1,1,,31071
21526,39,3,1,,31072
21527,39,1,2,,31073
21528,39,1,3,,31074
21529,39,1,1,,31075
21530,69,,1,park staff,31076
21531,69,,1,park staff,31077
21532,39,1,1,,31078
21533,36,,1,,31079
21534,39,3,1,,31080
21535,39,1,1,,31081
21536,60,,1,,31082
21537,60,,1,,31083
21538,39,1,1,,31084
21539,39,1,2,,31085
21540,39,4,1,,31086
21541,39,4,1,,31087
21542,60,,1,,31088
21543,60,,1,,31089
21544,60,,1,,31090
21545,39,8,1,,31091
21546,39,1,2,,31092
21547,39,1,3,,31093
21548,39,1,3,,31093
21549,39,1,1,,31094
21550,39,1,1,,31095
21551,39,1,2,,31096
21552,39,1,1,,31097
21553,39,1,1,,31098
21554,39,1,2,,31099
21555,39,3,1,,31100
21556,39,3,1,,31101
21557,39,1,2,,31102
21558,60,,1,,31103
21559,39,1,1,,31104
21560,69,,1,,31105
21561,69,,1,,31106
21562,39,1,1,,31107
21563,69,,1,,31108
21564,39,3,1,,31109
21565,69,,1,,31110
21566,39,3,1,,31111
21567,36,,1,,31112
21568,69,,1,,31113
21569,69,,1,,31114
21570,23,,1,plus 1 person running,31115
21571,23,7,1,plus 1 person hiking,31116
21572,23,7,1,plus 1 person hiking,31117
21573,39,1,1,,31118
21574,39,3,1,,31119
21575,69,,1,park staff,31120
21576,69,,1,park staff,31121
21577,39,6,2,,31122
21578,39,6,1,,31123
21579,39,6,1,,31124
21580,11,,1,,20586
21581,11,,1,,20587
21582,11,,1,,20629
21583,11,,1,,20630
21584,11,,1,,20631
21585,11,,1,,20864
21586,11,,1,,21180
21587,11,,1,,21190
21588,11,,1,,21224
21589,11,,1,,21225
21590,11,,1,,21226
21591,11,,1,,21227
21592,11,,1,,21228
21593,11,,1,,21229
21594,11,,1,,21230
21595,11,,1,,21231
21596,11,,1,snowing,21232
21597,11,,1,snowing,21233
21598,11,,1,snowing,21234
21599,11,,1,,21235
21600,11,,1,,21236
21601,11,,1,,21237
21602,11,,1,,21238
21603,11,,1,,21239
21604,11,,1,,21240
21605,11,,1,,21241
21606,11,,1,,21242
21607,11,,1,,21243
21608,11,,1,,21244
21609,11,,1,,21245
21610,11,,1,,21246
21611,11,,1,,21247
21612,11,,1,,21248
21613,11,,1,,21249
21614,11,,1,,21250
21615,11,,1,,21251
21616,11,,1,,21252
21617,11,,1,,21253
21618,11,,1,,21254
21619,11,,1,,21255
21620,11,,1,,21256
21621,11,,1,,21257
21622,11,,1,,21258
21623,11,,1,,21259
21624,11,,1,,21260
21625,11,,1,,21261
21626,11,,1,,21262
21627,39,6,1,,21596
21628,11,,1,,21597
21629,11,,1,,21598
21630,11,,1,,21599
21631,11,,1,,21600
21632,11,,1,,21601
21633,11,,1,,21602
21634,11,,1,,21603
21635,11,,1,,21604
21636,11,,1,,21605
21637,11,,1,,21606
21638,36,,1,,21607
21640,67,,1,,21608
21641,11,,1,,21609
21642,11,,1,,21610
21643,39,6,2,,21611
21644,39,1,2,,21612
21645,23,5,1,,21613
21646,39,1,1,,21614
21648,39,1,1,,21615
21649,23,7,1,,21615
21650,23,5,1,,21616
21651,39,1,1,,21617
21652,11,,1,,21618
21653,39,1,1,,21619
21654,39,1,1,,21620
21655,39,1,1,,21621
21656,39,3,1,,21622
21657,39,3,1,,21623
21658,39,1,1,,21624
21659,39,1,1,,21625
21660,78,,1,,20598
21661,78,,1,,17609
21662,78,,1,,17610
21663,78,,1,,17611
21664,78,,1,,17612
21665,78,,1,,17613
21666,78,,1,,17614
21667,78,,1,,20628
21668,11,,1,,21263
21669,11,,1,,21264
21670,11,,1,,21265
21671,11,,1,,21266
21672,11,,1,,21267
21673,11,,1,,21268
21674,11,,1,,21269
21675,11,,1,,21270
21676,11,,1,,21271
21677,11,,1,,21272
21678,11,,1,,21273
21679,11,,1,,21274
21680,11,,1,,21275
21681,11,,1,,21276
21682,11,,1,,21277
21683,11,,1,,21278
21684,11,,1,,21279
21685,11,,1,,21280
21686,11,,1,,21281
21687,11,,1,,21282
21688,11,,1,,21283
21689,11,,1,,21284
21690,11,,1,,21285
21691,11,,1,,21286
21693,11,,1,,21287
21694,11,,1,,21288
21695,11,,1,,21289
21696,11,,1,,21290
21697,11,,1,,21291
21698,11,,1,,21292
21699,11,,1,,21293
21700,11,,1,,21294
21701,11,,1,,21295
21702,11,,1,,21296
21703,11,,1,,21297
21704,11,,1,,21298
21705,11,,1,,21299
21706,11,,1,,21300
21707,11,,1,,21301
21708,11,,1,,21302
21709,11,,1,,21303
21710,11,,1,,21304
21711,11,,1,,21305
21712,11,,1,,21306
21713,11,,1,,21307
21714,11,,1,,21308
21715,11,,1,,21309
21716,11,,1,,21310
21717,11,,1,,21311
21718,11,,1,,21312
21719,11,,1,,21313
21720,11,,1,,21314
21721,11,,1,,21315
21722,11,,1,,21316
21723,11,,1,,21317
21724,11,,1,,21318
21725,11,,1,,21319
21726,11,,1,,21320
21727,11,,1,,21321
21728,11,,1,,21322
21729,11,,1,,21323
21730,11,,1,,21324
21731,11,,1,,21325
21732,11,,1,,21326
21733,11,,1,,21327
21734,11,,1,,21328
21735,11,,1,,21329
21736,11,,1,,21330
21737,11,,1,,21331
21738,11,,1,,21332
21739,11,,1,,21333
21740,11,,1,,21334
21741,11,,1,,21335
21742,11,,1,,21336
21743,11,,1,,21337
21744,11,,1,,21338
21745,11,,1,,21339
21746,11,,1,,21340
21747,11,,1,,21341
21748,11,,1,,21342
21749,11,,1,,21343
21750,11,,1,,21344
21751,11,,1,,21345
21752,11,,1,,21346
21753,11,,1,,21347
21754,11,,1,,21348
21755,11,,1,,21349
21756,11,,1,,21350
21757,11,,1,,21351
21758,11,,1,,21352
21759,11,,1,,21353
21760,11,,1,,21354
21761,11,,1,,21355
21762,11,,1,,21356
21763,11,,1,,21357
21764,11,,1,,21358
21765,11,,1,,21359
21766,11,,1,,21360
21767,11,,1,,21361
21768,11,,1,,21362
21769,11,,1,,21363
21770,11,,1,,21364
21771,11,,1,,21365
21772,11,,1,,21366
21773,11,,1,,21367
21774,11,,1,,21368
21775,11,,1,,21369
21776,11,,1,,21370
21777,11,,1,,21371
21778,11,,1,,21372
21779,11,,1,,21373
21780,11,,1,,21374
21781,11,,1,,21375
21782,11,,1,,21376
21783,11,,1,,21377
21784,11,,1,,21378
21785,11,,1,,21379
21786,11,,1,,21380
21787,11,,1,,21381
21788,11,,1,,21382
21789,11,,1,,21383
21790,11,,1,,21384
21791,11,,1,,21385
21792,11,,1,,21386
21793,11,,1,,21387
21794,11,,1,,21388
21795,11,,1,,21389
21796,11,,1,,21390
21797,11,,1,,21391
21798,11,,1,,21392
21799,11,,1,,21393
21800,11,,1,,21394
21801,11,,1,,21395
21802,11,,1,,21396
21803,11,,1,,21397
21804,11,,1,,21398
21805,11,,1,,21399
21806,11,,1,,21400
21807,11,,1,,21401
21808,11,,1,,21402
21809,11,,1,,21403
21810,11,,1,,21404
21811,11,,1,,21405
21812,11,,1,,21406
21813,11,,1,,21407
21814,11,,1,,21408
21815,11,,1,,21409
21816,11,,1,,21410
21817,11,,1,,21411
21818,11,,1,,21412
21819,11,,1,,21413
21820,11,,1,,21414
21821,11,,1,,21415
21822,11,,1,,21416
21823,11,,1,,21417
21824,11,,1,,21418
21825,11,,1,,21419
21826,11,,1,,21420
21827,11,,1,,21421
21828,11,,1,,21422
21829,11,,1,,21423
21830,11,,1,,21424
21831,11,,1,,21425
21832,11,,1,,21426
21833,11,,1,,21427
21834,11,,1,,21428
21835,11,,1,,21429
21836,11,,1,,21430
21837,11,,1,,21431
21838,11,,1,,21432
21839,11,,1,,21433
21840,11,,1,,21434
21841,11,,1,,21435
21842,11,,1,,21436
21843,11,,1,,21437
21844,11,,1,,21438
21845,11,,1,,21439
21846,11,,1,,21440
21847,11,,1,,21441
21848,11,,1,,21442
21849,11,,1,,21443
21850,11,,1,,21444
21851,11,,1,,21445
21852,11,,1,,21446
21853,11,,1,,21447
21854,11,,1,,21448
21855,11,,1,,21449
21856,11,,1,,21450
21857,11,,1,,21451
21858,11,,1,,21452
21859,11,,1,,21453
21860,11,,1,,21454
21861,11,,1,,21455
21862,11,,1,,21456
21863,11,,1,,21457
21864,11,,1,,21458
21865,11,,1,,21459
21866,11,,1,,21460
21867,11,,1,,21461
21868,11,,1,,21462
21869,11,,1,,21463
21870,11,,1,,21464
21871,11,,1,,21465
21872,11,,1,,21466
21873,11,,1,,21467
21874,11,,1,,21468
21875,11,,1,,21469
21876,11,,1,,21470
21877,11,,1,,21471
21878,11,,1,,21472
21879,11,,1,,21473
21880,11,,1,,21474
21881,11,,1,,21475
21882,11,,1,,21476
21883,11,,1,,21477
21884,11,,1,,21478
21885,11,,1,,21479
21886,11,,1,,21480
21887,11,,1,,21481
21888,11,,1,,21482
21889,11,,1,,21483
21890,11,,1,,21484
21891,11,,1,,21485
21892,11,,1,,21486
21893,11,,1,,21487
21894,11,,1,,21488
21895,11,,1,,21489
21896,11,,1,,21490
21897,11,,1,,21491
21898,11,,1,,21492
21899,11,,1,,21493
21900,11,,1,,21494
21901,11,,1,,21495
21902,11,,1,,21496
21903,11,,1,,21497
21904,11,,1,,21498
21905,11,,1,,21499
21906,11,,1,,21500
21907,11,,1,,21501
21908,11,,1,,21502
21909,11,,1,,21503
21910,11,,1,,21504
21911,11,,1,,21505
21912,11,,1,,21506
21913,11,,1,,21507
21914,11,,1,,21508
21915,11,,1,,21509
21916,11,,1,,21510
21917,11,,1,,21511
21918,11,,1,,21512
21919,11,,1,,21513
21920,11,,1,,21515
21921,11,,1,,21516
21922,11,,1,,21517
21923,11,,1,,21518
21924,11,,1,,21519
21925,11,,1,,21520
21926,11,,1,,21521
21927,11,,1,,21522
21928,11,,1,,21523
21929,11,,1,,21524
21930,11,,1,,21525
21931,11,,1,,21526
21932,11,,1,,21527
21933,11,,1,,21528
21934,11,,1,,21529
21935,11,,1,,21530
21936,11,,1,,21531
21937,11,,1,,21532
21938,11,,1,,21533
21939,11,,1,,21534
21940,11,,1,,21535
21941,11,,1,,21536
21942,11,,1,,21537
21943,11,,1,,21538
21944,11,,1,,21539
21945,11,,1,,21540
21946,11,,1,,21541
21947,11,,1,,21542
21948,11,,1,,21543
21949,11,,1,,21544
21950,11,,1,,21545
21951,11,,1,,21546
21952,11,,1,,21547
21953,11,,1,,21548
21954,11,,1,,21549
21956,11,,1,,21550
21957,11,,1,,21551
21958,11,,1,,21552
21959,11,,1,,21553
21960,11,,1,,21554
21961,11,,1,,21555
21962,11,,1,,21556
21963,11,,1,,21557
21964,11,,1,,21558
21965,11,,1,,21559
21966,11,,1,,21560
21967,11,,1,,21561
21968,11,,1,,21562
21969,11,,1,,21563
21970,11,,1,,21564
21971,11,,1,,21565
21972,11,,1,,21566
21973,11,,1,,21567
21974,11,,1,,21568
21975,11,,1,,21569
21976,11,,1,,21570
21977,11,,1,,21571
21978,11,,1,,21572
21979,11,,1,,21573
21980,11,,1,,21574
21981,11,,1,,21575
21982,11,,1,,21576
21983,11,,1,,21577
21984,11,,1,,21578
21985,11,,1,,21579
21986,11,,1,,21580
21987,11,,1,,21581
21988,11,,1,,21582
21989,11,,1,,21583
21990,11,,1,,21584
21991,11,,1,,21585
21992,11,,1,,21586
21993,11,,1,,21587
21994,11,,1,,21588
21995,11,,1,,21589
21996,11,,1,,21590
21997,11,,1,,21591
21998,11,,1,,21592
21999,11,,1,,21593
22000,11,,1,,21594
22001,39,6,1,,21595
22002,11,,1,,25883
22003,11,,1,,25884
22004,11,,1,,25885
22005,11,,1,,25886
22006,11,,1,,25887
22007,11,,1,,25888
22008,11,,1,,25889
22009,11,,1,,25890
22010,11,,1,,25891
22011,3,,1,,25892
22012,3,,1,,25893
22013,3,,1,,25894
22014,78,,1,,25895
22015,11,,1,,25896
22016,11,,1,,25897
22017,11,,1,,25898
22018,11,,1,,25899
22019,11,,1,,25900
22020,11,,1,,25901
22021,11,,1,,25902
22022,11,,1,,25903
22023,11,,1,,25904
22024,11,,1,,25905
22025,11,,1,,25906
22026,11,,1,,25907
22027,11,,1,,25908
22028,11,,1,,25909
22029,11,,1,,25910
22030,11,,1,,25911
22031,11,,1,,25912
22032,11,,1,,25913
22033,11,,1,,25914
22034,11,,1,,25915
22035,11,,1,,25916
22036,11,,1,,25917
22037,11,,1,,25918
22038,11,,1,,25919
22039,11,,1,,25920
22040,11,,1,,25921
22041,11,,1,,25922
22042,11,,1,,25923
22043,11,,1,,25924
22044,11,,1,,25925
22045,11,,1,,25926
22046,11,,1,,25927
22047,11,,1,,25928
22048,11,,1,,25929
22049,11,,1,,25930
22050,36,,2,,25931
22051,36,,2,,25932
22052,36,,1,,25933
22053,36,,2,,25934
22054,36,,2,,25935
22055,11,,1,,25936
22056,36,,1,,25937
22057,36,,1,,25938
22058,36,,1,,25939
22059,36,,2,,25940
22060,36,,2,,25941
22061,36,,1,,25942
22062,36,,1,,25943
22063,36,,1,,25944
22064,36,,1,,25945
22065,36,,1,,25946
22066,36,,1,,25947
22067,36,,1,,25948
22068,11,,1,,25949
22069,11,,1,,25950
22070,11,,1,,25951
22071,36,,1,,25952
22072,36,,1,,25953
22073,36,,1,,25954
22074,39,6,1,,25955
22075,39,6,1,,25956
22076,39,6,1,,25957
22077,39,6,1,,25958
22078,39,6,1,,25959
22079,39,6,1,,25960
22080,11,,1,,25961
22081,39,6,1,,25962
22082,39,6,1,,25963
22083,13,,1,,25964
22084,13,,1,,25965
22085,13,,1,,25966
22086,43,,1,,25967
22087,43,,1,,25968
22088,43,,1,,25969
22089,11,,1,,25970
22090,11,,1,,25971
22091,11,,1,,25972
22092,11,,1,,25973
22093,11,,1,,25974
22094,11,,1,,25975
22095,11,,1,,25976
22096,11,,1,,25977
22097,11,,1,,25978
22098,11,,1,,25979
22099,11,,1,,25980
22100,11,,1,,25981
22101,11,,1,,25982
22102,11,,1,,25983
22103,11,,1,,25984
22104,11,,1,,25985
22105,11,,1,,25986
22106,11,,1,,25987
22107,11,,1,,25988
22108,11,,1,,25989
22109,11,,1,,25990
22110,11,,1,,25991
22111,11,,1,,25992
22112,11,,1,,25993
22113,11,,1,,25994
22114,11,,1,,25995
22115,11,,1,,25996
22116,11,,1,,25997
22117,11,,1,,25998
22118,11,,1,,25999
22119,11,,1,,26000
22120,11,,1,,26001
22121,11,,1,,26002
22122,11,,1,,26003
22123,11,,1,,26004
22124,11,,1,,26005
22125,36,,1,,26006
22126,36,,1,,26007
22127,11,,1,,26008
22128,11,,1,,26009
22129,11,,1,,26010
22130,11,,1,,26011
22131,11,,1,,26012
22132,11,,1,,26013
22133,11,,1,,26014
22134,11,,1,,26015
22135,11,,1,,26016
22136,11,,1,,26017
22137,11,,1,,26018
22138,11,,1,,26019
22139,11,,1,,26020
22140,11,,1,,26021
22141,11,,1,,26022
22142,11,,1,,26023
22143,11,,1,,26024
22144,11,,1,,26025
22145,11,,1,,26026
22146,11,,1,,26027
22147,11,,1,,26028
22148,11,,1,,26029
22149,39,6,1,,26030
22150,39,6,1,,26031
22151,39,6,1,,26032
22152,39,6,1,,26033
22153,39,6,1,,26034
22154,39,6,1,,26035
22155,39,6,1,,26036
22156,39,6,1,,26037
22157,39,6,1,,26038
22158,39,6,1,,26039
22159,39,6,1,,26040
22160,39,6,1,,26041
22161,39,6,1,,26042
22162,11,,1,,26043
22163,11,,1,,26044
22164,39,6,1,,26045
22165,11,,1,,26046
22166,39,6,1,,26047
22167,11,,1,,26048
22168,11,,1,,26049
22169,11,,1,,26050
22170,11,,1,,26051
22171,11,,1,,26052
22172,36,,1,,26053
22173,36,,1,,26054
22174,36,,1,,26055
22175,36,,1,,26056
22176,36,,1,,26057
22177,36,,1,,26058
22178,36,,1,,26059
22179,11,,1,,26060
22180,11,,1,,26061
22181,11,,1,,26062
22182,11,,1,,26063
22183,11,,1,,26064
22184,11,,1,,26065
22185,11,,1,,26066
22186,11,,1,,26067
22187,36,,1,,26068
22188,11,,1,,26069
22189,11,,1,,26070
22190,11,,1,,26071
22191,36,,1,,26072
22192,36,,1,,26073
22193,36,,1,,26074
22194,11,,1,,26075
22195,11,,1,,26076
22196,11,,1,,26077
22197,36,,1,,26078
22198,36,,1,,26079
22199,36,,1,,26080
22200,36,,1,,26081
22201,11,,1,,26082
22202,11,,1,,26083
22203,36,,1,,26084
22204,36,,1,,26085
22205,36,,1,,26086
22206,11,,1,,26087
22207,11,,1,,26088
22208,11,,1,,26089
22209,36,,1,,26090
22210,11,,1,,26091
22211,11,,1,,26092
22212,11,,1,,26093
22213,11,,1,,26094
22214,11,,1,,26095
22215,11,,1,,26096
22216,43,,1,,26097
22217,43,,1,,26098
22218,50,,1,,26099
22219,50,,1,,26100
22220,50,,1,,26101
22221,11,,1,,26102
22222,11,,1,,26103
22223,11,,1,,26104
22224,11,,1,,26105
22225,11,,1,,26106
22226,11,,1,,26107
22227,11,,1,,26108
22228,11,,1,,26109
22229,11,,1,,26110
22230,11,,1,,26111
22231,11,,1,,26112
22232,11,,1,,26113
22233,11,,1,,26114
22234,11,,1,,26115
22235,11,,1,,26116
22236,11,,1,,26117
22237,11,,1,,26118
22238,11,,1,,26119
22239,11,,1,,26120
22240,11,,1,,26121
22241,11,,1,,26122
22242,11,,1,,26123
22243,11,,1,,26124
22244,11,,1,,26125
22245,11,,1,,26126
22246,11,,1,,26127
22247,11,,1,,26128
22248,11,,1,,26129
22249,11,,1,,26130
22250,11,,1,,26131
22251,11,,1,,26132
22252,11,,1,,26133
22253,11,,1,,26134
22254,11,,1,,26135
22255,11,,1,,26136
22256,11,,1,,26137
22257,11,,1,,26138
22258,11,,1,,26139
22259,11,,1,,26140
22260,11,,1,,26141
22261,11,,1,,26142
22262,11,,1,,26143
22263,11,,1,,26144
22264,11,,1,,26145
22265,11,,1,,26146
22266,11,,1,,26147
22267,11,,1,,26148
22268,11,,1,,26149
22269,11,,1,,26150
22270,11,,1,,26151
22271,11,,1,,26152
22272,11,,1,,26153
22273,11,,1,,26154
22274,11,,1,,26155
22275,11,,1,,26156
22276,11,,1,,26157
22277,11,,1,,26158
22278,11,,1,,26159
22279,11,,1,,26160
22280,11,,1,,26161
22281,11,,1,,26162
22282,11,,1,,26163
22283,11,,1,,26164
22284,11,,1,,26165
22285,11,,1,,26166
22286,11,,1,,26167
22287,11,,1,,26168
22288,11,,1,,26169
22289,11,,1,,26170
22290,11,,1,,26171
22291,11,,1,,26172
22292,11,,1,,26173
22293,11,,1,,26174
22294,11,,1,,26175
22295,11,,1,,26176
22296,11,,1,,26177
22297,11,,1,,26178
22298,11,,1,,26179
22299,11,,1,,26180
22300,11,,1,,26181
22301,11,,1,,26182
22302,11,,1,,26183
22303,11,,1,,26184
22304,11,,1,,26185
22305,11,,1,,26186
22306,11,,1,,26187
22307,11,,1,,26188
22308,11,,1,,26189
22309,11,,1,,26190
22310,11,,1,,26191
22311,11,,1,,26192
22312,11,,1,,26193
22313,11,,1,,26194
22314,11,,1,,26195
22315,11,,1,,26196
22316,11,,1,,26197
22317,11,,1,,26198
22318,11,,1,,26199
22319,11,,1,,26200
22320,11,,1,,26201
22321,11,,1,,26202
22322,11,,1,,26203
22323,11,,1,,26204
22324,11,,1,,26205
22325,11,,1,,26206
22326,11,,1,,26207
22327,11,,1,,26208
22328,11,,1,,26209
22329,11,,1,,26210
22330,11,,1,,26211
22331,11,,1,,26212
22332,11,,1,,26213
22333,11,,1,,26214
22334,11,,1,,26215
22335,11,,1,,26216
22336,11,,1,,26217
22337,11,,1,,26218
22338,11,,1,,26219
22339,11,,1,,26220
22340,11,,1,,26221
22341,11,,1,,26222
22342,11,,1,,26223
22343,11,,1,,26224
22344,11,,1,,26225
22345,11,,1,,26226
22346,11,,1,,26227
22347,11,,1,,26228
22348,11,,1,,26229
22349,11,,1,,26230
22350,11,,1,,26231
22351,11,,1,,26232
22352,11,,1,,26233
22353,11,,1,,26234
22354,11,,1,,26235
22355,11,,1,,26236
22356,11,,1,,26237
22357,11,,1,,26238
22358,11,,1,,26239
22359,11,,1,,26240
22360,11,,1,,26241
22361,11,,1,,26242
22362,11,,1,,26243
22363,11,,1,,26244
22364,11,,1,,26245
22365,11,,1,,26246
22366,11,,1,,26247
22367,11,,1,,26248
22368,11,,1,,26249
22369,11,,1,,26250
22370,11,,1,,26251
22371,11,,1,,26252
22372,11,,1,,26253
22373,11,,1,,26254
22374,11,,1,,26255
22375,11,,1,,26256
22376,11,,1,,26257
22377,11,,1,,26258
22378,11,,1,,26259
22379,11,,1,,26260
22380,11,,1,,26261
22381,11,,1,,26262
22382,11,,1,,26263
22383,11,,1,,26264
22384,11,,1,,26265
22385,11,,1,,26266
22386,11,,1,,26267
22387,11,,1,,26268
22388,11,,1,,26269
22389,11,,1,,26270
22390,11,,1,,26271
22391,11,,1,,26272
22392,11,,1,,26273
22393,11,,1,,26274
22394,11,,1,,26275
22395,11,,1,,26276
22396,11,,1,,26277
22397,11,,1,,26278
22398,11,,1,,26279
22399,11,,1,,26280
22400,11,,1,,26281
22401,11,,1,,26282
22402,11,,1,,26283
22403,11,,1,,26284
22404,11,,1,,26285
22405,11,,1,,26286
22406,11,,1,,26287
22407,11,,1,,26288
22408,11,,1,,26289
22409,11,,1,,26290
22410,11,,1,,26291
22411,11,,1,,26292
22412,11,,1,,26293
22413,11,,1,,26294
22414,11,,1,,26295
22415,11,,1,,26296
22416,11,,1,,26297
22417,11,,1,,26298
22418,11,,1,,26299
22419,11,,1,,26300
22420,11,,1,,26301
22421,11,,1,,26302
22422,11,,1,,26303
22423,11,,1,,26304
22424,11,,1,,26305
22425,11,,1,,26306
22426,11,,1,,26307
22427,11,,1,,26308
22428,11,,1,,26309
22429,11,,1,,26310
22430,11,,1,,26311
22431,11,,1,,26312
22432,11,,1,,26313
22433,11,,1,,26314
22434,11,,1,,26315
22435,11,,1,,26316
22436,11,,1,,26317
22437,11,,1,,26318
22438,11,,1,,26319
22439,11,,1,,26320
22440,11,,1,,26321
22441,11,,1,,26322
22442,11,,1,,26323
22443,11,,1,,26324
22444,11,,1,,26325
22445,11,,1,,26326
22446,11,,1,,26327
22447,11,,1,,26328
22448,11,,1,,26329
22449,11,,1,,26330
22450,11,,1,,26331
22451,11,,1,,26332
22452,11,,1,,26333
22453,11,,1,,26334
22454,11,,1,,26335
22455,11,,1,,26336
22456,11,,1,,26337
22457,11,,1,,26338
22458,11,,1,,26339
22459,11,,1,,26340
22460,11,,1,,26341
22461,11,,1,,26342
22462,11,,1,,26343
22463,11,,1,,26344
22464,11,,1,,26345
22465,11,,1,,26346
22466,11,,1,,26347
22467,11,,1,,26348
22468,11,,1,,26349
22469,11,,1,,26350
22470,11,,1,,26351
22471,11,,1,,26352
22472,11,,1,,26353
22473,11,,1,,26354
22474,11,,1,,26355
22475,11,,1,,26356
22476,11,,1,,26357
22477,11,,1,,26358
22478,11,,1,,26359
22479,11,,1,,26360
22480,11,,1,,26361
22481,11,,1,,26362
22482,11,,1,,26363
22483,11,,1,,26364
22484,11,,1,,26365
22485,11,,1,,26366
22486,11,,1,,26367
22487,11,,1,,26368
22488,11,,1,,26369
22489,11,,1,,26370
22490,11,,1,,26371
22491,11,,1,,26372
22492,11,,1,,26373
22493,11,,1,,26374
22494,11,,1,,26375
22495,11,,1,,26376
22496,11,,1,,26377
22497,11,,1,,26378
22498,11,,1,,26379
22499,11,,1,,26380
22500,11,,1,,26381
22501,11,,1,,26382
22502,11,,1,,26383
22503,11,,1,,26384
22504,11,,1,,26385
22505,11,,1,,26386
22506,11,,1,,26387
22507,11,,1,,26388
22508,11,,1,,26389
22509,11,,1,,26390
22510,11,,1,,26391
22511,11,,1,,26392
22512,11,,1,,26393
22513,11,,1,,26394
22514,11,,1,,26395
22515,11,,1,,26396
22516,11,,1,,26397
22517,11,,1,,26398
22518,11,,1,,26399
22519,11,,1,,26400
22520,11,,1,,26401
22521,11,,1,,26402
22522,11,,1,,26403
22523,11,,1,,26404
22524,11,,1,,26405
22525,11,,1,,26406
22526,11,,1,,26407
22527,11,,1,,26408
22528,11,,1,,26409
22529,11,,1,,26410
22530,11,,1,,26411
22531,11,,1,,26412
22532,11,,1,,26413
22533,11,,1,,26414
22534,11,,1,,26415
22535,11,,1,,26416
22536,11,,1,,26417
22537,11,,1,,26418
22538,11,,1,,26419
22539,11,,1,,26420
22540,11,,1,,26421
22541,11,,1,,26422
22542,11,,1,,26423
22543,11,,1,,26424
22544,11,,1,,26425
22545,11,,1,,26426
22546,11,,1,,26427
22547,11,,1,,26428
22548,11,,1,,26429
22549,11,,1,,26430
22550,11,,1,,26431
22551,11,,1,,26432
22552,11,,1,,26433
22553,11,,1,,26434
22554,11,,1,,26435
22555,11,,1,,26436
22556,11,,1,,26437
22557,11,,1,,26438
22558,11,,1,,26439
22559,11,,1,,26440
22560,11,,1,,26441
22561,11,,1,,26442
22562,11,,1,,26443
22563,11,,1,,26444
22564,11,,1,,26445
22565,11,,1,,26446
22566,11,,1,,26447
22567,11,,1,,26448
22568,11,,1,,26449
22569,11,,1,,26450
22570,11,,1,,26451
22571,11,,1,,26452
22572,11,,1,,26453
22573,11,,1,,26454
22574,11,,1,,26455
22575,11,,1,,26456
22576,11,,1,,26457
22577,11,,1,,26458
22578,11,,1,,26459
22579,11,,1,,26460
22580,11,,1,,26461
22581,11,,1,,26462
22582,11,,1,,26463
22583,11,,1,,26464
22584,11,,1,,26465
22585,11,,1,,26466
22586,11,,1,,26467
22587,11,,1,,26468
22588,11,,1,,26469
22589,11,,1,,26470
22590,11,,1,,26471
22591,11,,1,,26472
22592,11,,1,,26473
22593,11,,1,,26474
22594,11,,1,,26475
22595,11,,1,,26476
22596,11,,1,,26477
22597,11,,1,,26478
22598,11,,1,,26479
22599,11,,1,,26480
22600,11,,1,,26481
22601,11,,1,,26482
22602,11,,1,,26483
22603,11,,1,,26484
22604,11,,1,,26485
22605,11,,1,,26486
22606,11,,1,,26487
22607,11,,1,,26488
22608,11,,1,,26489
22609,11,,1,,26490
22610,11,,1,,26491
22611,11,,1,,26492
22612,11,,1,,26493
22613,11,,1,,26494
22614,11,,1,,26494
22615,11,,1,,26495
22616,11,,1,,26496
22617,11,,1,,26497
22618,11,,1,,26498
22619,11,,1,,26499
22620,11,,1,,26500
22621,11,,1,,26501
22622,11,,1,,26502
22623,11,,1,,26503
22624,11,,1,,26504
22625,11,,1,,26505
22626,11,,1,,26506
22627,11,,1,,26507
22628,11,,1,,26508
22629,11,,1,,26509
22630,11,,1,,26510
22631,11,,1,,26511
22632,11,,1,,26512
22633,11,,1,,26513
22634,11,,1,,26514
22635,11,,1,,26515
22636,11,,1,,26516
22637,11,,1,,26517
22638,11,,1,,26518
22639,11,,1,,26519
22640,11,,1,,26520
22641,11,,1,,26521
22642,11,,1,,26522
22643,11,,1,,26523
22644,11,,1,,26524
22645,11,,1,,26525
22646,11,,1,,26526
22647,11,,1,,26527
22648,11,,1,,26528
22649,11,,1,,26529
22650,11,,1,,26530
22651,11,,1,,26531
22652,11,,1,,26532
22653,11,,1,,26533
22654,11,,1,,26534
22655,11,,1,,26535
22656,11,,1,,26536
22657,11,,1,,26537
22658,11,,1,,26538
22659,11,,1,,26539
22660,11,,1,,26540
22661,11,,1,,26541
22662,11,,1,,26542
22663,11,,1,,26543
22664,11,,1,,26544
22665,11,,1,,26545
22666,11,,1,,26546
22667,11,,1,,26547
22668,11,,1,,26548
22669,11,,1,,26549
22671,11,,1,,26550
22672,11,,1,,26551
22673,11,,1,,26552
22674,11,,1,,26553
22675,11,,1,,26554
22676,11,,1,,26555
22677,11,,1,,26556
22678,11,,1,,26557
22679,11,,1,,26558
22680,11,,1,,26559
22681,11,,1,,26560
22682,11,,1,,26561
22683,11,,1,,26562
22684,11,,1,,26563
22685,11,,1,,26564
22686,11,,1,,26565
22687,11,,1,,26566
22688,11,,1,,26567
22689,11,,1,,26568
22690,11,,1,,26569
22691,11,,1,,26570
22692,11,,1,,26571
22693,11,,1,,26572
22694,11,,1,,26573
22695,11,,1,,26574
22696,11,,1,,26575
22697,11,,1,,26576
22698,11,,1,,26577
22699,11,,1,,26578
22700,11,,1,,26579
22701,11,,1,,26580
22702,11,,1,,26581
22703,11,,1,,26582
22704,11,,1,,26583
22705,11,,1,,26584
22706,11,,1,,26585
22707,11,,1,,26586
22708,11,,1,,26587
22709,11,,1,,26588
22710,11,,1,,26589
22711,11,,1,,26590
22712,11,,1,,26591
22713,11,,1,,26592
22714,11,,1,,26593
22715,11,,1,,26594
22716,11,,1,,26595
22717,11,,1,,26596
22718,11,,1,,26597
22719,11,,1,,26598
22721,11,,1,,26599
22722,11,,1,,26600
22723,11,,1,,26601
22724,11,,1,,26602
22725,11,,1,,26603
22726,11,,1,,26604
22727,11,,1,,26605
22728,11,,1,,26606
22729,11,,1,,26607
22730,11,,1,,26608
22731,11,,1,,26609
22732,11,,1,,26610
22733,11,,1,,26611
22734,11,,1,,26612
22735,11,,1,,26613
22736,11,,1,,26614
22737,11,,1,,26615
22738,11,,1,,26616
22739,11,,1,,26617
22740,11,,1,,26618
22741,11,,1,,26619
22742,11,,1,,26620
22743,11,,1,,26621
22744,11,,1,,26622
22745,11,,1,,26623
22746,11,,1,,26624
22747,11,,1,,26625
22748,11,,1,,26626
22749,11,,1,,26627
22750,11,,1,,26628
22751,11,,1,,26629
22752,11,,1,,26630
22753,11,,1,,26631
22754,11,,1,,26632
22755,11,,1,,26633
22756,11,,1,,26634
22757,11,,1,,26635
22758,11,,1,,26636
22759,11,,1,,26637
22760,11,,1,,26638
22762,11,,1,,26639
22763,11,,1,,26640
22764,11,,1,,26641
22765,11,,1,,26642
22766,11,,1,,26643
22767,11,,1,,26644
22768,11,,1,,26645
22769,11,,1,,26646
22770,11,,1,,26647
22771,11,,1,,26648
22772,11,,1,,26649
22773,11,,1,,26650
22774,11,,1,,26651
22775,11,,1,,26652
22776,11,,1,,26653
22777,11,,1,,26654
22778,11,,1,,26655
22779,11,,1,,26656
22780,11,,1,,26657
22781,11,,1,,26658
22782,11,,1,,26659
22783,11,,1,,26660
22784,11,,1,,26661
22785,11,,1,,26662
22786,11,,1,,26663
22787,11,,1,,26664
22788,11,,1,,26665
22789,11,,1,,26666
22790,11,,1,,26667
22791,11,,1,,26668
22792,11,,1,,26669
22793,11,,1,,26670
22794,11,,1,,26671
22795,11,,1,,26672
22796,11,,1,,26673
22797,11,,1,,26674
22798,11,,1,,26675
22799,11,,1,,26676
22800,11,,1,,26677
22801,11,,1,,26678
22802,11,,1,,26679
22803,11,,1,,26680
22804,11,,1,,26681
22805,11,,1,,26682
22806,11,,1,,26683
22808,11,,1,,26684
22809,11,,1,,26685
22810,11,,1,,26686
22811,11,,1,,26687
22812,11,,1,,26688
22813,11,,1,,26689
22814,11,,1,,26690
22815,11,,1,,26691
22816,11,,1,,26692
22817,11,,1,,26693
22818,11,,1,,26694
22819,11,,1,,26695
22820,11,,1,,26696
22821,11,,1,,26697
22822,11,,1,,26698
22823,11,,1,,26699
22824,11,,1,,26700
22825,11,,1,,26701
22826,11,,1,,26702
22827,11,,1,,26703
22828,11,,1,,26704
22829,11,,1,,26705
22830,11,,1,,26706
22831,11,,1,,26707
22832,11,,1,,26708
22833,11,,1,,26709
22834,11,,1,,26710
22835,11,,1,,26711
22836,11,,1,,26712
22837,11,,1,,26713
22838,11,,1,,26714
22839,11,,1,,26715
22840,11,,1,,26716
22841,11,,1,,26717
22842,11,,1,,26718
22843,11,,1,,26719
22844,11,,1,,26720
22845,11,,1,,26721
22846,11,,1,,26722
22847,11,,1,,26723
22848,11,,1,,26724
22849,11,,1,,26725
22850,11,,1,,26726
22851,11,,1,,26727
22852,11,,1,,26728
22853,11,,1,,26729
22854,11,,1,,26730
22855,11,,1,,26731
22856,11,,1,,26732
22857,11,,1,,26733
22858,11,,1,,26734
22859,11,,1,,26735
22860,11,,1,,26736
22861,11,,1,,26737
22862,11,,1,,26738
22863,11,,1,,26739
22864,11,,1,,26740
22865,11,,1,,26741
22866,11,,1,,26742
22867,11,,1,,26743
22868,11,,1,,26744
22869,11,,1,,26745
22870,11,,1,,26746
22871,11,,1,,26747
22872,11,,1,,26748
22873,11,,1,,26749
22874,11,,1,,26750
22875,11,,1,,26751
22876,11,,1,,26752
22878,11,,1,,26753
22879,11,,1,,26754
22880,11,,1,,26755
22881,11,,1,,26756
22882,11,,1,,26757
22883,11,,1,,26758
22884,11,,1,,26759
22885,11,,1,,26760
22886,11,,1,,26761
22887,11,,1,,26762
22888,11,,1,,26763
22889,11,,1,,26764
22890,11,,1,,26765
22891,11,,1,,26766
22892,11,,1,,26767
22893,11,,1,,26768
22894,11,,1,,26769
22895,11,,1,,26770
22896,11,,1,,26771
22897,11,,1,,26772
22898,11,,1,,26773
22899,11,,1,,26774
22900,11,,1,,26775
22901,11,,1,,26776
22902,11,,1,,26777
22903,11,,1,,26778
22904,11,,1,,26779
22905,11,,1,,26780
22906,11,,1,,26781
22907,11,,1,,26782
22908,11,,1,,26783
22909,11,,1,,26784
22910,11,,1,,26785
22911,11,,1,,26786
22912,11,,1,,26787
22913,11,,1,,26788
22914,11,,1,,26789
22915,11,,1,,26790
22917,11,,1,,26791
22918,11,,1,,26792
22919,11,,1,,26793
22920,11,,1,,26794
22921,11,,1,,26795
22922,11,,1,,26796
22923,11,,1,,26797
22924,11,,1,,26798
22925,11,,1,,26799
22926,11,,1,,26800
22927,11,,1,,26801
22928,11,,1,,26802
22929,11,,1,,26803
22930,11,,1,,26804
22931,11,,1,,26805
22932,11,,1,,26806
22933,11,,1,,26807
22934,11,,1,,26808
22935,11,,1,,26809
22936,11,,1,,26810
22937,11,,1,,26811
22938,11,,1,,26812
22939,11,,1,,26813
22940,11,,1,,26814
22941,11,,1,,26815
22942,11,,1,,26816
22943,11,,1,,26817
22944,11,,1,,26818
22945,11,,1,,26819
22946,11,,1,,26820
22947,11,,1,,26821
22948,11,,1,,26822
22949,11,,1,,26823
22950,11,,1,,26824
22951,11,,1,,26825
22952,11,,1,,26826
22953,11,,1,,26827
22954,11,,1,,26828
22955,11,,1,,26829
22956,11,,1,,26830
22957,11,,1,,26831
22958,11,,1,,26832
22959,11,,1,,26833
22960,11,,1,,26834
22961,11,,1,,26835
22962,11,,1,,26836
22963,11,,1,,26837
22964,11,,1,,26838
22965,11,,1,,26839
22966,11,,1,,26840
22967,11,,1,,26841
22968,11,,1,,26842
22969,11,,1,,26843
22970,11,,1,,26844
22971,11,,1,,26845
22972,11,,1,,26846
22973,11,,1,,26847
22974,11,,1,,26848
22975,11,,1,,26849
22976,11,,1,,26850
22977,11,,1,,26851
22978,11,,1,,26852
22979,11,,1,,26853
22980,11,,1,,26854
22981,11,,1,,26855
22982,11,,1,,26856
22983,11,,1,,26857
22984,11,,1,,26858
22985,11,,1,,26859
22986,11,,1,,26860
22987,11,,1,,26861
22988,11,,1,,26862
22989,11,,1,,26863
22990,11,,1,,26864
22991,11,,1,,26865
22992,11,,1,,26866
22993,11,,1,,26867
22994,11,,1,,26868
22995,11,,1,,26869
22996,11,,1,,26870
22997,11,,1,,26871
22998,11,,1,,26872
22999,11,,1,,26873
23000,11,,1,,26874
23001,11,,1,,26875
23002,11,,1,,26876
23003,11,,1,,26877
23004,11,,1,,26878
23005,11,,1,,26879
23006,11,,1,,26880
23007,11,,1,,26881
23008,11,,1,,26882
23009,11,,1,,26883
23010,11,,1,,26884
23011,11,,1,,26885
23012,11,,1,,26886
23013,11,,1,,26887
23014,11,,1,,26888
23015,11,,1,,26889
23016,11,,1,,26890
23017,11,,1,,26891
23018,11,,1,,26892
23019,11,,1,,26893
23020,11,,1,,26894
23021,11,,1,,26895
23022,11,,1,,26896
23023,11,,1,,26897
23024,11,,1,,26898
23025,11,,1,,26899
23026,11,,1,,26900
23027,11,,1,,26901
23028,11,,1,,26902
23029,11,,1,,26903
23030,11,,1,,26904
23031,11,,1,,26905
23032,11,,1,,26906
23033,11,,1,,26907
23034,11,,1,,26908
23035,11,,1,,26909
23036,11,,1,,26910
23037,11,,1,,26911
23038,11,,1,,26912
23039,11,,1,,26913
23040,11,,1,,26914
23041,11,,1,,26915
23042,11,,1,,26916
23043,11,,1,,26917
23044,11,,1,,26918
23045,11,,1,,26919
23046,11,,1,,26920
23047,11,,1,,26921
23048,11,,1,,26922
23049,11,,1,,26923
23050,11,,1,,26924
23051,11,,1,,26925
23052,11,,1,,26926
23053,11,,1,,26927
23054,11,,1,,26928
23055,11,,1,,26929
23056,11,,1,,26930
23057,11,,1,,26931
23058,11,,1,,26932
23059,11,,1,,26933
23060,11,,1,,26934
23061,11,,1,,26935
23062,11,,1,,26936
23063,11,,1,,26937
23064,11,,1,,26938
23065,11,,1,,26939
23066,11,,1,,26940
23067,11,,1,,26941
23068,11,,1,,26942
23069,11,,1,,26943
23070,11,,1,,26944
23071,11,,1,,26945
23072,11,,1,,26946
23073,11,,1,,26947
23074,11,,1,,26948
23075,11,,1,,26949
23076,11,,1,,26950
23077,11,,1,,26951
23078,11,,1,,26952
23079,11,,1,,26953
23080,11,,1,,26954
23081,11,,1,,26955
23082,11,,1,,26956
23083,11,,1,,26957
23084,11,,1,,26958
23085,11,,1,,26959
23086,11,,1,,26960
23087,11,,1,,26961
23088,11,,1,,26962
23089,11,,1,,26963
23090,11,,1,,26964
23091,11,,1,,26965
23092,11,,1,,26966
23093,11,,1,,26967
23094,11,,1,,26968
23095,11,,1,,26969
23096,39,6,1,,26970
23097,11,,1,,21514
23098,39,3,1,,21626
23099,39,1,1,,21627
23100,39,3,1,,21628
23101,39,1,1,,21629
23102,36,,1,,21630
23103,39,3,1,,21631
23104,39,1,2,,21632
23105,39,1,1,,21633
23106,39,1,1,,21634
23107,39,1,1,,21635
23108,39,3,1,,21636
23109,23,5,1,,21636
23110,39,3,1,,21637
23111,23,7,1,,21637
23112,39,3,1,,21638
23113,39,3,1,,21639
23114,39,3,1,,21640
23115,39,3,1,,21641
23116,39,1,1,,21642
23117,39,3,1,,21643
23118,36,,1,,21644
23119,36,,1,,21645
23120,11,,1,,21646
23122,39,1,1,,21647
23123,23,7,2,,21648
23124,39,1,1,,21649
23125,39,1,1,,21650
23126,39,3,1,,21651
23127,23,5,1,,21651
23128,39,1,1,,21652
23129,39,1,1,,21653
23130,39,1,1,,21654
23131,39,1,1,,21655
23132,39,3,1,,21656
23133,39,6,1,,21657
23134,11,,1,,21658
23135,39,1,1,,21659
23136,39,1,3,,21660
23137,39,1,2,,21661
23138,39,3,1,,21662
23139,11,,1,,21663
23140,39,3,1,,21664
23141,39,1,2,,21665
23142,39,1,1,,21666
23143,39,3,1,,21667
23144,39,1,1,,21668
23145,39,1,2,,21669
23146,39,1,1,,21670
23147,39,1,1,,21671
23148,39,1,1,,21672
23149,39,3,1,,21673
23150,39,1,1,,21674
23151,23,7,1,,21674
23152,39,1,1,,21675
23153,23,7,1,,21675
23154,39,3,1,,21676
23155,39,1,1,,21677
23156,23,7,1,,21677
23157,39,3,1,,21678
23158,39,3,1,,21679
23159,39,3,1,,21680
23160,23,5,1,,21681
23161,39,1,1,,21682
23162,23,7,1,,21682
23163,39,1,1,,21683
23164,39,1,2,,21684
23165,39,1,1,,21685
23166,39,1,1,,21686
23167,39,1,2,,21687
23168,39,1,2,,21688
23169,39,3,1,,21689
23170,11,,1,,21690
23171,11,,1,,21691
23172,39,3,1,,21692
23173,11,,1,,21693
23174,39,1,1,,21694
23175,11,,1,,21695
23176,39,3,1,,21696
23177,23,5,1,,21697
23178,39,1,1,,21698
23179,39,3,1,,21699
23180,39,1,1,,21700
23181,39,1,1,,21701
23182,11,,1,,21702
23183,39,1,1,,21703
23184,39,1,2,,21704
23185,39,3,1,,21705
23186,39,1,1,,21706
23187,39,1,1,,21707
23188,39,1,2,,21708
23189,23,7,1,,21708
23190,39,3,1,,21709
23191,39,1,1,,21710
23192,23,7,1,,21711
23193,39,1,1,,21712
23194,39,1,1,,21713
23195,23,7,1,,21713
23196,39,3,1,,21714
23197,23,5,1,,21715
23198,23,7,1,,21716
23199,39,1,1,,21717
23200,39,1,1,,21718
23201,39,1,1,,21719
23202,39,1,1,,21720
23203,23,7,1,,21720
23204,11,,1,,21721
23205,39,3,1,,21722
23206,39,3,1,,21723
23207,39,3,1,,21724
23208,39,3,1,,21725
23209,11,,1,,21726
23210,36,,1,,21727
23211,39,3,1,,21728
23212,36,,1,,21729
23213,11,,1,,21730
23214,39,1,1,,21731
23215,23,5,1,,21731
23216,39,1,1,,21732
23217,39,3,1,,21733
23218,39,1,1,,21734
23219,39,1,1,,21735
23220,39,1,1,,21736
23221,39,1,1,,21737
23222,39,3,1,,21738
23223,11,,1,,21739
23224,11,,1,,21740
23225,36,,1,,21741
23226,36,,1,,21742
23227,39,1,1,,21743
23228,39,6,1,,21744
23229,39,6,1,,21745
23230,11,,1,,21746
23231,39,6,2,,21747
23232,23,7,1,,21747
23233,11,,1,,21748
23234,39,1,1,,21749
23235,39,1,1,,21750
23236,39,1,2,,21751
23237,39,1,2,,21752
23238,39,3,1,,21753
23239,39,1,2,,21754
23240,36,,1,,21755
23241,39,1,2,,21756
23242,11,,1,,21757
23243,36,,1,,21758
23244,22,,1,,21759
23245,22,,1,,21760
23246,36,,1,,21761
23247,39,1,2,,21762
23248,39,1,1,,21763
23249,39,1,1,,21764
23250,23,7,1,,21764
23251,39,1,1,,21765
23252,39,3,1,,21766
23253,39,1,1,,21767
23254,39,3,1,,21768
23255,39,1,1,,21769
23256,39,1,1,,21770
23257,39,3,1,,21771
23258,39,1,1,,21772
23259,11,,1,,21773
23260,39,1,2,,21774
23261,39,1,2,,21775
23262,39,1,1,,21776
23263,36,,1,,21777
23264,39,1,1,,21778
23265,39,1,1,,21779
23266,39,1,1,,21780
23267,23,7,1,,21780
23268,39,1,1,,21781
23269,39,1,1,,21782
23270,39,1,2,,21783
23271,23,7,2,,21783
23272,39,1,1,,21784
23273,39,1,1,,21785
23274,39,1,2,,21786
23275,23,7,1,,21786
23276,39,1,1,,21787
23277,39,1,1,,21788
23279,39,1,2,,21789
23280,23,7,1,,21789
23281,23,7,1,,21790
23282,23,5,1,,21790
23283,39,1,1,,21790
23284,39,1,1,,21791
23285,39,1,1,,21792
23286,39,1,2,,21793
23287,39,1,2,,21794
23288,39,1,1,,21795
23289,23,7,1,,21795
23290,39,1,1,,21796
23291,39,1,1,,21797
23292,39,1,1,,21798
23293,23,7,1,,21798
23294,39,1,1,,21799
23295,39,1,2,,21800
23296,39,1,2,,21801
23297,39,1,1,,21802
23298,39,1,1,,21803
23299,39,1,1,,21804
23300,39,1,2,,21805
23301,23,7,2,,21805
23302,23,7,2,,21806
23303,39,1,1,,21806
23304,39,6,1,,21807
23305,39,1,3,,21808
23306,39,1,8,,21809
23307,39,1,1,,21810
23308,39,1,3,,21811
23309,36,,1,,21812
23310,39,1,1,,21813
23311,39,3,1,,21814
23312,39,1,1,,21815
23313,23,7,1,,21815
23314,39,1,1,,21816
23315,23,5,1,,21817
23316,39,1,1,,21818
23317,39,1,1,,21819
23318,39,1,2,,21820
23319,39,1,1,,21821
23320,36,,1,,21822
23321,23,5,1,,21823
23322,39,1,1,,21824
23323,39,1,1,,21825
23324,23,7,1,,21825
23325,39,1,1,,21826
23326,39,3,1,,21827
23327,39,1,2,,21828
23328,39,1,1,,21829
23329,39,3,1,,21830
23330,39,1,1,,21831
23331,11,,1,,21832
23332,39,1,1,,21833
23333,23,7,1,,21833
23334,39,1,1,,21834
23335,23,7,1,,21834
23336,39,1,2,,21835
23337,39,1,1,,21836
23338,39,1,1,,21837
23339,39,3,1,,21838
23340,39,1,1,,21839
23341,39,1,1,,21840
23342,39,1,1,,21841
23343,23,7,1,,21841
23344,39,3,1,,21842
23345,39,1,1,,21843
23346,39,1,1,,21844
23347,39,1,1,,21845
23348,23,7,1,,21845
23349,39,1,1,,21846
23350,39,1,1,,21847
23351,23,7,1,,21847
23352,39,1,1,,21848
23353,39,1,2,,21849
23354,39,1,1,,21850
23355,39,1,2,,21851
23356,39,3,1,,21852
23357,39,1,1,,21853
23358,39,1,1,,21854
23359,39,1,1,,21855
23360,39,1,1,,21856
23361,39,1,2,,21857
23362,22,,1,,21858
23363,39,1,2,,21859
23364,39,3,1,,21860
23365,39,1,1,,21861
23366,39,1,1,,21862
23367,39,3,1,,21863
23368,39,1,1,,21864
23369,39,1,2,,21865
23370,39,1,2,,21866
23371,39,1,1,,21867
23372,39,1,1,,21868
23373,11,,1,,21869
23374,39,1,1,,21870
23375,39,3,1,,21871
23376,39,1,1,,21872
23377,39,1,2,,21873
23378,39,3,1,,21874
23379,39,1,2,,21875
23380,39,3,1,,21876
23381,39,1,1,,21877
23382,39,1,1,,21878
23383,39,1,1,,21879
23384,39,1,1,,21880
23385,23,5,1,,21881
23386,39,3,1,,21882
23387,39,1,1,,21883
23388,39,1,2,,21884
23389,39,1,2,,21885
23390,23,5,1,,21886
23391,39,1,2,,21887
23392,39,3,1,,21888
23393,39,1,1,,21889
23395,39,1,2,,21890
23396,39,1,1,,21891
23397,39,1,1,,21892
23398,39,1,1,,21893
23399,39,1,1,,21894
23400,23,7,1,,21894
23401,39,1,2,,21895
23402,39,1,2,,21896
23403,39,1,2,,21897
23404,39,1,1,,21898
23405,39,1,1,,21899
23406,23,7,1,,21900
23407,39,1,2,,21901
23408,39,1,1,,21902
23409,39,1,1,,21903
23410,39,3,1,,21904
23411,39,1,1,,21905
23412,23,7,1,,21905
23413,39,1,1,,21906
23414,23,7,1,,21907
23416,39,1,1,,21908
23417,39,1,2,,21909
23418,23,7,1,,21909
23419,39,1,1,,21910
23420,39,3,1,,21911
23421,39,1,1,,21912
23422,23,7,1,,21912
23423,39,3,1,,21913
23424,36,,1,,21914
23425,39,1,1,,21915
23426,39,1,1,,21916
23427,39,1,1,,21917
23428,39,1,1,,21918
23429,23,7,1,,21918
23430,39,1,1,,21919
23431,23,7,1,,21920
23432,39,1,2,,21921
23433,39,1,1,,21922
23434,39,3,1,,21923
23435,39,1,1,,21924
23436,39,1,2,,21925
23437,39,1,1,,21926
23438,39,3,1,,21927
23439,39,1,1,,21928
23440,11,,1,,21929
23441,39,1,1,,21930
23442,39,3,1,,21931
23443,39,3,1,,21932
23444,39,1,3,,21933
23445,39,1,1,,21934
23446,39,3,1,,21935
23447,39,1,1,,21936
23448,39,3,1,,21937
23449,39,3,1,,21938
23450,39,3,1,,21939
23451,39,1,1,,21940
23452,39,3,1,,21941
23453,39,1,1,,21942
23454,39,1,1,,21943
23455,39,1,1,,21944
23456,39,1,1,,21945
23457,36,,1,,21946
23458,39,3,1,,21947
23459,39,1,1,,21948
23460,39,1,1,,21949
23461,39,1,1,,21950
23462,23,5,1,,21950
23463,39,1,1,,21951
23464,11,,1,,21952
23465,11,,1,,21953
23466,39,1,1,,21954
23467,39,1,1,,21955
23468,39,1,1,,21956
23469,39,1,1,,21957
23470,23,7,1,,21958
23471,39,1,1,,21959
23472,23,7,1,,21959
23473,39,1,1,,21960
23474,39,1,1,,21961
23475,11,,1,,21962
23476,39,1,1,,21963
23477,23,5,1,,21963
23478,39,1,1,,21964
23479,39,1,1,,21965
23480,39,1,1,,21966
23481,39,1,1,,21967
23482,39,1,1,,21968
23483,39,1,1,,21969
23484,39,1,1,,21970
23485,39,1,1,,21971
23486,39,1,1,,21972
23487,39,1,1,,21973
23488,39,1,1,,21974
23489,39,1,1,,21975
23490,39,1,2,,21976
23491,39,1,1,,21977
23492,39,1,1,,21978
23493,39,1,1,,21979
23494,39,1,1,,21980
23495,39,1,1,,21981
23496,39,1,2,,21982
23497,39,1,1,,21983
23498,39,1,1,,21984
23499,39,1,2,,21985
23500,39,1,1,,21986
23501,39,1,2,,21987
23502,11,,1,,21988
23503,39,1,2,,21989
23504,39,1,1,,21990
23505,39,1,1,,21991
23506,36,,2,,21992
23507,11,,1,,21993
23508,39,3,1,,21994
23509,39,1,1,,21995
23510,39,1,1,,21996
23511,39,1,1,,21997
23512,39,1,1,,21998
23513,39,3,1,,21999
23514,39,3,1,,22000
23515,39,1,1,,22001
23516,23,7,1,,22001
23517,39,6,2,,22002
23518,39,6,1,,22003
23519,39,1,1,,22004
23520,23,7,1,,22004
23521,39,1,1,,22005
23522,39,1,1,,22006
23523,23,5,2,,22007
23524,39,1,1,,22008
23525,23,5,1,,22009
23526,39,1,1,,22010
23527,39,1,1,,22011
23528,39,1,1,,22012
23529,39,1,2,,22013
23530,39,1,2,,22014
23531,39,1,1,,22015
23532,39,1,3,,22016
23533,39,1,1,,22017
23534,23,7,1,,22018
23535,22,,1,,22019
23536,39,1,1,,22020
23537,39,3,1,,22021
23538,23,5,1,,22022
23539,39,1,1,,22023
23540,39,1,1,,22024
23541,39,1,1,,22025
23542,39,1,2,,22026
23543,39,1,1,,22027
23544,23,7,1,,22027
23545,23,5,1,,22027
23546,39,1,1,,22028
23547,39,1,1,,22029
23548,23,7,1,,22029
23549,39,1,1,,22030
23550,39,1,1,,22031
23551,39,1,1,,22032
23552,39,1,1,,22033
23553,23,7,1,,22033
23554,23,7,1,,22034
23555,39,1,1,,22035
23556,39,1,2,,22036
23557,43,,1,,22037
23558,39,1,1,,22038
23559,23,7,1,,22038
23560,23,5,1,,22039
23561,36,,1,,22040
23562,36,,1,,22041
23563,36,,1,,22042
23564,39,1,1,,22043
23565,39,1,1,,22044
23566,39,1,1,,22045
23567,23,7,1,,22045
23568,39,1,2,,22046
23569,39,1,1,,22047
23570,39,1,1,,22048
23571,39,1,1,,22049
23572,23,7,1,,22049
23573,39,1,2,,22050
23574,39,3,1,,22051
23575,39,1,1,,22052
23576,39,3,1,,22053
23577,39,1,1,,22054
23578,39,1,1,,22055
23579,39,1,1,,22056
23580,39,1,1,,22057
23581,39,1,1,,22058
23583,39,6,2,,22059
23584,39,1,1,,22060
23585,39,1,1,,22061
23586,39,1,1,,22062
23587,23,7,1,,22062
23588,39,1,1,,22063
23589,23,5,1,,22064
23590,23,5,1,,22065
23591,23,5,2,,22066
23592,23,5,1,,22067
23593,23,5,1,,22068
23594,23,5,1,,22069
23595,23,5,1,,22070
23596,23,7,1,,22071
23598,39,1,1,,22071
23599,39,1,1,,22072
23600,23,7,1,,22072
23602,39,1,2,,22073
23603,23,7,1,,22073
23604,39,1,1,,22074
23606,39,1,1,,22075
23607,39,1,1,,22076
23608,23,7,1,,22076
23609,39,1,2,,22077
23610,39,3,2,,22078
23611,39,1,1,,22079
23612,39,1,1,,22080
23613,22,,1,,22081
23614,39,1,1,,22082
23615,39,1,1,,22083
23616,39,3,1,,22084
23617,23,5,1,,22085
23618,23,7,1,,22086
23619,39,1,1,,22086
23620,39,1,1,,22087
23621,39,3,1,,22088
23622,39,3,1,,22089
23623,39,1,1,,22090
23625,39,1,1,,22091
23626,23,7,1,,22091
23627,39,1,1,,22092
23628,11,,1,,22093
23629,39,1,1,,22094
23630,39,3,1,,22095
23631,39,1,1,,22096
23632,39,3,1,,22097
23633,39,1,1,,22098
23634,23,7,1,,22098
23635,39,1,1,,22099
23636,39,1,1,,22100
23637,39,1,1,,22101
23638,39,1,1,,22102
23639,23,5,2,,22102
23640,39,1,1,,22103
23641,23,5,1,,22103
23642,39,1,1,,22104
23643,23,5,1,,22104
23644,39,1,2,,22105
23645,39,1,2,,22106
23646,39,1,1,,22107
23647,23,5,1,,22107
23648,23,5,1,,22108
23649,39,1,1,,22109
23650,23,5,1,,22110
23651,39,1,1,,22111
23652,39,1,2,,22112
23653,39,3,1,,22113
23654,39,1,1,,22114
23655,39,1,1,,22115
23656,43,,1,,22116
23657,39,1,1,,22117
23658,36,,1,,22118
23659,36,,1,,22119
23660,39,1,1,,22120
23661,39,1,1,,22121
23662,39,1,1,,22122
23663,39,1,1,,22123
23664,23,7,1,,22123
23665,39,1,1,,22124
23666,39,1,1,,22125
23667,39,3,1,,22126
23668,23,5,1,,22127
23669,39,1,1,,22128
23670,23,5,2,,22128
23671,22,,1,,22129
23672,39,1,1,,22130
23673,39,1,1,,22131
23674,39,1,1,,22132
23675,23,7,1,,22132
23676,39,1,2,,22133
23677,23,7,1,,22133
23678,39,1,1,,22134
23679,23,7,1,,22134
23680,39,1,3,,22135
23681,36,,1,,22136
23682,43,,1,,22137
23683,22,,1,,22138
23684,39,3,1,,22139
23685,23,5,1,,22140
23686,39,1,1,,22141
23687,39,3,1,,22142
23688,39,1,2,,22143
23689,39,1,1,,22144
23690,39,3,1,,22145
23691,39,1,2,,22146
23692,39,1,1,,22147
23693,23,7,1,,22147
23694,39,1,1,,22148
23695,23,5,1,,22149
23696,39,1,1,,22150
23697,39,3,1,,22151
23698,39,1,1,,22152
23699,23,7,1,,22152
23700,39,1,1,,22153
23701,23,7,1,,22153
23702,39,1,1,,22154
23703,23,7,1,,22154
23704,39,1,1,,22155
23705,23,7,1,,22155
23706,39,1,1,,22156
23707,23,7,1,,22156
23708,39,1,1,,22157
23709,23,5,1,,22157
23710,39,1,1,,22158
23711,39,1,1,,22159
23712,39,1,1,,22160
23713,39,1,1,,22161
23714,23,5,1,,22161
23715,23,5,2,,22162
23716,39,1,1,,22163
23717,23,5,1,,22163
23718,39,1,1,,22164
23719,23,5,1,,22164
23720,39,1,2,,22165
23721,39,3,1,,22166
23722,39,3,1,,22167
23723,39,3,1,,22168
23724,39,1,1,,22169
23725,23,5,1,,22169
23726,23,5,1,,22170
23727,39,1,1,,22171
23728,23,5,1,,22172
23729,23,5,1,,22173
23730,39,3,1,,22174
23731,39,1,1,,22175
23732,39,1,1,,22176
23733,23,7,1,,22176
23734,39,1,1,,22177
23735,39,1,2,,22178
23736,23,7,2,,22178
23737,39,1,2,,22179
23738,39,1,1,,22180
23739,39,1,2,,22181
23740,43,,1,,22182
23741,39,3,1,,22183
23742,39,1,1,,22184
23743,43,,1,,22185
23744,39,1,1,,22186
23745,23,7,1,,22186
23746,39,1,1,,22187
23747,39,1,1,,22188
23748,39,1,1,,22189
23749,39,1,1,,22190
23750,23,7,1,,22190
23751,39,1,1,,22191
23752,23,7,1,,22191
23753,39,1,1,,22192
23754,39,3,1,,22193
23755,39,1,1,,22194
23756,23,7,1,,22194
23757,39,1,1,,22195
23758,39,1,1,,22196
23759,39,1,2,,22197
23760,23,5,1,,22198
23761,39,3,1,,22199
23762,23,5,2,,22200
23763,39,1,1,,22201
23764,23,7,1,,22202
23765,39,1,1,,22203
23766,39,1,1,,22204
23767,23,5,1,,22204
23768,39,1,2,,22205
23769,39,3,1,,22206
23770,39,1,2,,22207
23771,39,1,1,,22208
23772,39,3,1,,22209
23773,39,3,1,,22210
23774,39,1,2,,22211
23775,39,1,2,,22212
23776,39,3,1,,22213
23777,39,1,1,,22214
23778,39,1,1,,22215
23779,39,3,1,,22216
23780,39,1,2,,22217
23781,39,1,1,,22218
23782,39,3,1,,22219
23783,39,1,1,,22220
23784,39,1,1,,22221
23785,39,1,1,,22222
23786,39,1,1,,22223
23787,39,1,2,,22224
23788,23,5,1,,22224
23789,39,1,1,,22225
23790,39,3,1,,22226
23791,39,1,2,,22227
23792,39,1,1,,22228
23793,23,5,1,,22229
23794,39,1,2,,22230
23795,39,1,1,,22231
23796,39,1,1,,22232
23797,39,1,1,,22233
23798,43,,1,,22234
23799,11,,1,camera malfunction,22235
23800,39,6,1,,22236
23801,39,6,1,,22237
23802,39,1,1,,22238
23803,39,1,1,,22239
23804,39,1,1,,22240
23805,39,1,2,,22241
23806,39,1,1,,22242
23807,39,3,1,,22243
23808,39,3,1,,22244
23809,39,3,1,,22245
23810,39,1,1,,22246
23811,23,7,1,,22246
23812,39,1,2,,22247
23813,39,1,1,,22248
23814,39,1,1,,22249
23815,39,1,1,,22250
23816,39,1,1,,22251
23817,39,1,1,,22252
23818,23,5,1,,22253
23819,39,1,1,,22254
23820,39,1,2,,22255
23821,23,5,2,,22256
23822,39,1,1,,22257
23823,39,1,1,,22258
23824,39,1,1,,22259
23825,39,8,1,,22260
23826,39,3,1,,22261
23827,39,1,1,,22262
23828,39,1,1,,22263
23829,39,1,1,,22264
23830,39,1,1,,22265
23831,39,1,2,,22266
23832,39,6,2,,22267
23833,23,5,1,,22268
23834,39,1,2,,22269
23835,39,1,1,,22270
23836,39,1,1,,22271
23837,39,1,3,,22272
23838,39,1,1,,22273
23839,39,1,3,,22274
23840,11,,1,,22275
23841,39,3,1,,22276
23842,39,1,3,,22277
23843,39,1,2,,22278
23844,11,,1,,22279
23845,39,3,1,,22280
23846,39,1,2,,22281
23847,39,3,1,,22282
23848,39,3,1,,22283
23849,39,1,1,,22284
23850,11,,1,,22285
23851,39,3,1,,22286
23852,11,,1,,22287
23853,11,,1,,22288
23854,11,,1,,22289
23855,8,,1,,22290
23856,39,1,1,,22291
23857,39,1,2,,22292
23858,23,5,1,,22292
23859,39,1,1,,22293
23860,39,1,1,,22294
23861,39,1,2,,22295
23862,39,1,1,,22296
23863,23,7,1,,22297
23864,39,1,2,,22298
23865,39,1,1,,22299
23866,23,7,1,,22299
23867,39,1,1,,22300
23868,39,1,2,,22301
23869,39,1,1,,22302
23870,11,,1,,22303
23871,39,1,1,,22304
23872,39,1,1,,22305
23873,23,7,1,,22305
23874,39,1,1,,22306
23875,23,5,1,,22306
23876,39,3,1,,22307
23877,39,1,1,,22308
23878,39,1,1,,22309
23879,39,1,2,,22310
23880,39,1,1,,22311
23881,39,1,1,,22312
23882,23,7,1,,22312
23883,11,,1,,22313
23884,8,,1,,22314
23885,36,,1,,22315
23886,36,,1,,22316
23887,39,3,1,,22317
23888,39,3,1,,22318
23889,39,3,1,,22319
23890,39,1,1,,22320
23891,39,1,1,,22321
23892,39,1,1,,22322
23893,39,3,2,,22323
23894,39,1,1,,22324
23895,11,,1,,22325
23896,39,1,1,,22326
23897,23,7,1,,22327
23898,39,1,1,,22327
23899,36,,1,,22328
23900,39,1,1,,22329
23901,39,1,2,,22330
23902,23,7,1,,22330
23903,39,1,1,,22331
23904,8,,1,,22332
23905,39,1,2,,22333
23906,39,1,1,,22334
23907,11,,1,,22335
23908,39,1,1,,22336
23909,39,1,2,,22337
23910,39,1,2,,22338
23911,39,1,1,,22339
23912,23,7,1,,22339
23913,39,1,1,,22340
23914,23,7,1,,22340
23915,23,5,1,,22341
23916,39,1,1,,22342
23917,39,3,1,,22343
23918,39,1,1,,22344
23919,39,1,1,,22345
23920,39,6,1,,22346
23921,39,1,1,,22347
23922,39,1,1,,22348
23923,39,1,1,,22349
23924,39,1,1,,22350
23925,11,,1,,22351
23926,39,1,1,,22352
23927,39,1,1,,22353
23928,23,7,1,,22353
23929,39,1,1,,22354
23930,39,1,1,,22355
23931,39,1,1,,22356
23932,11,,1,,22357
23933,39,3,1,,22358
23934,23,5,1,,22359
23935,39,1,1,,22360
23936,23,7,1,,22360
23937,39,1,2,,22361
23938,39,1,1,,22362
23939,39,1,1,,22363
23940,39,1,1,,22364
23941,23,7,1,,22364
23942,39,1,2,,22365
23943,39,1,2,,22366
23944,39,1,2,,22367
23945,39,1,1,,22368
23946,39,1,1,,22369
23947,39,1,1,,22370
23948,36,,3,,22371
23949,39,1,1,,22372
23950,11,,1,,22373
23951,39,1,2,,22374
23952,39,1,2,,22375
23953,39,1,1,,22376
23954,36,,1,,22377
23955,39,1,1,,22378
23956,23,7,1,,22378
23957,39,1,2,,22379
23958,39,1,1,,22380
23959,39,1,1,,22381
23960,39,1,1,,22382
23961,39,1,2,,22383
23962,23,7,1,,22383
23963,39,1,1,,22384
23964,11,,1,,22385
23965,39,1,1,,22386
23966,39,1,1,,22387
23967,23,7,1,,22387
23968,23,5,1,,22388
23969,39,1,1,,22389
23970,39,1,1,,22390
23971,23,7,1,,22390
23972,39,1,2,,22391
23973,39,1,1,,22392
23974,39,1,2,,22393
23975,23,7,1,,22393
23976,39,1,1,,22394
23977,39,1,1,,22395
23978,39,1,1,,22396
23979,39,1,1,,22397
23980,39,1,2,,22398
23981,39,1,1,,22399
23982,23,5,1,,22399
23983,39,1,1,,22400
23984,23,7,1,,22400
23985,39,1,2,,22401
23986,39,1,1,,22402
23987,11,,1,,22403
23988,39,1,1,,22404
23989,39,1,3,,22405
23990,39,1,2,,22406
23991,11,,1,,22407
23992,39,1,1,,22408
23993,11,,1,,22409
23994,11,,1,,22410
23995,39,1,3,,22411
23996,11,,1,,22412
23997,39,1,1,,22413
23998,36,,1,,22414
23999,39,1,2,,22415
24000,39,1,1,,22416
24001,39,1,1,,22417
24002,23,5,1,,22418
24003,39,1,1,,22419
24004,23,5,1,,22420
24005,39,1,1,,22421
24006,39,1,1,,22422
24007,39,1,2,,22423
24008,23,7,1,,22424
24009,39,1,1,,22425
24010,39,1,1,,22426
24011,39,1,1,,22427
24012,23,5,1,,22428
24013,39,1,1,,22429
24014,39,1,2,,22430
24015,23,5,1,,22430
24016,39,1,1,,22431
24017,39,1,1,,22432
24018,23,,1,,22433
24019,39,1,3,,22434
24020,39,1,2,,22435
24021,11,,1,,22436
24022,39,1,1,,22437
24023,39,1,1,,22438
24024,23,7,1,,22438
24025,23,5,1,,22439
24026,39,1,2,,22440
24027,23,5,1,,22440
24028,39,1,1,,22441
24029,23,7,1,,22441
24030,11,,1,,22442
24031,11,,1,,22443
24032,23,5,1,,22444
24033,39,1,1,,22445
24034,39,1,3,,22446
24035,39,1,2,,22447
24036,39,1,1,,22448
24037,39,4,1,,22449
24038,66,,1,,22449
24039,39,1,1,,22450
24040,39,1,1,,22451
24041,11,,1,,22452
24042,11,,1,,22453
24043,39,1,1,,22454
24044,23,5,1,,22454
24045,39,1,1,,22455
24046,23,5,1,,22455
24047,39,1,1,,22456
24048,39,1,1,,22457
24049,39,1,1,,22458
24050,39,1,1,,22459
24051,39,1,1,,22460
24052,39,1,1,,22461
24053,39,1,1,,22462
24054,39,1,1,,22463
24055,39,1,1,,22464
24056,39,1,1,,22465
24057,39,1,1,,22466
24058,23,5,1,,22466
24059,11,,1,,22467
24060,39,1,1,,22468
24061,39,1,1,,22469
24062,39,1,1,,22470
24063,23,7,1,,22470
24064,39,1,1,,22471
24065,39,1,1,,22472
24066,39,1,1,,22473
24067,23,7,1,,22473
24068,39,1,2,,22474
24069,23,5,1,,22475
24070,11,,1,,22476
24071,39,1,2,,22477
24072,39,3,1,,22478
24073,11,,1,,22479
24074,39,1,2,,22480
24075,23,7,1,,22481
24076,39,1,2,,22482
24077,23,7,1,,22482
24078,39,3,1,,22483
24079,39,1,1,,22484
24080,39,1,1,,22485
24081,39,1,1,,22486
24082,11,,1,,22487
24083,11,,1,,22488
24084,11,,1,,22489
24085,39,1,1,,22490
24086,11,,1,,22491
24087,39,1,1,,22492
24088,39,1,1,,22493
24089,23,5,1,,22493
24090,39,3,1,,22494
24091,39,1,1,,22495
24092,39,1,1,,22496
24093,39,1,1,,22497
24094,39,1,1,,22498
24095,39,1,1,,22499
24096,39,1,1,,22500
24097,39,1,1,,22501
24098,39,1,1,,22502
24099,39,4,1,,22503
24100,66,,1,,22503
24101,39,1,2,,22504
24102,39,1,1,,22505
24103,39,1,1,,22506
24104,39,1,2,,22507
24105,39,3,1,,22508
24106,39,1,2,,22509
24107,39,1,2,,22510
24108,39,1,1,,22511
24109,23,7,2,,22511
24110,39,4,1,,22512
24111,66,,1,,22512
24112,39,1,2,,22513
24113,11,,1,,22514
24114,11,,1,,22515
24115,39,1,1,,22516
24116,11,,1,,22517
24117,11,,1,,22518
24118,39,3,1,,22519
24119,11,,1,,22520
24120,11,,1,,22521
24121,39,1,1,,22522
24122,39,1,2,,22523
24123,23,7,1,,22523
24124,23,5,1,,22524
24125,39,1,1,,22525
24126,23,7,1,,22525
24127,39,1,1,,22526
24128,11,,1,,22527
24129,39,3,2,,22528
24130,11,,1,,22529
24131,39,1,1,,22530
24132,11,,1,,22531
24133,11,,1,,22532
24134,39,1,1,,22533
24135,39,3,1,,22534
24136,11,,1,,22535
24137,39,1,1,,22536
24138,39,1,1,,22537
24139,39,1,1,,22538
24141,23,7,1,,22538
24142,23,7,1,,22539
24143,39,1,2,,22540
24144,39,1,1,,22541
24145,39,1,1,,22542
24146,23,7,1,,22543
24147,23,5,1,,22544
24148,39,1,1,,22545
24149,39,1,1,,22546
24150,23,5,1,,22547
24151,39,1,1,,22548
24152,39,1,1,,22549
24153,39,1,1,,22550
24154,11,,1,,22551
24155,39,1,1,,22552
24156,36,,1,,22553
24157,39,1,1,,22554
24158,39,1,1,,22555
24159,39,1,1,,22556
24160,39,3,1,,22557
24162,39,3,1,,22558
24163,23,7,1,,22558
24164,11,,1,,22559
24165,11,,1,,22560
24166,11,,1,,22561
24167,39,1,1,,22562
24168,36,,1,,22563
24169,39,1,1,,22564
24170,23,7,2,,22565
24171,39,1,1,,22566
24172,39,1,1,,22567
24173,23,5,1,,22568
24174,39,3,1,,22568
24175,39,1,1,,22569
24176,39,1,1,,22570
24177,39,1,1,,22571
24178,39,1,1,,22572
24179,39,1,3,,22573
24180,23,7,1,,22573
24181,39,1,1,,22574
24182,39,1,2,,22575
24183,39,1,2,,22576
24184,11,,1,,22577
24185,11,,1,,22578
24186,39,1,1,,22579
24187,39,1,1,,22580
24188,39,3,1,,22581
24189,39,1,1,,22582
24190,39,1,2,,22583
24191,39,1,1,,22584
24192,39,1,1,,22585
24193,39,1,1,,22586
24194,11,,1,,22587
24195,39,1,1,,22588
24196,23,7,1,,22588
24197,39,1,1,,22589
24198,23,7,1,,22589
24199,11,,1,,22590
24200,39,1,1,,22591
24201,23,7,1,,22591
24202,11,,1,,22592
24203,39,3,1,,22593
24204,11,,1,,22594
24205,39,1,1,,22595
24206,23,7,1,,22595
24207,39,1,1,,22596
24208,39,1,1,,22597
24209,39,1,1,,22598
24210,39,1,1,,22599
24211,39,1,2,,22600
24212,39,1,2,,22601
24213,11,,1,,22602
24214,39,1,1,,22603
24215,11,,1,,22604
24216,39,3,1,,22605
24217,39,1,1,,22606
24218,11,,1,,22607
24220,39,1,1,,22608
24221,39,1,1,,22609
24222,11,,1,,22610
24223,39,1,1,,22611
24224,39,1,2,,22612
24225,39,3,1,,22613
24226,39,1,1,,22614
24227,39,1,1,,22615
24228,39,1,1,,22616
24229,23,7,1,,22616
24230,11,,1,,22617
24231,39,1,1,,22618
24232,23,5,1,,22619
24233,39,3,1,,22620
24234,39,1,1,,22621
24235,23,7,1,,22622
24236,23,5,1,,22623
24237,23,7,1,,22624
24238,39,1,2,,22625
24239,39,1,1,,22626
24240,39,1,1,,22627
24241,39,1,1,,22628
24242,23,7,1,,22628
24243,11,,1,,22629
24244,39,3,1,,22630
24245,11,,1,,22631
24246,11,,1,,22632
24247,11,,1,,22633
24248,36,,1,,22634
24249,11,,1,,22635
24250,36,,1,,22636
24251,39,3,1,,22637
24253,39,1,1,,22638
24254,39,1,1,,22639
24255,11,,1,,22640
24256,39,1,1,,22641
24257,39,1,2,,22642
24258,23,7,1,,22642
24259,39,1,1,,22643
24260,39,1,1,,22644
24261,39,1,1,,22645
24262,11,,1,,22646
24263,39,1,1,,22647
24264,39,1,1,,22648
24265,23,7,1,,22648
24266,39,6,1,,22649
24267,39,6,1,,22650
24268,39,6,1,,22651
24269,39,6,1,,22652
24270,39,1,2,,22653
24271,39,1,1,,22654
24272,39,1,1,,22655
24273,39,1,1,,22656
24274,39,1,2,,22657
24275,39,1,1,,22658
24276,39,1,1,,22659
24277,39,1,1,,22660
24278,39,1,1,,22661
24279,39,1,2,,22662
24280,22,,1,,22663
24281,39,1,2,,22664
24282,39,1,1,,22665
24283,39,1,1,,22666
24284,23,7,1,,22666
24285,39,1,1,,22667
24286,39,3,1,,22668
24287,39,1,1,,22669
24288,39,3,1,,22670
24289,39,1,1,,22671
24290,39,1,1,,22672
24291,39,3,1,,22673
24292,39,1,1,,22674
24293,23,7,1,,22675
24294,39,1,2,,22676
24295,39,1,2,,22677
24296,39,1,1,,22678
24297,39,1,1,,22679
24298,39,1,1,,22680
24299,39,1,1,,22681
24300,23,7,1,,22681
24301,39,1,1,,22682
24302,39,1,1,,22683
24303,23,5,1,,22684
24304,39,1,1,,22685
24305,39,1,1,,22686
24306,23,7,1,,22687
24307,39,1,1,,22688
24308,39,1,1,,22689
24309,23,7,1,,22690
24310,23,7,2,,22691
24311,39,1,2,,22691
24312,23,5,1,,22692
24313,39,1,1,,22693
24314,39,1,2,,22695
24315,39,1,2,,22696
24316,39,1,1,,22697
24317,23,7,1,,22697
24318,39,1,1,,22698
24319,39,1,1,,22699
24320,39,1,1,,22700
24321,23,7,1,,22700
24322,39,1,1,,22701
24323,39,1,2,,22702
24324,39,1,2,,22703
24325,39,1,1,,22704
24326,23,7,1,,22704
24327,39,1,1,,22705
24328,39,1,1,,22706
24329,23,7,1,,22706
24330,23,7,1,,22707
24331,23,7,1,,22708
24332,39,1,1,,22709
24333,23,7,1,,22709
24334,39,1,1,,22710
24335,23,7,2,,22710
24336,39,1,3,,22711
24337,39,1,2,,22712
24338,39,1,2,,22713
24339,39,1,2,,22714
24340,39,1,2,,22715
24341,39,1,1,,22716
24342,39,1,1,,22717
24343,23,5,1,,22718
24344,39,1,1,,22719
24345,39,1,1,,22720
24346,39,1,2,,22721
24347,23,5,1,,22722
24348,39,1,1,,22723
24349,39,1,1,,22724
24350,23,7,1,,22724
24351,39,1,1,,22725
24352,23,7,1,,22725
24353,39,3,1,,22726
24354,39,1,1,,22727
24355,39,1,1,,22728
24356,11,,1,,22729
24357,39,1,1,,22730
24358,11,,1,,22731
24359,23,7,1,,22732
24360,39,1,2,,22733
24361,39,1,1,,22734
24362,39,1,1,,22735
24363,11,,1,,22736
24364,39,1,1,,22737
24365,39,1,1,,22738
24366,39,1,1,,22739
24367,23,7,1,,22739
24368,39,1,1,,22740
24369,39,1,1,,22741
24370,39,1,1,,22742
24371,23,7,1,,22742
24372,39,1,1,,22743
24373,39,1,1,,22744
24374,23,7,1,,22744
24375,39,1,1,,22745
24376,39,1,2,,22746
24377,39,1,1,,22747
24378,39,1,1,,22748
24379,39,3,1,,22749
24380,39,1,1,,22750
24381,39,1,1,,22751
24382,39,1,1,,22752
24383,11,,1,,22753
24384,39,1,2,,22754
24385,39,1,1,,22755
24386,11,,1,,22756
24387,39,1,1,,22757
24388,39,1,1,,22758
24389,39,1,1,,22759
24390,39,3,1,,22760
24391,39,1,2,,22761
24392,23,7,1,,22762
24393,39,1,1,,22763
24394,39,1,1,,22764
24395,39,6,2,,22765
24396,11,,1,,22766
24397,39,1,2,,22767
24398,39,3,1,,22768
24399,39,1,1,,22769
24400,39,1,1,,22770
24401,11,,1,,22771
24402,39,1,1,,22772
24403,39,3,1,,22773
24404,39,1,1,,22774
24405,39,1,1,,22775
24406,39,1,1,,22776
24407,39,1,1,,22777
24408,23,5,1,,22778
24409,11,,1,,22779
24410,39,1,1,,22780
24411,39,1,2,,22781
24412,39,1,1,,22782
24413,23,5,1,,22783
24414,39,1,2,,22784
24415,39,1,1,,22785
24416,39,1,2,,22786
24417,39,1,1,,22787
24418,39,1,1,,22788
24419,39,1,1,,22789
24420,39,1,1,,22790
24421,23,7,1,,22790
24422,39,6,2,,22791
24423,39,1,2,,22792
24424,39,1,1,,22793
24425,39,1,1,,22794
24426,23,7,1,,22795
24427,39,1,2,,22796
24428,39,1,1,,22797
24429,39,1,1,,22798
24430,39,3,1,,22799
24431,39,1,1,,22800
24432,23,7,1,,22800
24433,39,1,1,,22801
24434,23,5,1,,22802
24435,39,1,1,,22803
24436,39,1,1,,22804
24437,23,7,1,,22804
24438,39,1,1,,22805
24439,11,,1,,22806
24440,39,1,1,,22807
24441,23,7,1,,22807
24442,36,,1,,22808
24443,39,1,1,,22809
24444,39,1,1,,22810
24445,39,1,1,,22811
24446,39,1,1,,22812
24447,23,7,1,,22812
24448,39,1,1,,22813
24449,39,1,1,,22814
24450,23,7,1,,22814
24451,39,1,1,,22815
24452,39,1,1,,22816
24453,39,1,1,,22817
24454,39,1,1,,22818
24455,39,1,1,,22819
24456,39,1,1,,22820
24457,39,1,1,,22821
24458,39,1,1,,22822
24459,39,1,2,,22823
24460,11,,1,,22824
24461,39,3,1,,22825
24462,39,1,2,,22826
24463,39,1,1,,22827
24464,39,3,1,,22828
24465,39,3,1,,22829
24466,39,3,1,,22830
24467,11,,1,,22831
24468,39,1,1,,22832
24469,39,1,1,,22833
24470,39,1,2,,22834
24471,39,1,1,,22835
24472,11,,1,camera malfunction,22836
24473,36,,1,,22837
24474,11,,1,,22838
24475,39,1,1,,22839
24476,39,1,1,,22840
24477,23,5,1,,22841
24478,39,1,1,,22842
24479,11,,1,,22843
24480,23,5,1,,22844
24481,39,1,1,,22845
24482,39,1,1,,22846
24483,39,1,1,,22847
24484,23,7,1,,22848
24485,39,1,1,,22849
24486,23,7,1,,22849
24487,39,1,1,,22850
24488,39,1,1,,22851
24489,39,3,1,,22852
24490,39,1,1,,22853
24491,23,5,1,,22853
24492,39,1,1,,22854
24493,39,1,1,,22855
24494,39,1,1,,22856
24495,11,,1,,22857
24496,39,1,1,,22858
24497,39,1,1,,22859
24498,39,1,1,,22860
24499,39,1,1,,22861
24500,39,1,1,,22862
24501,39,1,1,,22863
24502,39,1,1,,22864
24503,39,1,1,,22865
24504,39,1,1,,22866
24505,39,1,1,,22867
24506,39,1,1,,22868
24507,39,1,1,,22869
24508,39,1,1,,22870
24509,39,1,1,,22871
24510,39,1,1,,22872
24511,39,1,1,,22873
24512,39,1,2,,22874
24513,39,1,1,,22875
24514,39,1,1,,22876
24515,39,1,2,,22877
24516,39,1,1,,22878
24517,39,1,2,,22879
24518,36,,1,,22880
24519,39,1,1,,22881
24520,39,1,1,,22882
24521,39,1,1,,22883
24522,39,3,1,,22884
24523,39,1,1,,22885
24524,39,1,1,,22886
24525,39,1,1,,22887
24526,39,1,1,,22888
24527,39,3,1,,22889
24528,39,3,2,,22890
24529,39,1,1,,22891
24530,23,7,1,,22891
24531,39,1,1,,22892
24532,39,6,1,,22893
24533,39,6,1,,22894
24534,11,,1,,22895
24535,39,6,1,,22896
24536,11,,1,camera malfunction,22897
24537,11,,1,,22898
24538,23,7,1,,22899
24539,39,1,1,,22900
24540,39,1,1,,22901
24541,23,7,1,,22902
24542,39,1,1,,22903
24543,39,1,1,,22904
24544,23,5,1,,22904
24545,39,1,1,,22905
24546,23,7,2,,22906
24547,39,1,1,,22907
24548,39,1,2,,22908
24549,39,1,2,,22909
24550,39,1,1,,22910
24551,39,1,2,,22911
24552,39,1,1,,22912
24553,23,5,1,,22913
24554,22,,1,,22914
24555,39,1,1,,22915
24556,39,3,1,,22916
24557,23,5,1,,22917
24558,39,1,1,,22918
24559,39,1,1,,22919
24560,39,1,1,,22920
24561,39,1,1,,22921
24562,39,1,1,,22922
24563,23,7,1,,22922
24564,39,1,1,,22923
24565,39,1,1,,22924
24567,23,7,1,,22924
24568,39,1,1,,22925
24569,39,1,1,,22926
24570,39,1,1,,22927
24571,39,1,1,,22928
24572,23,7,1,,22928
24573,39,1,1,,22929
24574,23,7,1,,22929
24575,39,1,1,,22930
24576,39,1,2,,22931
24577,11,,1,,22932
24578,23,5,1,,22933
24579,39,1,1,,22934
24580,39,1,1,,22935
24581,23,7,1,,22936
24582,39,1,2,,22937
24583,39,1,1,,22938
24584,39,1,1,,22939
24585,23,7,1,,22940
24586,39,1,2,,22941
24587,39,3,1,,22942
24588,39,1,1,,22943
24589,39,3,1,,22944
24590,39,1,1,,22945
24591,39,1,1,,22946
24592,39,1,1,,22947
24593,39,1,1,,22948
24594,39,6,2,,22949
24595,39,1,1,,22950
24596,39,1,1,,22951
24597,39,1,1,,22952
24598,23,7,1,,22952
24599,39,1,1,,22953
24600,23,5,2,,22954
24601,39,6,3,,22955
24602,23,5,1,,22956
24603,39,1,1,,22694
24604,11,,1,,22957
24605,23,5,1,,22958
24606,39,1,2,,22959
24607,23,5,1,,22960
24608,23,5,1,,22961
24609,39,1,3,,22962
24610,39,1,1,,22963
24611,23,5,1,,22963
24612,39,1,1,,22964
24613,23,5,1,,22964
24614,39,1,1,,22965
24615,23,5,2,,22965
24616,39,1,1,,22966
24617,39,1,1,,22967
24618,39,1,1,,22968
24619,23,7,1,,22968
24620,39,1,1,,22969
24621,39,3,2,,22970
24622,39,1,1,,22971
24623,39,1,1,,22972
24624,39,1,1,,22973
24625,39,1,1,,22974
24626,23,5,1,,22975
24628,39,1,1,,22976
24629,23,5,1,,22976
24630,39,1,1,,22977
24631,39,3,1,,22978
24632,39,1,1,,22979
24633,39,1,1,,22980
24634,23,7,1,,22980
24635,39,1,1,,22981
24636,23,5,1,,22982
24637,39,1,1,,22983
24638,11,,1,,22984
24639,39,1,1,,22985
24640,39,1,1,,22986
24641,23,7,1,,22986
24642,39,1,1,,22987
24643,39,1,1,,22988
24644,39,1,1,,22989
24645,23,5,2,,22989
24646,39,1,1,,22990
24647,39,1,1,,22991
24648,23,5,1,,22991
24649,39,1,2,,22992
24650,39,1,2,,22993
24651,39,1,1,,22994
24652,23,7,1,,22994
24653,23,7,1,,22995
24654,39,1,1,,22996
24655,23,5,1,,22997
24656,39,1,1,,22998
24657,39,1,1,,22999
24658,11,,1,,23000
24659,39,1,1,,23001
24660,39,1,1,,23002
24661,39,1,1,,23003
24662,39,1,1,,23004
24663,39,1,1,,23005
24664,39,1,1,,23006
24665,23,7,1,,23007
24666,39,1,1,,23008
24667,39,1,1,,23009
24668,39,3,1,,23010
24669,39,1,1,,23011
24670,23,7,1,,23011
24671,39,1,1,,23012
24672,23,5,2,,23012
24673,39,1,1,,23013
24674,39,1,1,,23014
24675,39,1,2,,23015
24676,23,7,1,,23015
24677,39,1,2,,23016
24678,36,,1,,23017
24679,22,,1,,23018
24680,23,5,1,,23019
24681,39,1,1,,23020
24682,39,3,1,,23021
24683,39,1,1,,23022
24684,39,1,1,,23023
24685,39,3,1,,23024
24686,39,1,2,,23025
24687,39,1,1,,23026
24688,23,7,1,,23026
24689,39,1,1,,23027
24690,23,5,1,,23028
24691,39,3,1,,23029
24692,39,1,1,,23030
24693,23,5,1,,23030
24694,23,5,1,,23031
24695,23,7,1,,23032
24696,39,1,1,,23032
24697,39,1,1,,23033
24698,23,7,1,,23033
24699,39,1,1,,23034
24700,23,5,1,,23035
24701,39,1,1,,23036
24702,39,1,1,,23037
24703,23,5,1,,23038
24704,39,1,1,,23039
24705,23,5,2,,23040
24706,39,1,1,,23041
24707,23,7,1,,23041
24708,39,1,1,,23042
24709,39,1,2,,23043
24710,39,3,1,,23044
24711,39,3,1,,23045
24712,39,3,1,,23046
24713,39,1,1,,23047
24714,23,5,1,,23047
24715,23,5,1,,23048
24716,39,1,1,,23049
24717,23,5,1,,23050
24718,23,5,1,,23051
24719,11,,1,,23052
24720,39,1,1,,23053
24721,39,1,1,,23054
24722,23,7,1,,23054
24723,39,1,1,,23055
24724,39,1,2,,23056
24725,23,7,1,,23056
24726,39,1,2,,23057
24727,39,1,1,,23058
24728,39,1,2,,23059
24729,11,,1,,23060
24730,39,1,1,,23061
24731,39,1,1,,23062
24732,39,1,1,,23063
24733,39,1,1,,23064
24734,23,7,1,,23065
24735,23,7,1,,23066
24736,39,1,1,,23067
24737,39,3,1,,23068
24738,39,1,1,,23069
24739,23,5,1,,23069
24740,39,1,1,,23070
24741,39,1,2,,23071
24742,23,5,1,,23072
24743,11,,1,,23073
24744,39,1,1,,23074
24745,39,1,1,,23075
24746,23,7,1,,23075
24747,39,1,2,,23076
24748,39,1,2,,23077
24749,39,1,1,,23078
24750,11,,1,,23079
24751,39,1,2,,23080
24752,39,1,1,,23081
24753,39,1,1,,23082
24754,39,3,1,,23083
24755,39,1,1,,23084
24756,39,3,1,,23085
24757,39,1,3,,23086
24758,39,1,1,,23087
24759,11,,1,,23088
24760,39,1,1,,23089
24761,39,1,1,,23090
24762,39,1,1,,23091
24763,39,1,2,,23092
24764,23,5,1,,23093
24765,39,3,1,,23094
24766,39,1,1,,23095
24767,39,1,1,,23096
24768,23,5,1,,23097
24769,39,1,2,,23098
24770,39,1,1,,23099
24771,39,1,1,,23100
24772,39,1,1,,23101
24773,39,1,1,,23102
24774,39,1,1,,23103
24775,23,5,1,,23103
24776,11,,1,,23104
24777,8,,1,,23105
24778,11,,1,,23106
24779,11,,1,,23107
24780,11,,1,,23108
24781,11,,1,,23109
24782,11,,1,,23110
24783,11,,1,,23111
24784,11,,1,,23112
24785,11,,1,,23113
24786,11,,1,,23114
24787,11,,1,,23115
24788,11,,1,,23116
24789,11,,1,,23117
24790,11,,1,,23118
24791,11,,1,,23119
24792,11,,1,,23120
24793,11,,1,,23121
24794,11,,1,,23122
24795,11,,1,,23123
24796,11,,1,,23124
24797,11,,1,,23125
24798,11,,1,,23127
24799,11,,1,,23128
24800,11,,1,,23129
24801,11,,1,,23130
24802,11,,1,,23131
24803,11,,1,,23132
24804,43,,1,,23133
24805,39,1,1,,23134
24806,39,1,1,,23135
24807,11,,1,,23136
24809,36,,1,,23138
24810,36,,1,,23139
24811,36,,1,,23140
24812,36,,1,,23141
24813,36,,1,,23142
24814,36,,1,,23143
24815,36,,1,,23144
24816,36,,1,,23145
24817,36,,1,,23146
24818,36,,1,,23147
24819,11,,1,,23148
24820,11,,1,,23149
24821,11,,1,,23150
24822,11,,1,,23151
24823,11,,1,,23152
24824,11,,1,,23153
24825,11,,1,,23154
24826,11,,1,,23155
24827,11,,1,,23156
24828,11,,1,,23157
24829,11,,1,,23158
24830,11,,1,,23159
24831,11,,1,,23160
24832,11,,1,,23161
24833,36,,1,,23162
24834,36,,1,,23163
24835,39,6,1,,23164
24836,36,,1,,23165
24837,36,,1,,23166
24838,36,,1,,23167
24839,23,5,1,,23168
24840,36,,1,,23169
24841,36,,1,,23170
24842,36,,1,,23171
24843,36,,1,,23172
24844,11,,1,,23173
24845,36,,1,,23174
24846,36,,1,,23175
24847,36,,1,,23176
24848,36,,1,,23177
24849,11,,1,,23178
24851,36,,1,,23180
24852,11,,1,,23181
24853,11,,1,,23182
24854,11,,1,,23183
24855,11,,1,,23184
24856,11,,1,,23185
24857,11,,1,,23186
24858,11,,1,,23187
24859,11,,1,,23188
24860,11,,1,,23189
24861,11,,1,,23190
24862,11,,1,,23191
24863,11,,1,,23192
24864,11,,1,,23193
24865,36,,1,,23194
24866,36,,1,,23195
24867,36,,1,,23196
24868,39,6,1,,23197
24869,39,6,2,,23198
24870,39,1,1,,23199
24871,36,,1,,23200
24872,36,,1,,23201
24873,39,6,1,,23202
24874,43,,1,,23203
24875,11,,1,,23204
24876,11,,1,,23205
24877,11,,1,,23206
24878,11,,1,,23207
24879,11,,1,,23208
24880,11,,1,,23209
24881,36,,1,,23210
24882,11,,1,,23211
24883,11,,1,,23212
24884,11,,1,camera check,23213
24885,11,,1,camera malfunction,23214
24886,11,,1,camera malfunction,23215
24887,11,,1,,23216
24888,11,,1,,23217
24889,11,,1,,23218
24890,11,,1,,23219
24891,11,,1,,23220
24892,11,,1,,23221
24893,11,,1,,23222
24894,11,,1,,23223
24895,11,,1,,23224
24896,11,,1,,23225
24897,79,,1,,23226
24898,11,,1,tree fell,23227
24899,11,,1,tree fell,23228
24900,11,,1,,23229
24901,11,,1,,23230
24902,11,,1,,23231
24903,11,,1,,23232
24904,11,,1,,23233
24905,11,,1,,23234
24906,11,,1,,23235
24907,11,,1,,23236
24908,11,,1,,23237
24909,11,,1,,23238
24910,11,,1,,23239
24911,11,,1,,23240
24912,11,,1,,23241
24913,11,,1,,23242
24914,11,,1,,23243
24915,11,,1,,23244
24916,11,,1,,23245
24917,11,,1,,23246
24918,11,,1,,23247
24919,11,,1,,23248
24920,11,,1,,23249
24921,11,,1,,23250
24922,11,,1,,23251
24923,11,,1,,23252
24924,11,,1,,23253
24925,11,,1,,23254
24926,11,,1,,23255
24927,11,,1,,23256
24928,11,,1,,23257
24929,11,,1,,23258
24930,11,,1,,23259
24931,11,,1,,23260
24932,11,,1,,23261
24933,11,,1,,23262
24934,11,,1,,23263
24935,11,,1,,23264
24936,11,,1,,23265
24937,11,,1,,23266
24938,11,,1,,23267
24939,11,,1,,23268
24940,11,,1,,23269
24941,11,,1,,23270
24942,11,,1,,23271
24943,11,,1,,23272
24944,11,,1,,23273
24945,11,,1,,23274
24946,11,,1,,23275
24947,11,,1,,23276
24948,11,,1,,23277
24949,11,,1,,23278
24950,11,,1,,23279
24951,36,,2,,23280
24952,36,,2,,23281
24953,36,,2,,23283
24954,36,,2,,23284
24955,36,,2,,23285
24956,36,,2,,23286
24957,36,,2,,23287
24958,36,,2,,23288
24959,36,,1,,23289
24960,36,,1,,23290
24961,36,,1,,23291
24962,36,,1,,23292
24963,36,,1,,23293
24964,36,,1,,23294
24965,36,,1,,23295
24966,36,,1,,23296
24967,36,,1,,23297
24968,36,,1,,23298
24969,36,,1,,23299
24970,36,,1,,23300
24971,36,,1,,23301
24972,36,,1,,23302
24973,36,,1,,23303
24974,36,,1,,23304
24975,36,,1,,23305
24976,36,,1,,23306
24977,36,,1,,23307
24978,36,,1,,23308
24979,36,,1,,23309
24980,36,,1,,23310
24981,36,,1,,23311
24982,36,,1,,23312
24983,36,,1,,23313
24984,36,,1,,23314
24985,36,,1,,23315
24986,36,,1,,23316
24987,36,,1,,23317
24988,36,,1,,23318
24989,36,,1,,23319
24990,36,,1,,23320
24991,36,,1,,23321
24992,36,,1,,23322
24993,36,,1,,23323
24994,36,,1,,23324
24995,36,,1,,23325
24996,36,,1,,23326
24997,36,,1,,23327
24998,36,,1,,23328
24999,36,,1,,23329
25000,36,,1,,23330
25001,36,,1,,23331
25002,36,,1,,23332
25003,36,,1,,23333
25004,36,,1,,23334
25005,36,,1,,23335
25006,36,,1,,23336
25007,36,,1,,23337
25008,36,,1,,23338
25009,36,,1,,23339
25010,36,,1,,23340
25011,36,,1,,23341
25012,36,,1,,23342
25013,36,,1,,23343
25014,36,,1,,23344
25015,36,,1,,23345
25016,36,,1,,23346
25017,36,,1,,23347
25018,36,,1,,23348
25019,36,,1,,23348
25020,36,,1,,23348
25021,36,,1,,23349
25022,36,,1,,23349
25023,36,,1,,23349
25024,36,,1,,23349
25025,36,,1,,23349
25026,36,,1,,23349
25027,36,,1,,23349
25028,36,,1,,23349
25029,36,,1,,23349
25030,36,,1,,23349
25031,36,,1,,23349
25032,36,,1,,23349
25033,36,,1,,23349
25034,36,,1,,23349
25035,36,,1,,23349
25036,36,,1,,23349
25037,36,,1,,23349
25038,36,,1,,23349
25039,36,,1,,23349
25040,36,,1,,23349
25041,36,,1,,23349
25042,36,,1,,23349
25043,36,,1,,23349
25044,36,,1,,23349
25045,36,,1,,23349
25046,36,,1,,23350
25047,36,,1,,23350
25048,36,,1,,23350
25049,36,,1,,23350
25050,36,,1,,23350
25051,36,,1,,23350
25052,36,,1,,23350
25053,36,,1,,23351
25054,36,,1,,23352
25055,36,,1,,23353
25056,36,,1,,23354
25057,36,,1,,23355
25058,36,,1,,23356
25059,36,,1,,23357
25060,36,,1,,23358
25061,36,,1,,23359
25062,36,,1,,23360
25063,36,,1,,23361
25064,36,,1,,23362
25065,36,,1,,23363
25066,36,,1,,23364
25067,36,,1,,23365
25068,36,,1,,23366
25069,36,,1,,23367
25070,36,,1,,23368
25071,36,,1,,23369
25072,36,,1,,23370
25073,36,,1,,23371
25074,36,,1,,23372
25075,36,,1,,23373
25076,36,,1,,23374
25077,36,,1,,23375
25078,36,,1,,23376
25079,36,,1,,23377
25080,36,,1,,23378
25081,36,,1,,23379
25082,36,,1,,23380
25083,36,,1,,23381
25084,36,,1,,23382
25085,36,,1,,23383
25086,36,,1,,23384
25087,36,,1,,23385
25088,36,,1,,23386
25089,36,,1,,23387
25090,36,,1,,23388
25091,36,,1,,23389
25092,36,,1,,23390
25093,36,,1,,23391
25094,36,,1,,23392
25095,36,,1,,23393
25096,36,,1,,23394
25097,36,,1,,23395
25098,36,,1,,23396
25099,36,,1,,23397
25100,36,,1,,23398
25101,36,,1,,23399
25102,36,,1,,23400
25103,36,,1,,23401
25104,36,,1,,23402
25105,11,,1,,23403
25106,11,,1,,23404
25107,11,,1,,23405
25108,11,,1,,23406
25109,11,,1,,23407
25110,11,,1,,23408
25111,11,,1,,23409
25112,11,,1,,23410
25113,11,,1,,23411
25114,11,,1,,23412
25115,11,,1,,23413
25116,11,,1,,23414
25117,11,,1,,23415
25118,11,,1,,23416
25119,11,,1,,23417
25120,11,,1,,23418
25121,36,,1,,23419
25122,36,,1,,23420
25123,36,,1,,23421
25124,11,,1,,23422
25125,11,,1,,23423
25126,11,,1,,23424
25127,39,6,1,,23425
25128,11,,1,,23426
25129,11,,1,,23427
25130,11,,1,,23428
25131,36,,1,,23429
25132,36,,1,,23430
25133,36,,1,,23431
25134,11,,1,,23432
25135,11,,1,,23433
25136,11,,1,,23434
25137,11,,1,,23435
25138,11,,1,,23436
25139,11,,1,,23437
25140,36,,1,,23438
25141,36,,1,,23439
25142,36,,1,,23440
25143,36,,1,,23441
25144,36,,1,,23442
25145,36,,1,,23443
25146,11,,1,,23444
25147,36,,1,,23445
25148,36,,1,,23446
25149,11,,1,,23447
25150,36,,1,,23448
25151,36,,1,,23449
25152,36,,2,,23450
25153,36,,1,,23451
25154,36,,1,,23452
25155,11,,1,,23453
25156,11,,1,,23454
25157,11,,1,,23455
25158,36,,1,,23456
25159,36,,1,,23457
25160,36,,2,,23458
25161,36,,2,,23459
25162,36,,2,,23460
25163,36,,2,,23461
25164,36,,1,,23462
25165,36,,1,,23463
25166,36,,1,,23464
25167,36,,1,,23465
25168,36,,1,,23466
25169,36,,1,,23467
25170,36,,1,,23468
25171,36,,1,,23469
25172,36,,1,,23470
25173,36,,1,,23471
25174,36,,1,,23472
25175,36,,1,,23473
25176,36,,1,,23474
25177,36,,1,,23475
25178,36,,1,,23476
25179,36,,1,,23477
25180,36,,1,,23478
25181,36,,1,,23479
25182,36,,1,,23480
25183,36,,1,,23481
25184,36,,1,,23482
25185,36,,1,,23483
25186,36,,1,,23484
25187,36,,1,,23485
25188,36,,1,,23486
25189,36,,1,,23487
25190,36,,1,,23488
25191,36,,1,,23489
25192,36,,1,,23490
25193,36,,1,,23491
25194,36,,1,,23492
25195,36,,1,,23493
25196,36,,1,,23494
25197,36,,1,,23495
25198,36,,1,,23496
25199,36,,1,,23497
25200,36,,1,,23498
25201,36,,1,,23499
25202,36,,1,,23500
25203,11,,1,,23501
25204,11,,1,,23502
25205,11,,1,,23503
25206,11,,1,,23504
25207,11,,1,,23505
25208,11,,1,,23506
25209,11,,1,,23507
25210,11,,1,,23508
25211,11,,1,,23509
25212,11,,1,,23510
25213,11,,1,,23511
25214,11,,1,,23512
25215,11,,1,,23513
25216,11,,1,,23514
25217,11,,1,,23515
25218,11,,1,,23516
25219,11,,1,,23517
25220,11,,1,,23518
25221,11,,1,,23519
25222,11,,1,,23520
25223,11,,1,,23521
25224,11,,1,,23522
25225,11,,1,,23523
25226,11,,1,,23524
25227,11,,1,,23525
25228,11,,1,,23526
25229,11,,1,,23527
25230,11,,1,,23528
25231,11,,1,,23529
25232,11,,1,,23530
25233,11,,1,,23531
25234,11,,1,,23532
25235,11,,1,,23533
25236,11,,1,,23534
25237,11,,1,,23535
25238,11,,1,,23536
25239,11,,1,,23537
25240,11,,1,,23538
25241,11,,1,,23539
25242,11,,1,,23540
25243,11,,1,,23541
25244,11,,1,,23542
25245,11,,1,,23543
25246,11,,1,,23544
25247,11,,1,,23545
25248,11,,1,,23546
25249,11,,1,,23547
25250,11,,1,,23548
25251,11,,1,,23549
25252,11,,1,,23550
25253,11,,1,,23551
25254,11,,1,,23552
25255,11,,1,,23553
25256,11,,1,,23554
25257,11,,1,,23555
25258,11,,1,,23556
25259,11,,1,,23557
25260,11,,1,,23558
25261,11,,1,,23559
25262,11,,1,,23560
25263,11,,1,,23561
25264,11,,1,,23562
25265,11,,1,,23563
25266,11,,1,,23564
25267,11,,1,,23565
25268,11,,1,,23566
25269,11,,1,,23567
25270,11,,1,,23568
25271,11,,1,,23569
25272,11,,1,,23570
25273,11,,1,,23571
25274,11,,1,,23572
25275,11,,1,,23573
25276,11,,1,,23574
25277,11,,1,,23575
25278,11,,1,,23576
25279,11,,1,,23577
25280,11,,1,,23578
25281,11,,1,,23579
25282,11,,1,,23580
25283,11,,1,,23581
25284,11,,1,,23582
25285,11,,1,,23583
25286,11,,1,,23584
25287,11,,1,,23585
25288,11,,1,,23586
25289,11,,1,,23587
25290,11,,1,,23588
25291,11,,1,,23589
25292,11,,1,,23590
25293,11,,1,,23591
25294,11,,1,,23592
25295,11,,1,,23593
25296,11,,1,,23594
25297,11,,1,,23595
25298,11,,1,,23596
25299,11,,1,,23597
25300,11,,1,,23598
25301,11,,1,,23599
25302,11,,1,,23600
25303,11,,1,,23601
25304,11,,1,,23602
25305,11,,1,,23603
25306,11,,1,,23604
25307,11,,1,,23605
25308,11,,1,,23606
25309,11,,1,,23607
25310,11,,1,,23608
25311,11,,1,,23609
25312,11,,1,,23610
25313,11,,1,,23611
25314,11,,1,,23612
25315,11,,1,,23613
25316,11,,1,,23614
25317,11,,1,,23615
25318,11,,1,,23616
25319,11,,1,,23617
25320,11,,1,,23618
25321,11,,1,,23619
25322,11,,1,,23620
25323,11,,1,,23621
25324,11,,1,,23622
25325,11,,1,,23623
25326,11,,1,,23624
25327,11,,1,,23625
25328,11,,1,,23626
25329,11,,1,,23627
25330,11,,1,,23126
25331,36,,2,,23282
25332,11,,1,,23628
25333,11,,1,,23629
25334,11,,1,,23630
25335,11,,1,,23631
25336,11,,1,,23632
25337,11,,1,,23633
25338,11,,1,,23634
25339,11,,1,,23635
25340,11,,1,,23636
25341,11,,1,,23637
25342,11,,1,,23638
25343,11,,1,,23639
25344,11,,1,,23640
25345,11,,1,,23641
25346,11,,1,,23642
25347,11,,1,,23643
25348,11,,1,,23644
25349,11,,1,,23645
25350,11,,1,,23646
25351,11,,1,,23647
25352,11,,1,,23648
25353,11,,1,,23649
25354,11,,1,,23650
25355,11,,1,,23651
25356,11,,1,,23652
25357,11,,1,,23653
25358,11,,1,,23654
25359,11,,1,,23655
25360,11,,1,,23656
25361,11,,1,,23657
25362,11,,1,,23658
25363,11,,1,,23659
25364,11,,1,,23660
25365,11,,1,,23661
25366,11,,1,,23662
25367,11,,1,,23663
25368,11,,1,,23664
25369,11,,1,,23665
25370,11,,1,,23666
25371,11,,1,,23667
25372,11,,1,,23668
25373,11,,1,,23669
25374,11,,1,,23670
25375,11,,1,,23671
25376,11,,1,,23672
25377,11,,1,,23673
25378,11,,1,,23674
25379,11,,1,,23675
25380,11,,1,,23676
25381,11,,1,,23677
25382,11,,1,,23678
25383,11,,1,,23679
25384,11,,1,,23680
25385,11,,1,,23681
25386,11,,1,,23682
25387,11,,1,,23683
25388,11,,1,,23684
25389,11,,1,,23685
25390,11,,1,,23686
25391,11,,1,,23687
25392,11,,1,,23688
25393,11,,1,,23689
25394,11,,1,,23690
25395,11,,1,,23691
25396,11,,1,,23692
25397,11,,1,,23693
25398,11,,1,,23694
25399,11,,1,,23695
25400,11,,1,,23696
25401,11,,1,,23697
25402,11,,1,,23698
25403,11,,1,,23699
25404,11,,1,,23700
25405,11,,1,,23701
25406,11,,1,,23702
25407,11,,1,,23703
25408,11,,1,,23704
25409,11,,1,,23705
25410,11,,1,,23706
25411,11,,1,,23707
25412,11,,1,,23708
25413,11,,1,,23709
25414,11,,1,,23710
25415,11,,1,,23711
25416,11,,1,,23712
25417,11,,1,,23713
25418,11,,1,,23714
25419,11,,1,,23715
25420,11,,1,,23716
25421,11,,1,,23717
25422,11,,1,,23718
25423,11,,1,,23719
25424,11,,1,,23720
25425,11,,1,,23721
25426,11,,1,,23722
25427,11,,1,,23723
25428,11,,1,,23724
25429,11,,1,,23725
25430,11,,1,,23726
25431,11,,1,,23727
25432,11,,1,,23728
25433,11,,1,,23729
25434,11,,1,,23730
25435,11,,1,,23731
25436,11,,1,,23732
25437,11,,1,,23733
25438,11,,1,,23734
25439,11,,1,,23735
25440,11,,1,,23736
25441,11,,1,,23737
25442,11,,1,,23738
25443,11,,1,,23739
25444,11,,1,,23740
25445,11,,1,,23741
25446,11,,1,,23742
25447,11,,1,,23743
25448,11,,1,,23744
25449,11,,1,,23745
25450,11,,1,,23746
25451,11,,1,,23747
25452,11,,1,,23748
25453,11,,1,,23749
25454,11,,1,,23750
25455,11,,1,,23751
25456,11,,1,,23752
25457,11,,1,,23753
25458,11,,1,,23754
25459,11,,1,,23755
25460,11,,1,,23756
25461,11,,1,,23757
25462,11,,1,,23758
25463,11,,1,,23759
25464,11,,1,,23760
25465,11,,1,,23761
25466,11,,1,,23762
25467,11,,1,,23763
25468,11,,1,,23764
25469,11,,1,,23765
25470,11,,1,,23766
25471,11,,1,,23767
25472,11,,1,,23768
25473,11,,1,,23769
25474,11,,1,,23770
25475,11,,1,,23771
25476,11,,1,,23772
25477,11,,1,,23773
25478,11,,1,,23774
25479,11,,1,,23775
25480,11,,1,,23776
25481,11,,1,,23777
25482,11,,1,,23778
25483,11,,1,,23779
25484,11,,1,,23780
25485,11,,1,,23781
25486,11,,1,,23782
25487,11,,1,,23783
25488,11,,1,,23784
25489,11,,1,,23785
25490,11,,1,,23786
25491,11,,1,,23787
25492,11,,1,,23788
25493,11,,1,,23789
25494,11,,1,,23790
25495,11,,1,,23791
25496,11,,1,,23792
25497,11,,1,,23793
25498,11,,1,,23794
25499,11,,1,,23795
25500,11,,1,,23796
25501,11,,1,,23797
25502,11,,1,,23798
25503,11,,1,,23799
25504,11,,1,,23800
25505,11,,1,,23801
25506,11,,1,,23802
25507,11,,1,,23803
25508,11,,1,,23804
25509,11,,1,,23805
25510,11,,1,,23806
25511,11,,1,,23807
25512,11,,1,,23808
25513,11,,1,,23809
25514,11,,1,,23810
25515,11,,1,,23811
25516,11,,1,,23812
25517,11,,1,,23813
25518,11,,1,,23814
25519,11,,1,,23815
25520,11,,1,,23816
25521,11,,1,,23817
25522,11,,1,,23818
25523,11,,1,,23820
25524,11,,1,,23821
25525,11,,1,,23822
25526,11,,1,,23823
25527,11,,1,,23824
25528,11,,1,,23825
25529,11,,1,,23826
25530,11,,1,,23827
25531,11,,1,,23828
25532,11,,1,,23829
25533,11,,1,,23830
25534,11,,1,,23831
25535,11,,1,,23832
25536,11,,1,,23833
25537,11,,1,,23834
25538,11,,1,,23835
25539,11,,1,,23836
25540,11,,1,,23837
25541,11,,1,,23838
25542,11,,1,,23839
25543,11,,1,,23840
25544,11,,1,,23841
25545,11,,1,,23842
25546,11,,1,,23843
25547,11,,1,,23844
25548,11,,1,,23845
25549,11,,1,,23846
25550,11,,1,,23847
25551,11,,1,,23848
25552,11,,1,,23849
25553,11,,1,,23850
25554,11,,1,,23851
25555,11,,1,,23852
25556,11,,1,,23853
25557,11,,1,,23854
25558,11,,1,,23855
25559,11,,1,,23856
25560,11,,1,,23857
25561,11,,1,,23858
25562,11,,1,,23859
25563,11,,1,,23860
25564,11,,1,,23861
25565,11,,1,,23862
25566,11,,1,,23863
25567,11,,1,,23864
25568,11,,1,,23865
25569,11,,1,,23866
25570,11,,1,,23867
25571,11,,1,,23868
25572,11,,1,,23869
25573,11,,1,,23870
25574,11,,1,,23871
25575,11,,1,,23872
25576,11,,1,,23873
25577,11,,1,,23874
25578,11,,1,,23875
25579,11,,1,,23876
25580,11,,1,,23877
25581,11,,1,,23878
25582,11,,1,,23879
25583,11,,1,,23880
25584,11,,1,,23881
25585,11,,1,,23882
25586,11,,1,,23883
25587,11,,1,,23884
25588,11,,1,,23885
25589,11,,1,,23886
25590,11,,1,,23887
25591,11,,1,,23888
25592,11,,1,,23889
25593,11,,1,,23890
25594,11,,1,,23891
25595,11,,1,,23892
25596,11,,1,,23893
25597,11,,1,,23894
25598,11,,1,,23895
25599,11,,1,,23896
25600,11,,1,,23897
25601,11,,1,,23898
25602,11,,1,,23899
25603,11,,1,,23900
25604,11,,1,,23901
25605,11,,1,,23902
25606,11,,1,,23903
25607,11,,1,,23904
25608,11,,1,,23905
25609,11,,1,,23906
25610,11,,1,,23907
25611,11,,1,,23908
25612,11,,1,,23909
25613,11,,1,,23910
25614,11,,1,,23911
25615,11,,1,,23912
25616,11,,1,,23913
25617,11,,1,,23914
25618,11,,1,,23915
25619,11,,1,,23916
25620,11,,1,,23917
25621,11,,1,,23918
25622,11,,1,,23919
25623,11,,1,,23920
25624,11,,1,,23921
25625,11,,1,,23922
25626,11,,1,,23923
25627,11,,1,,23924
25628,11,,1,,23925
25629,11,,1,,23926
25630,11,,1,,23927
25631,11,,1,,23928
25632,11,,1,,23929
25633,11,,1,,23930
25634,11,,1,,23931
25635,11,,1,,23932
25636,11,,1,,23933
25637,11,,1,,23934
25638,11,,1,,23935
25639,11,,1,,23936
25640,11,,1,,23937
25641,11,,1,,23938
25642,11,,1,,23939
25643,11,,1,,23940
25644,11,,1,,23941
25645,11,,1,,23942
25646,11,,1,,23943
25647,11,,1,,23944
25648,11,,1,,23945
25649,11,,1,,23946
25650,11,,1,,23947
25651,11,,1,,23948
25652,11,,1,,23949
25653,11,,1,,23950
25654,11,,1,,23951
25655,11,,1,,23952
25656,11,,1,,23953
25657,11,,1,,23954
25658,11,,1,,23955
25659,11,,1,,23956
25660,11,,1,,23957
25661,11,,1,,23958
25662,11,,1,,23959
25663,11,,1,,23960
25664,11,,1,,23961
25665,11,,1,,23962
25666,11,,1,,23963
25667,11,,1,,23964
25668,11,,1,,23965
25669,11,,1,,23966
25670,11,,1,,23967
25671,11,,1,,23968
25672,11,,1,,23969
25673,11,,1,,23970
25674,11,,1,,23971
25675,11,,1,,23972
25676,11,,1,,23973
25677,11,,1,,23974
25678,11,,1,,23975
25679,11,,1,,23976
25680,11,,1,,23977
25681,11,,1,,23978
25682,11,,1,,23979
25683,11,,1,,23980
25684,11,,1,,23981
25685,11,,1,,23982
25686,11,,1,,23983
25687,11,,1,,23984
25688,11,,1,,23985
25689,11,,1,,23986
25690,11,,1,,23987
25691,11,,1,,23988
25692,11,,1,,23989
25693,11,,1,,23990
25694,11,,1,,23991
25695,11,,1,,23992
25696,11,,1,,23993
25697,11,,1,,23994
25698,11,,1,,23995
25699,11,,1,,23996
25700,11,,1,,23997
25701,11,,1,,23998
25702,11,,1,,23999
25703,11,,1,,24000
25704,11,,1,,24001
25705,11,,1,,24002
25706,11,,1,,24003
25707,11,,1,,24004
25708,11,,1,,24005
25709,11,,1,,24006
25710,11,,1,,24007
25711,11,,1,,24008
25712,11,,1,,24009
25713,11,,1,,24010
25714,11,,1,,24011
25715,11,,1,,24012
25716,11,,1,,24013
25717,11,,1,,24014
25718,11,,1,,24015
25719,11,,1,,24016
25720,11,,1,,24017
25721,11,,1,,24018
25722,11,,1,,24019
25723,11,,1,,24020
25724,11,,1,,24021
25725,11,,1,,24022
25726,11,,1,,24023
25727,11,,1,,24024
25728,11,,1,,24025
25729,11,,1,,24026
25730,11,,1,,24027
25731,11,,1,,24028
25732,11,,1,,24030
25733,11,,1,,24031
25734,11,,1,,24032
25735,11,,1,,24033
25736,11,,1,,24034
25737,11,,1,,24035
25738,11,,1,,24036
25739,11,,1,,24037
25740,11,,1,,24038
25741,11,,1,,24039
25742,11,,1,,24040
25743,11,,1,,24041
25744,11,,1,,24042
25745,11,,1,,24043
25746,11,,1,,24044
25747,11,,1,,24045
25748,11,,1,,24046
25749,11,,1,,24047
25750,11,,1,,24048
25751,11,,1,,24049
25752,11,,1,,24050
25753,11,,1,,24051
25754,11,,1,,24053
25755,11,,1,,24054
25756,11,,1,,24055
25757,11,,1,,24056
25758,11,,1,,24057
25759,11,,1,,24058
25760,11,,1,,24059
25761,11,,1,,24060
25762,11,,1,,24061
25763,11,,1,,24062
25764,11,,1,,24063
25765,11,,1,,24064
25766,11,,1,,24065
25767,11,,1,,24066
25768,11,,1,,24067
25769,11,,1,,24068
25770,11,,1,,24069
25771,11,,1,,24070
25772,11,,1,,24071
25773,11,,1,,24072
25774,11,,1,,24073
25775,11,,1,,24074
25776,11,,1,,24075
25777,11,,1,,24076
25778,11,,1,,24077
25779,11,,1,,24078
25780,11,,1,,24079
25781,11,,1,,24080
25782,11,,1,,24081
25783,11,,1,,24082
25784,11,,1,,24083
25785,11,,1,,24084
25786,11,,1,,24085
25787,11,,1,,24086
25788,11,,1,,24087
25789,11,,1,,24088
25790,11,,1,,24089
25791,11,,1,,24090
25792,11,,1,,24091
25793,11,,1,,24092
25794,11,,1,,24093
25795,11,,1,,24094
25796,11,,1,,24095
25797,11,,1,,24096
25798,11,,1,,24097
25799,11,,1,,24098
25800,11,,1,,24099
25801,11,,1,,24100
25802,11,,1,,24101
25803,11,,1,,24102
25804,11,,1,,24103
25805,11,,1,,24104
25806,11,,1,,24105
25807,11,,1,,24106
25808,11,,1,,24107
25809,11,,1,,24108
25810,11,,1,,24109
25811,11,,1,,24110
25812,11,,1,,24111
25813,11,,1,,24112
25814,11,,1,,24113
25815,11,,1,,24114
25816,11,,1,,24115
25817,11,,1,,24116
25818,11,,1,,24117
25819,11,,1,,24118
25820,11,,1,,24119
25822,11,,1,,24120
25823,11,,1,,24121
25824,11,,1,,24122
25825,11,,1,,24123
25826,11,,1,,24124
25827,11,,1,,24125
25828,11,,1,,24126
25829,11,,1,,24127
25830,11,,1,,24128
25831,11,,1,,24129
25832,11,,1,,24130
25833,11,,1,,24131
25834,11,,1,,24132
25835,11,,1,,24133
25836,11,,1,,24134
25837,11,,1,,24135
25838,11,,1,,24136
25839,11,,1,,24137
25840,11,,1,,24138
25841,11,,1,,24139
25842,11,,1,,24140
25843,11,,1,,24141
25844,11,,1,,24142
25845,11,,1,,24143
25846,11,,1,,24144
25847,11,,1,,24145
25848,11,,1,,24146
25849,11,,1,,24147
25850,11,,1,,24148
25851,11,,1,,24149
25852,11,,1,,24150
25853,11,,1,,24151
25854,11,,1,,24152
25855,11,,1,,24153
25856,11,,1,,24154
25857,11,,1,,24155
25858,11,,1,,24156
25859,11,,1,,24157
25860,11,,1,,24158
25861,11,,1,,24159
25862,11,,1,,24160
25863,11,,1,,24161
25864,11,,1,,24162
25865,11,,1,,24163
25866,11,,1,,24164
25867,11,,1,,24165
25868,11,,1,,24166
25869,11,,1,,24167
25870,11,,1,,24168
25871,11,,1,,24169
25872,11,,1,,24170
25873,11,,1,,24171
25874,11,,1,,24172
25875,11,,1,,24173
25876,11,,1,,24174
25877,11,,1,,24175
25878,11,,1,,24176
25879,11,,1,,24177
25880,11,,1,,24178
25881,11,,1,,24179
25882,11,,1,,24180
25883,11,,1,,24181
25884,11,,1,,24182
25885,11,,1,,24183
25886,11,,1,,24184
25887,11,,1,,24185
25888,11,,1,,24186
25889,11,,1,,24187
25890,11,,1,,24188
25891,11,,1,,24189
25892,11,,1,,24190
25893,11,,1,,24191
25894,11,,1,,24192
25895,11,,1,,24193
25896,11,,1,,24194
25897,11,,1,,24195
25898,11,,1,,24196
25899,11,,1,,24197
25900,11,,1,,24198
25901,11,,1,,24199
25902,11,,1,,24200
25903,11,,1,,24201
25904,11,,1,,24202
25905,11,,1,,24203
25906,11,,1,,24204
25907,11,,1,,24205
25908,11,,1,,24206
25909,11,,1,,24207
25910,11,,1,,24208
25911,11,,1,,24209
25912,11,,1,,24210
25913,11,,1,,24211
25914,11,,1,,24212
25915,11,,1,,24213
25916,11,,1,,24214
25917,11,,1,,24215
25918,11,,1,,24216
25919,11,,1,,24217
25920,11,,1,,24218
25921,11,,1,,24219
25922,11,,1,,24220
25923,11,,1,,24221
25924,11,,1,,24222
25925,11,,1,,24223
25926,11,,1,,24224
25927,11,,1,,24225
25928,11,,1,,24226
25929,11,,1,,24227
25930,11,,1,,24228
25931,11,,1,,24229
25932,11,,1,,24230
25933,11,,1,,24231
25934,11,,1,,24232
25935,11,,1,,24233
25936,11,,1,,24234
25937,11,,1,,24235
25938,11,,1,,24236
25939,11,,1,,24237
25940,11,,1,,24238
25941,11,,1,,24239
25942,11,,1,,24240
25943,11,,1,,24241
25944,11,,1,,24242
25945,11,,1,,24243
25946,11,,1,,24244
25947,36,,2,,24245
25948,39,,2,,24246
25949,39,,2,,24247
25950,39,,2,,24248
25951,36,,2,,24249
25952,36,,2,,24250
25953,36,,1,,24251
25954,36,,1,,24252
25955,36,,1,,24253
25956,36,,1,,24254
25957,36,,1,,24255
25958,36,,1,,24256
25959,11,,1,,24257
25960,11,,1,,24258
25961,11,,1,,24259
25962,11,,1,,24260
25963,11,,1,,24261
25964,11,,1,,24262
25965,36,,1,,24263
25966,36,,1,,24264
25967,36,,1,,24265
25968,36,,4,,24266
25969,36,,1,4,24267
25970,36,,4,,24268
25971,36,,1,,24269
25972,36,,1,,24270
25973,36,,1,,24271
25974,36,,1,,24272
25975,36,,1,,24273
25976,36,,1,,24274
25977,36,,1,,24275
25978,36,,1,,24276
25979,36,,1,,24277
25980,11,,1,,24278
25981,11,,1,,24279
25982,11,,1,,24280
25983,36,,1,,24281
25984,36,,1,,24282
25985,36,,1,,24283
25986,36,,1,,24284
25987,36,,2,,24285
25988,36,,2,,24286
25989,36,,1,,24287
25990,36,,1,,24288
25991,36,,1,,24289
25992,36,,1,,24290
25993,36,,1,,24291
25994,11,,1,,24292
25995,36,,2,,24293
25996,36,,2,,24294
25997,36,,1,,24295
25998,36,,2,,24296
25999,36,,3,,24297
26000,36,,3,,24298
26001,36,,1,,24299
26002,36,,1,,24300
26003,36,,1,,24301
26004,36,,1,,24302
26005,36,,1,,24303
26006,36,,1,,24304
26007,11,,1,,24305
26008,11,,1,,24306
26009,11,,1,,24307
26010,11,,1,,24308
26011,11,,1,,24309
26012,11,,1,,24310
26013,36,,1,,24311
26014,36,,1,,24312
26015,36,,1,,24313
26016,39,6,1,,24314
26017,39,6,1,,24315
26018,11,,1,,24316
26019,11,,1,,24317
26020,36,,1,,24318
26021,36,,1,,24319
26022,36,,1,,24320
26023,36,,1,,24321
26024,36,,1,,24322
26025,36,,1,,24323
26026,36,,1,,24324
26027,36,,1,,24325
26028,36,,1,,24326
26029,36,,1,,24327
26030,36,,1,,24328
26031,36,,1,,24329
26032,36,,1,,24330
26033,36,,1,,24331
26034,36,,1,,24332
26035,36,,1,,24333
26036,36,,1,,24334
26037,36,,1,,24335
26038,36,,1,,24336
26039,36,,1,,24337
26040,36,,1,,24338
26041,36,,1,,24339
26042,36,,1,,24340
26043,11,,1,,24341
26044,11,,1,,24342
26045,11,,1,,24343
26046,36,,2,,24344
26047,36,,2,,24345
26048,36,,3,,24346
26049,36,,2,,24347
26050,36,,2,,24348
26051,36,,2,,24349
26052,36,,1,,24350
26053,36,,1,,24351
26054,36,,1,,24352
26055,36,,1,,24353
26056,36,,1,,24354
26057,36,,1,,24355
26058,36,,1,,24356
26059,36,,1,,24357
26060,36,,1,,24358
26061,36,,2,,24359
26062,39,,1,Ranger,31125
26063,39,,1,ranger,31126
26064,39,1,1,,31127
26065,39,3,1,,31128
26066,39,3,1,,31129
26067,11,,1,,31130
26068,39,3,1,,31131
26069,36,,1,,31132
26070,11,,1,,31133
26071,39,1,1,,31134
26072,39,1,1,,31135
26073,39,1,1,,31136
26074,39,1,1,,31137
26075,39,1,1,marathon,31138
26076,39,1,1,marathon,31139
26077,39,1,1,marathon,31140
26078,39,1,1,marathon,31141
26079,39,1,1,marathon,31142
26080,39,1,1,marathon,31143
26081,39,1,1,marathon,31144
26082,39,1,1,marathon,31145
26083,39,1,1,marathon,31146
26084,39,1,1,marathon,31147
26085,39,1,1,marathon,31148
26086,39,1,1,marathon,31149
26087,39,1,1,marathon,31150
26088,39,1,1,marathon,31151
26089,39,1,1,marathon,31152
26090,39,1,1,marathon,31153
26091,39,1,1,marathon,31154
26092,39,1,1,marathon,31155
26093,39,1,1,marathon,31156
26094,39,1,1,marathon,31157
26095,39,1,2,marathon,31158
26096,39,1,3,marathon,31159
26097,39,1,3,marathon,31160
26098,39,1,1,marathon,31161
26099,39,1,1,marathon,31162
26100,39,1,1,marathon,31163
26101,39,1,1,marathon,31164
26102,39,1,3,marathon,31165
26103,39,1,2,marathon,31166
26104,39,1,2,marathon,31167
26105,39,1,2,marathon,31168
26106,39,1,1,marathon,31169
26107,39,1,1,marathon,31170
26108,39,1,1,marathon,31171
26109,39,1,2,marathon,31172
26110,39,1,3,marathon,31173
26111,39,1,2,marathon,31174
26112,39,1,1,marathon,31175
26113,39,1,2,marathon,31176
26114,39,1,3,marathon,31177
26115,39,1,2,marathon,31178
26116,39,1,2,marathon,31179
26117,39,1,1,marathon,31180
26118,39,1,3,marathon,31181
26119,39,1,1,marathon,31182
26120,39,1,3,marathon,31183
26121,39,1,1,marathon,31184
26122,39,1,3,marathon,31185
26123,39,1,1,marathon,31186
26124,39,1,2,marathon,31187
26125,39,1,2,marathon,31188
26126,39,1,1,marathon,31189
26127,39,1,1,marathon,31190
26128,39,1,2,marathon,31191
26129,39,1,2,marathon,31192
26130,39,1,1,marathon,31193
26131,39,1,2,marathon,31194
26132,39,1,1,marathon,31195
26133,39,1,1,marathon,31196
26134,39,1,1,marathon,31197
26135,39,1,1,marathon,31198
26136,39,1,1,marathon,31199
26137,39,1,1,marathon,31200
26138,39,1,2,marathon,31201
26139,39,1,1,marathon,31202
26140,39,1,1,marathon,31203
26141,39,1,2,marathon,31204
26142,39,1,1,marathon,31205
26143,39,1,2,marathon,31206
26144,39,,1,ranger,31207
26145,39,1,1,marathon,31208
26146,39,1,1,marathon,31209
26147,39,1,1,marathon,31210
26148,39,1,1,marathon,31211
26149,39,1,1,marathon,31212
26150,39,1,2,marathon,31213
26151,39,1,1,marathon,31214
26152,39,1,1,marathon,31215
26153,39,1,1,marathon,31216
26154,39,1,3,,31217
26155,39,,1,ranger,31218
26156,39,1,1,,31219
26157,39,1,1,,31220
26158,39,1,1,,31221
26159,39,1,1,,31222
26160,39,3,1,,31223
26161,23,,2,,31224
26162,39,1,1,,31224
26163,23,5,1,,31224
26164,39,3,2,,31225
26165,39,3,1,,31226
26166,36,,1,,31227
26167,36,,1,,31228
26168,39,3,1,,31229
26169,39,1,1,,31230
26170,39,1,1,,31231
26171,39,1,2,,31232
26172,23,7,1,,31232
26173,39,1,1,,31233
26174,39,3,1,,31234
26175,39,1,1,,31235
26176,39,1,1,,31236
26177,36,,1,,31237
26178,11,,1,,31238
26179,39,2,1,,31239
26180,39,1,1,,31240
26181,39,1,1,,31241
26182,39,1,1,,31242
26183,39,1,2,,31243
26184,39,3,1,,31244
26185,39,3,1,,31245
26186,39,3,1,,31246
26187,39,1,2,,31247
26188,39,1,1,,31248
26189,23,7,1,,31248
26190,39,1,1,,31249
26191,39,3,2,,31250
26192,39,4,2,,31251
26193,66,,2,,31251
26194,39,,1,ranger,31252
26195,39,,1,ranger,31253
26196,39,1,2,,31254
26197,39,3,2,,31255
26198,11,,1,,31256
26199,11,,1,,31257
26200,11,,1,,31258
26201,11,,1,,31259
26202,11,,1,,31260
26203,11,,1,,31261
26204,11,,1,,31262
26205,11,,1,,31263
26206,11,,1,,31264
26207,11,,1,,31265
26208,39,1,2,,31266
26209,11,,1,,31267
26210,11,,1,,31268
26211,11,,1,,31269
26212,11,,1,,31270
26213,39,1,1,,31271
26214,23,5,1,,31271
26215,11,,1,,31272
26216,11,,1,,31273
26217,39,1,1,,31274
26218,11,,1,,31275
26219,11,,1,,31276
26220,11,,1,,31277
26221,11,,1,,31278
26222,11,,1,,31279
26223,11,,1,,31280
26224,39,2,1,,31281
26225,11,,1,,31282
26226,39,1,1,,31283
26227,39,,2,ATV,31284
26228,11,,1,,31285
26229,39,,2,ATV,31286
26230,39,3,1,,31287
26231,39,1,1,,31288
26232,39,1,1,,31289
26233,39,3,1,,31290
26234,39,1,1,,31291
26235,39,1,2,,31292
26236,39,1,1,,31293
26237,72,39,1,,31294
26238,39,1,1,,31295
26239,39,1,1,,31296
26240,39,1,1,,31297
26241,39,1,1,,31298
26242,39,1,1,,31299
26243,39,1,1,,31300
26244,39,1,1,,31301
26245,11,,1,,31302
26246,39,1,2,,31303
26247,39,1,2,,31304
26248,39,3,1,,31305
26249,39,3,1,,31306
26250,39,1,1,,31307
26251,39,1,2,,31308
26252,39,3,1,,31309
26253,39,3,1,,31310
26254,39,3,1,,31311
26255,39,3,2,,31312
26256,39,3,1,,31313
26257,39,3,1,,31314
26258,39,1,1,,31315
26259,39,1,1,,31316
26260,39,2,1,,31317
26261,39,2,1,,31318
26262,39,2,1,,31319
26263,39,3,1,,31320
26264,39,,1,ATV,31321
26265,39,,1,ATV,31322
26267,39,,1,ranger,31324
26268,39,,1,ATV,31325
26269,39,,1,truck,31326
26270,39,1,1,,31327
26271,39,,1,truck,31328
26272,39,,1,truck,31329
26273,39,,1,ATV,31330
26274,39,,2,ATV,31331
26275,39,,1,ATV,31332
26276,39,2,1,,31333
26277,39,2,1,,31334
26278,39,3,1,,31335
26279,39,,1,ATV,31336
26280,39,,1,ATV,31337
26281,39,1,1,,31338
26282,39,1,1,,31339
26283,39,1,1,,31340
26284,39,1,1,,31341
26285,39,3,1,,31342
26286,39,3,1,,31343
26287,39,3,1,,31344
26288,39,1,1,,31345
26289,39,1,1,,31346
26290,39,1,2,,31347
26291,39,1,1,,31348
26292,39,1,1,,31349
26293,39,1,1,,31350
26294,39,1,1,,31351
26295,39,1,1,,31352
26296,39,1,1,,31353
26297,39,1,1,,31354
26298,23,7,1,,31354
26299,39,1,1,,31355
26300,39,1,1,,31356
26301,39,3,1,,31357
26302,39,3,1,,31358
26303,39,3,1,,31359
26304,39,1,1,,31360
26305,39,1,1,,31361
26306,39,1,2,,31362
26307,39,1,1,,31363
26308,39,3,1,,31364
26309,39,3,1,,31365
26310,39,1,1,,31366
26311,39,3,1,,31367
26312,36,,1,???,31368
26313,36,,1,???,31369
26314,11,,1,,31370
26315,39,1,1,,31371
26316,39,1,1,,31372
26317,39,1,1,,31373
26318,39,1,1,,31374
26319,39,1,1,,31375
26320,23,7,1,,31375
26321,11,,1,,31376
26322,11,,1,,31377
26323,11,,1,,31378
26324,11,,1,,31379
26325,11,,1,,31380
26326,11,,1,,31381
26327,11,,1,,31382
26328,11,,1,,31383
26329,11,,1,,31384
26330,11,,1,,31385
26331,11,,1,,31386
26332,11,,1,,31387
26333,11,,1,,31388
26334,11,,1,,31389
26335,11,,1,,31390
26336,11,,1,,31391
26337,11,,1,,31392
26338,11,,1,,31393
26339,11,,1,,31394
26340,11,,1,,31395
26341,11,,1,,31396
26342,11,,1,,31397
26343,11,,1,,31398
26344,11,,1,,31399
26345,11,,1,,31400
26346,11,,1,,31401
26347,11,,1,,31402
26348,11,,1,,31403
26349,11,,1,,31404
26350,39,1,1,,31405
26351,39,3,1,,31406
26352,36,,1,,31407
26353,39,1,1,,31408
26354,23,7,1,,31408
26355,11,,1,,31409
26356,39,1,1,,31410
26357,23,7,1,,31410
26358,39,3,2,,31411
26359,39,3,1,,31412
26360,11,,1,,31413
26361,11,,1,,31414
26362,39,1,1,,31415
26363,39,1,1,,31416
26364,39,1,1,,31417
26365,39,1,1,,31418
26366,39,1,2,,31419
26367,39,1,2,,31420
26368,11,,1,,31421
26369,11,,1,,31422
26370,11,,1,,31423
26371,11,,1,,31424
26372,11,,1,,31425
26373,11,,1,,31426
26374,11,,1,,31427
26375,11,,1,,31428
26376,11,,1,,31429
26377,11,,1,,31430
26378,11,,1,,31431
26379,11,,1,,31432
26380,11,,1,,31433
26381,11,,1,,31434
26382,11,,1,,31435
26383,11,,1,,31436
26384,11,,1,,31437
26385,11,,1,,31438
26386,11,,1,,31439
26387,11,,1,,31440
26388,11,,1,,31441
26389,11,,1,,31442
26390,11,,1,,31443
26391,11,,1,,31444
26392,11,,1,,31445
26393,11,,1,,31446
26394,11,,1,,31447
26395,11,,1,,31448
26396,11,,1,,31449
26397,11,,1,,31450
26398,11,,1,,31451
26399,11,,1,,31452
26400,11,,1,,31453
26401,11,,1,,31454
26402,11,,1,,31455
26403,11,,1,,31456
26404,39,3,1,,31457
26405,11,,1,,31458
26406,11,,1,,31459
26407,11,,1,,31460
26408,39,3,1,,31461
26409,39,3,1,,31462
26410,11,,1,,31463
26411,11,,1,,31464
26412,11,,1,,31465
26413,11,,1,,31466
26414,11,,1,,31467
26415,11,,1,,31468
26416,11,,1,,31469
26417,11,,1,,31470
26418,11,,1,,31471
26419,11,,1,,31472
26420,11,,1,,31473
26421,11,,1,,31474
26422,11,,1,,31475
26423,11,,1,,31476
26424,11,,1,,31477
26425,11,,1,,31478
26426,11,,1,,31479
26427,11,,1,,31480
26428,11,,1,,31481
26429,11,,1,,31482
26430,11,,1,,31483
26431,11,,1,,31484
26432,11,,1,,31485
26433,11,,1,,31486
26434,11,,1,,31487
26435,39,3,1,,31488
26436,11,,1,,31489
26437,11,,1,,31490
26438,11,,1,,31491
26439,11,,1,,31492
26440,11,,1,,31493
26441,11,,1,,31494
26442,11,,1,,31495
26443,11,,1,,31496
26444,11,,1,,31497
26445,11,,1,,31498
26446,11,,1,,31499
26447,11,,1,,31500
26448,39,1,1,,31501
26449,39,1,1,,31502
26450,11,,1,,31503
26451,39,1,2,,31504
26452,11,,1,,31505
26453,11,,1,,31506
26454,11,,1,,31507
26455,11,,1,,31508
26456,11,,1,,31509
26457,11,,1,,31510
26458,11,,1,,31511
26459,11,,1,,31512
26460,11,,1,,31513
26461,11,,1,,31514
26462,11,,1,,31515
26463,11,,1,,31516
26464,11,,1,,31517
26465,11,,1,,31518
26466,11,,1,,31519
26467,11,,1,,31520
26468,11,,1,,31521
26469,11,,1,,31522
26470,11,,1,,31523
26471,11,,1,,31524
26472,11,,1,,31525
26473,11,,1,,31526
26474,11,,1,,31527
26475,11,,1,,31528
26476,39,1,1,,31529
26477,39,1,1,,31530
26478,23,7,1,,31530
26479,39,1,2,,31531
26480,39,1,1,,31532
26481,39,3,1,,31533
26482,39,3,1,,31534
26483,39,3,1,,31535
26484,39,1,2,,31536
26485,11,,1,,31537
26486,11,,1,,31538
26487,11,,1,,31539
26488,11,,1,,31540
26489,11,,1,,31541
26490,11,,1,,31542
26491,39,1,2,,31543
26492,11,,1,,31544
26493,39,3,1,,31545
26494,11,,1,,31546
26495,11,,1,,31547
26496,11,,1,,31548
26497,11,,1,,31549
26498,11,,1,,31550
26499,11,,1,,31551
26500,11,,1,,31552
26501,11,,1,,31553
26502,11,,1,,31554
26503,11,,1,,31555
26504,11,,1,,31556
26505,11,,1,,31557
26506,11,,1,,31558
26507,11,,1,,31559
26508,11,,1,,31560
26509,11,,1,,31561
26510,11,,1,,31562
26511,11,,1,,31563
26512,11,,1,,31564
26513,11,,1,,31565
26514,11,,1,,31566
26515,11,,1,,31567
26516,11,,1,,31568
26517,11,,1,,31569
26518,11,,1,,31570
26519,11,,1,,31571
26520,11,,1,,31572
26521,11,,1,,31573
26522,11,,1,,31574
26523,11,,1,,31575
26524,11,,1,,31576
26525,11,,1,,31577
26526,11,,1,,31578
26527,11,,1,,31579
26528,11,,1,,31580
26529,39,3,1,,31581
26530,39,3,1,,31582
26531,39,1,1,,31583
26532,11,,1,,31584
26533,11,,1,,31585
26534,11,,1,,31586
26535,11,,1,,31587
26536,36,,1,,31588
26537,39,1,1,,31589
26538,39,,1,ATV,31590
26539,39,,1,ATV,31591
26540,39,,1,ATV,31592
26541,39,1,1,,31593
26542,39,,1,ATV,31594
26543,39,,1,ATV,31595
26544,11,,1,,31596
26545,11,,1,,31597
26546,11,,1,,31598
26547,39,1,1,,31599
26548,36,,2,,31600
26549,11,,1,,31601
26550,39,1,1,,31602
26551,23,7,1,,31602
26552,39,1,1,,31603
26553,39,1,1,,31604
26554,39,1,1,,31605
26555,39,1,1,,31606
26556,39,1,1,,31607
26557,11,,1,,31608
26558,39,3,1,,31609
26559,39,1,1,,31610
26560,39,3,1,,31611
26561,39,3,1,,31612
26562,39,3,2,,31613
26563,39,1,1,,31614
26564,11,,1,,31615
26565,39,3,1,,31616
26566,39,1,1,,31617
26567,39,3,1,,31618
26568,39,1,2,,31619
26569,39,1,1,,31620
26570,39,1,2,,31621
26571,39,3,1,,31622
26572,39,1,2,,31623
26573,39,3,1,,31624
26574,39,1,1,,31625
26575,39,3,1,,31626
26576,39,4,2,,31627
26577,66,,2,,31627
26578,39,1,2,,31628
26579,39,3,1,,31629
26580,39,1,1,,31630
26581,39,1,1,,31631
26582,39,1,2,,31632
26583,23,7,1,,31632
26584,39,3,1,,31633
26585,39,3,1,,31634
26586,39,1,1,,31635
26587,39,1,1,,31636
26588,39,1,1,,31637
26589,11,,1,,31638
26590,39,3,2,,31639
26591,39,1,1,,31640
26592,11,,1,,31641
26593,39,1,1,,31642
26594,39,1,1,,31643
26595,39,1,3,,31644
26596,39,1,1,,31645
26597,39,1,1,,31646
26598,39,1,1,,31647
26599,39,1,1,,31648
26600,39,3,1,,31649
26601,39,3,1,,31650
26602,39,3,2,,31651
26603,39,1,1,,31652
26604,23,7,1,,31652
26605,39,3,1,,31653
26606,39,3,1,,31654
26607,39,3,1,,31655
26608,39,3,1,,31656
26609,39,1,1,,31657
26610,39,1,2,,31658
26611,39,1,1,,31659
26612,39,1,1,,31660
26613,39,1,1,,31661
26614,39,1,1,,31662
26615,39,3,1,,31663
26616,39,1,3,,31664
26617,23,7,1,,31664
26618,39,3,2,,31665
26619,11,,1,,31666
26620,11,,1,,31667
26621,11,,1,,31668
26622,11,,1,,31669
26623,39,1,2,,31670
26624,11,,1,,31671
26625,11,,1,,31672
26626,39,1,1,,31673
26627,39,1,1,,31674
26628,39,3,1,,31675
26629,39,1,1,,31676
26630,39,3,1,,31677
26631,39,1,1,,31678
26632,39,1,1,,31679
26633,39,1,1,,31680
26634,23,7,1,,31680
26635,39,1,1,,31681
26636,39,1,1,,31682
26637,39,1,2,,31683
26638,39,1,1,,31684
26639,39,1,1,,31685
26640,39,3,1,,31686
26641,39,1,1,,31687
26642,39,1,1,,31688
26643,39,3,1,,31689
26644,39,4,1,,31690
26645,66,,1,,31690
26646,39,1,1,,31691
26647,39,3,2,,31692
26648,39,1,1,,31693
26649,39,4,2,,31694
26650,66,,2,,31694
26651,39,3,1,,31695
26652,39,3,1,,31696
26653,39,3,1,,31697
26654,39,3,1,,31698
26655,39,1,2,,31699
26656,39,1,1,,31700
26657,39,3,1,,31701
26658,39,1,2,,31702
26659,39,3,2,,31703
26660,39,,1,truck,31704
26661,39,,1,truck,31705
26662,39,3,1,,31706
26663,11,,1,,31707
26664,11,,1,,31708
26665,11,,1,,31709
26666,11,,1,,31710
26667,39,3,1,,31711
26668,11,,1,,31712
26669,11,,1,,31713
26670,11,,1,,31714
26671,11,,1,,31715
26672,11,,1,,31716
26673,11,,1,,31717
26674,11,,1,,31718
26675,11,,1,,31719
26676,11,,1,,31720
26677,39,1,2,,31722
26678,39,1,1,,31723
26679,39,1,1,,31724
26680,39,1,2,,31725
26681,39,3,2,,31726
26682,23,7,1,,31727
26683,39,1,1,,31728
26684,39,1,1,,31729
26685,39,6,1,,31730
26686,39,6,1,,31731
26687,11,,1,,23819
26688,11,,1,,24029
26689,11,,1,,24052
26690,36,,2,,24360
26691,36,,2,,24361
26692,36,,1,,24362
26693,36,,1,,24363
26694,36,,1,,24364
26695,36,,1,,24365
26696,36,,1,,24366
26697,36,,1,,24367
26698,36,,1,,24368
26699,36,,1,,24369
26700,36,,1,,24370
26701,36,,1,,24371
26702,36,,1,,24372
26703,36,,1,,24373
26704,36,,3,,24374
26705,36,,3,,24375
26706,36,,3,,24376
26707,36,,3,,24377
26708,36,,3,,24378
26709,36,,3,,24379
26710,36,,3,,24380
26711,36,,4,,24381
26712,36,,4,,24382
26713,36,,1,,24383
26714,36,,1,,24384
26715,36,,1,,24385
26716,36,,1,,24386
26717,36,,1,,24387
26718,36,,1,,24388
26719,11,,1,,24389
26720,11,,1,,24390
26721,11,,1,,24391
26722,11,,1,,24392
26723,11,,1,,24393
26724,11,,1,,24394
26725,11,,1,,24395
26726,11,,1,,24396
26727,11,,1,,24397
26728,11,,1,,24398
26729,11,,1,,24399
26730,11,,1,,24400
26731,36,,1,,24401
26732,36,,1,,24402
26733,36,,1,,24403
26734,36,,1,,24404
26735,36,,1,,24405
26736,36,,1,,24406
26737,36,,1,,24407
26738,36,,1,,24408
26739,36,,1,,24409
26740,11,,1,,24410
26741,11,,1,,24411
26742,11,,1,,24412
26743,36,,1,,24413
26744,36,,1,,24414
26745,36,,1,,24415
26746,36,,1,,24416
26747,36,,2,,24417
26748,36,,2,,24418
26749,36,,2,,24419
26750,36,,2,,24420
26751,36,,2,,24421
26752,36,,2,,24422
26753,36,,2,,24423
26754,36,,2,,24424
26755,36,,2,,24425
26756,36,,2,,24426
26757,36,,2,,24427
26758,36,,3,,24428
26759,36,,3,,24429
26760,36,,3,,24430
26761,36,,3,,24431
26762,36,,2,,24432
26763,36,,2,,24433
26764,36,,2,,24434
26765,36,,2,,24435
26766,36,,2,,24436
26767,36,,2,,24437
26768,36,,2,,24438
26769,36,,2,,24439
26770,36,,1,,24440
26771,36,,1,,24441
26772,36,,1,,24442
26773,36,,1,,24443
26774,36,,1,,24444
26775,11,,1,,24445
26776,36,,1,,24446
26777,36,,1,,24447
26778,11,,1,,24448
26779,36,,1,,24449
26780,36,,1,,24450
26781,36,,1,,24451
26782,36,,1,,24452
26783,36,,1,,24453
26784,36,,1,,24454
26785,36,,1,,24455
26786,36,,1,,24456
26787,36,,1,,24457
26788,36,,1,,24458
26789,36,,1,,24459
26790,36,,1,,24460
26791,36,,1,,24461
26792,36,,1,,24462
26793,36,,1,,24463
26794,36,,1,,24464
26795,36,,1,,24465
26796,36,,1,,24466
26797,11,,1,,24467
26798,11,,1,,24468
26799,11,,1,,24469
26800,11,,1,,24470
26801,11,,1,,24471
26802,11,,1,,24472
26803,11,,1,,24473
26804,11,,1,,24474
26805,11,,1,,24475
26806,11,,1,,24476
26807,11,,1,,24477
26808,11,,1,,24478
26809,11,,1,,24479
26810,11,,1,,24480
26811,11,,1,,24481
26812,11,,1,,24482
26813,11,,1,,24483
26814,11,,1,,24484
26815,11,,1,,24485
26816,11,,1,,24486
26817,11,,1,,24487
26818,11,,1,,24488
26819,11,,1,,24489
26820,11,,1,,24490
26821,11,,1,,24491
26822,11,,1,,24492
26823,11,,1,,24493
26824,11,,1,,24494
26825,11,,1,,24495
26826,11,,1,,24496
26827,11,,1,,24497
26828,11,,1,,24498
26829,11,,1,,24499
26830,11,,1,,24500
26831,11,,1,,24501
26832,11,,1,,24502
26833,11,,1,,24503
26834,11,,1,,24504
26835,11,,1,,24505
26836,11,,1,,24506
26837,11,,1,,24507
26838,11,,1,,24508
26839,11,,1,,24509
26840,11,,1,,24510
26841,11,,1,,24511
26842,11,,1,,24512
26843,11,,1,,24513
26844,11,,1,,24514
26845,11,,1,,24515
26846,11,,1,,24516
26847,11,,1,,24517
26848,11,,1,,24518
26849,11,,1,,24519
26850,11,,1,,24520
26851,11,,1,,24521
26852,11,,1,,24522
26853,11,,1,,24523
26854,11,,1,,24524
26855,11,,1,,24525
26856,11,,1,,24526
26857,11,,1,,24527
26858,11,,1,,24528
26859,11,,1,,24529
26860,11,,1,,24530
26861,11,,1,,24531
26862,11,,1,,24532
26863,11,,1,,24533
26864,11,,1,,24534
26865,11,,1,,24535
26866,36,,1,,24536
26867,36,,1,,24537
26868,36,,1,,24538
26869,11,,1,,24539
26870,11,,1,,24540
26871,36,,1,,24541
26872,36,,2,,24542
26873,36,,2,,24543
26874,36,,2,,24544
26875,36,,3,,24545
26876,36,,3,,24546
26877,36,,3,,24547
26878,36,,2,,24548
26879,36,,2,,24549
26880,36,,3,,24550
26881,36,,3,,24551
26882,36,,3,,24552
26883,36,,3,,24553
26884,36,,3,,24554
26885,36,,3,,24555
26886,36,,3,,24556
26887,36,,3,,24557
26888,36,,3,,24558
26889,36,,3,,24559
26890,36,,3,,24560
26891,36,,3,,24561
26892,36,,1,,24562
26893,36,,1,,24563
26894,36,,2,,24564
26895,36,,2,,24565
26896,36,,2,,24566
26897,36,,2,,24567
26898,36,,1,,24568
26899,36,,1,,24569
26900,36,,1,,24570
26901,36,,1,,24571
26902,36,,1,,24572
26903,36,,1,,24573
26904,11,,1,,24574
26905,11,,1,,24575
26906,11,,1,,24576
26907,11,,1,,24577
26908,11,,1,,24578
26909,11,,1,,24579
26910,11,,1,,24580
26911,11,,1,,24581
26912,11,,1,,24582
26913,36,,1,,24583
26914,36,,1,,24584
26915,36,,1,,24585
26916,36,,1,,24586
26917,36,,1,,24587
26918,11,,1,,24588
26919,11,,1,,24589
26920,11,,1,,24590
26921,11,,1,,24591
26922,11,,1,,24592
26923,11,,1,,24593
26924,36,,3,,24594
26925,36,,2,,24595
26926,36,,4,,24596
26927,36,,2,,24597
26928,36,,2,,24598
26929,36,,2,,24599
26930,36,,2,,24600
26931,36,,2,,24601
26932,36,,2,,24602
26933,36,,1,,24603
26934,36,,2,,24604
26935,36,,2,,24605
26936,36,,1,,24606
26937,36,,1,,24607
26938,11,,1,,24608
26939,36,,1,,24609
26940,36,,1,,24610
26941,36,,1,,24611
26942,36,,1,,24612
26943,36,,1,,24613
26944,36,,1,,24614
26945,11,,1,,24615
26946,11,,1,,24616
26947,11,,1,,24617
26948,11,,1,,24618
26949,11,,1,,24619
26950,11,,1,,24620
26951,11,,1,,24621
26952,11,,1,,24622
26953,11,,1,,24623
26954,11,,1,,24624
26955,11,,1,,24625
26956,11,,1,,24626
26957,11,,1,,24627
26958,11,,1,,24628
26959,11,,1,,24629
26960,11,,1,,24630
26961,11,,1,,24631
26962,11,,1,,24632
26963,11,,1,,24633
26964,11,,1,,24634
26965,11,,1,,24635
26966,11,,1,,24636
26967,11,,1,,24637
26968,11,,1,,24638
26969,11,,1,,24639
26970,11,,1,,24640
26971,11,,1,,24641
26972,11,,1,,24642
26973,11,,1,,24643
26974,11,,1,,24644
26975,36,,1,,24645
26976,36,,1,,24646
26977,36,,1,,24647
26978,11,,1,,24651
26979,11,,1,,24652
26980,11,,1,,24653
26981,11,,1,,24654
26982,11,,1,,24655
26983,11,,1,,24656
26984,11,,1,,24657
26985,11,,1,,24658
26986,11,,1,,24659
26987,36,,5,,24660
26988,36,,5,,24661
26989,36,,5,,24662
26990,36,,1,,24663
26991,36,,1,,24664
26992,36,,1,,24665
26993,36,,1,,24666
26994,36,,1,,24667
26995,36,,1,,24668
26996,36,,2,,24669
26997,36,,2,,24670
26998,36,,2,,24671
26999,11,,1,,24672
27000,11,,1,,24673
27001,11,,1,,24674
27002,11,,1,,24675
27003,11,,1,,24676
27004,11,,1,,24677
27005,11,,1,,24678
27006,11,,1,,24679
27007,11,,1,,24680
27008,11,,1,,24681
27009,11,,1,,24682
27010,11,,1,,24683
27011,11,,1,,24684
27012,11,,1,,24685
27013,11,,1,,24686
27014,11,,1,,24687
27015,11,,1,,24688
27016,11,,1,,24689
27017,11,,1,,24690
27018,11,,1,,24691
27019,11,,1,,24692
27020,11,,1,,24693
27021,11,,1,,24694
27022,11,,1,,24695
27023,11,,1,,24696
27024,11,,1,,24697
27025,11,,1,,24698
27026,11,,1,,24699
27027,11,,1,,24700
27028,11,,1,,24701
27029,11,,1,,24702
27030,11,,1,,24703
27031,11,,1,,24704
27032,11,,1,,24705
27033,11,,1,,24706
27034,11,,1,,24707
27035,11,,1,,24708
27036,11,,1,,24709
27037,11,,1,,24710
27038,11,,1,,24711
27039,11,,1,,24712
27040,11,,1,,24713
27041,11,,1,,24714
27042,11,,1,,24715
27043,11,,1,,24716
27044,11,,1,,24717
27045,11,,1,,24718
27046,11,,1,,24719
27047,11,,1,,24720
27048,11,,1,,24721
27049,11,,1,,24722
27050,11,,1,,24723
27051,11,,1,,24724
27052,11,,1,,24725
27053,11,,1,,24726
27054,11,,1,,24727
27055,11,,1,,24728
27056,11,,1,,24729
27057,11,,1,,24730
27058,11,,1,,24731
27059,11,,1,,24732
27060,11,,1,,24733
27061,11,,1,,24734
27062,11,,1,,24735
27063,11,,1,,24736
27064,11,,1,,24737
27065,11,,1,,24738
27066,11,,1,,24739
27067,11,,1,,24740
27068,11,,1,,24741
27069,11,,1,,24742
27070,11,,1,,24743
27071,11,,1,,24744
27072,11,,1,,24745
27073,11,,1,,24746
27074,11,,1,,24747
27075,11,,1,,24748
27076,11,,1,,24749
27077,11,,1,,24750
27078,11,,1,,24751
27113,11,,1,,25882
27114,39,1,1,,26971
27115,23,7,1,,26971
27116,39,6,2,,26972
27117,39,3,1,,26973
27118,39,3,1,,26974
27119,39,3,1,,26975
27120,39,3,1,,26976
27121,11,,1,,26977
27122,39,3,1,,26978
27123,11,,1,,26979
27124,11,,1,,26980
27125,11,,1,,26981
27126,11,,1,,26982
27127,11,,1,,26983
27128,11,,1,,26984
27129,11,,1,,26985
27130,11,,1,,26986
27131,11,,1,,26987
27132,11,,1,,26988
27133,11,,1,,26989
27134,11,,1,,26990
27135,11,,1,,26991
27136,11,,1,,26992
27137,11,,1,,26993
27138,11,,1,,26994
27139,11,,1,,26995
27140,11,,1,,26996
27141,11,,1,,18170
27142,11,,1,,18183
27143,11,,1,,18206
27144,39,,1,truck,31747
27145,39,1,1,,31748
27146,23,5,1,,31748
27147,39,1,1,,31749
27148,36,,1,,31750
27149,36,,1,,31751
27150,41,,1,,31752
27151,36,,1,,31753
27152,41,,1,,31754
27153,41,,1,,31755
27154,39,,1,truck,31756
27155,39,,1,truck,31757
27156,39,,1,truck,31758
27157,39,,3,,31759
27158,39,,2,,31760
27159,39,,1,,31761
27160,39,,2,,31762
27161,39,,3,,31763
27162,39,,3,,31764
27163,39,,2,,31765
27164,39,,1,truck,31766
27165,39,,1,truck,31767
27166,39,,1,truck,31768
27167,39,,1,truck,31769
27168,39,4,2,,31770
27169,66,,2,,31770
27170,39,,1,truck,31771
27171,39,4,2,,31772
27172,66,,2,,31772
27173,39,,2,ATV,31773
27174,39,,2,ATV,31774
27175,39,1,2,,31775
27176,39,1,2,,31776
27178,39,3,1,,31778
27179,36,,1,,31779
27181,22,,1,,31781
27182,22,,1,,31782
27183,22,,1,,31783
27184,13,,1,,31784
27185,36,40,2,,31785
27186,22,,1,,31786
27187,39,,2,ATV,31787
27188,39,,2,ATV,31788
27189,22,,1,,31789
27190,22,,1,,31790
27191,11,,1,,31791
27192,11,,1,,31792
27193,11,,1,,31793
27194,11,,1,,31794
27195,11,,1,,31795
27196,11,,1,,31796
27197,39,,1,ranger,31797
27198,11,,1,,31798
27199,11,,1,,31799
27200,11,,1,,31800
27201,39,,1,ATV,31801
27202,39,,1,truck,31802
27203,39,,1,ATV,31803
27204,22,,1,,31804
27205,39,,1,truck,31805
27206,22,,1,,31806
27207,39,,1,atv,31807
27208,39,,1,truck,31808
27209,39,,1,truck,31809
27210,39,,1,truck,31810
27211,39,,1,truck,31811
27212,39,,1,truck,31812
27213,22,,1,,31813
27214,39,,1,truck,31814
27215,39,,1,ATV,31815
27216,22,,1,,31816
27217,36,,1,,31817
27218,39,,2,ATV,31818
27219,39,,1,ATV,31819
27220,39,,1,ATV,31820
27221,39,,2,ATV,31821
27222,13,,1,,31822
27223,22,,1,,31823
27224,22,,1,,31824
27226,22,,1,,31825
27227,22,,1,,31826
27228,39,,1,truck,31827
27229,39,,1,truck,31828
27230,39,,1,ATV,31829
27231,39,,2,ATV,31830
27232,39,,1,truck,31831
27233,22,,1,,31832
27234,39,,2,ATV,31833
27235,39,,2,ATV,31834
27236,13,,1,,31835
27237,13,,1,,31836
27238,41,,1,,31837
27239,36,,2,,31838
27240,36,,2,,31839
27241,36,,1,,31840
27242,11,,1,,31841
27243,11,,1,,31842
27244,23,5,1,,31843
27245,23,5,1,,31844
27246,23,5,1,,31845
27247,23,5,1,,31846
27248,39,,1,truck,31847
27249,36,,1,,31848
27250,36,,2,,31849
27251,36,,2,,31850
27252,39,,1,truck,31851
27253,22,,1,,31852
27254,36,,2,,31853
27255,36,,2,,31854
27256,36,,2,,31855
27257,36,,1,,31856
27258,39,,1,truck,31857
27259,39,,1,truck,31858
27260,22,,1,,31859
27261,22,,1,,31860
27262,22,,1,,31861
27263,22,,1,,31862
27264,39,,1,truck,31863
27265,39,,1,truck,31864
27266,39,,1,truck,31865
27267,39,,1,truck,31866
27268,36,,1,,31867
27269,11,,1,,31868
27270,39,,1,truck,31869
27271,39,,1,ATV,31870
27272,39,,1,ATV,31871
27273,39,,1,truck,31872
27274,39,,1,ATV,31873
27275,39,,1,truck,31874
27276,39,,1,truck,31875
27277,39,,1,van,31876
27278,22,,1,,31877
27279,39,,1,truck,31878
27280,39,,1,truck,31879
27281,39,,1,truck,31880
27282,39,,1,van,31881
27283,39,,1,truck,31883
27284,39,,1,truck,31884
27285,39,,1,truck,31885
27286,39,,1,truck,31886
27287,39,,1,truck,31887
27288,39,,1,truck,31888
27289,59,,6,,31889
27290,22,,1,,31890
27291,22,,1,,31891
27292,13,,1,,31892
27293,39,,1,truck,31893
27294,39,,1,truck,31894
27295,39,,1,ATV,31895
27296,39,,1,ATV,31896
27297,22,,1,,31897
27298,39,,1,truck,31898
27299,39,,1,truck,31899
27300,39,,1,ATV,31900
27301,39,,1,truck,31901
27302,39,,1,ATV,31902
27303,39,,1,truck,31903
27304,22,,1,,31904
27305,22,,1,,31905
27306,39,,1,truck,31906
27307,39,,1,SUV,31907
27308,39,,1,SUV,31908
27309,39,,1,SUV,31909
27310,39,,1,SUV,31910
27311,76,,1,,31911
27312,39,4,2,,31912
27313,66,,2,,31912
27314,39,4,2,,31913
27315,66,,2,,31913
27316,76,,1,,31914
27317,36,,1,,31915
27318,13,,1,,31916
27319,36,,1,,31917
27320,13,,1,,31918
27321,25,,1,,31919
27322,25,,1,,31920
27323,22,,1,,31921
27324,25,,2,,31922
27325,22,,1,,31923
27326,13,,3,,31924
27327,13,,1,,31925
27328,39,1,1,,31926
27329,39,4,1,,31927
27330,66,,1,,31927
27331,39,4,1,,31928
27332,66,,1,,31928
27333,41,,1,,31929
27334,36,,1,,31930
27335,36,,1,,31931
27336,13,,1,,31932
27337,36,,1,,31933
27338,36,,1,,31934
27339,36,,1,,31935
27340,22,,1,,31936
27341,36,,1,,31937
27342,36,,1,,31938
27343,36,,1,,31939
27344,36,,2,,31940
27345,36,,1,,31941
27346,36,,2,,31942
27347,36,,1,,31943
27348,36,,1,,31944
27349,36,40,5,,31945
27350,36,,2,,31946
27351,36,,1,,31947
27352,36,,3,,31948
27353,36,,6,,31949
27354,36,,1,,31950
27355,36,,1,,31951
27356,36,,1,,31952
27357,36,,3,,31953
27358,36,,4,,31954
27359,36,,3,,31955
27360,22,,1,,31956
27361,39,4,2,,31957
27362,66,,2,,31957
27363,39,4,2,,31958
27364,66,,2,,31958
27365,36,,1,,31959
27366,36,,1,,31960
27367,36,,1,,31961
27368,36,,1,,31962
27369,36,,1,,31963
27370,36,,2,,31964
27371,36,,1,,31965
27372,13,,1,,31966
27373,39,,1,truck,31967
27374,39,,1,truck,31968
27375,36,,1,,31969
27376,36,,1,,31970
27377,36,,1,,31971
27378,36,,2,,31972
27379,36,,2,,31973
27380,36,,2,,31974
27381,39,,1,truck,31732
27382,39,,1,truck,31733
27383,39,,1,ATV,31734
27384,39,,1,ATV,31735
27385,39,,1,truck,31736
27386,39,1,1,,31737
27387,39,1,2,,31738
27388,39,,1,ATV,31739
27389,39,,1,ATV,31740
27390,39,,1,truck,31741
27391,39,,1,truck,31742
27392,39,,1,truck,31743
27393,36,,1,,31744
27394,36,,1,,31745
27397,36,,2,,31976
27398,36,,2,,31977
27399,36,,2,,31978
27400,36,,2,,31979
27401,36,,2,,31980
27402,36,,1,,31981
27403,39,,1,truck,31982
27404,39,,1,truck,31983
27405,36,,1,,31984
27406,36,,1,,31985
27407,36,,1,,31986
27408,39,6,1,,31987
27409,39,6,1,,31988
27410,39,1,1,,32011
27411,11,,1,,32012
27412,39,2,1,,32013
27413,39,1,1,,32014
27414,39,1,1,,32015
27415,39,1,1,,32016
27416,11,,1,,32017
27417,11,,1,,32018
27418,36,,1,,32019
27419,36,,1,,32020
27420,36,,1,,32021
27421,36,,1,,32022
27422,36,,1,,32023
27423,36,,1,,32024
27424,39,1,1,,32025
27425,11,,1,,32026
27426,11,,1,,32027
27427,39,1,1,,32028
27428,11,,1,,32029
27429,11,,1,,32030
27430,39,1,1,,32031
27431,11,,1,,32032
27432,11,,1,,32033
27433,39,1,1,,32034
27434,11,,1,,32035
27435,11,,1,,32036
27436,11,,1,,32037
27437,11,,1,,32038
27438,39,1,1,Marathon,32039
27439,11,,1,,32040
27440,11,,1,,32041
27441,39,1,1,Marathon,32042
27442,39,1,1,Marathon,32043
27443,11,,1,,32044
27444,11,,1,,31989
27445,11,,1,,31990
27446,39,6,1,,31991
27447,39,6,1,,31992
27448,39,6,1,,31993
27449,39,6,1,,31994
27450,39,,1,Truck,31995
27451,39,,1,Truck,31996
27452,39,,1,Truck,31997
27453,39,6,1,,31998
27454,39,6,1,,31999
27455,11,,1,,32000
27456,39,1,1,,32001
27457,39,1,1,,32002
27458,39,1,1,,32003
27459,39,3,1,,32004
27460,11,,1,,32005
27461,11,,1,,32006
27462,39,1,1,,32007
27463,39,1,1,,32008
27464,11,,1,,32009
27465,39,1,1,,32010
27466,39,1,1,,32045
27467,39,1,1,,32046
27468,39,1,1,,32047
27469,11,,1,,32048
27470,11,,1,,32049
27471,39,1,1,,32050
27472,39,1,1,,32051
27473,11,,1,,32052
27474,39,1,1,,32053
27475,11,,1,,32054
27476,11,,1,,32055
27477,39,1,2,,32056
27478,39,1,2,,32057
27479,11,,1,,32058
27480,39,1,1,,32059
27481,39,1,3,,32060
27482,39,1,2,,32061
27483,39,1,1,,32062
27484,11,,1,,32063
27485,11,,1,,32064
27486,39,1,1,,32065
27487,11,,1,,32066
27488,11,,1,,32067
27489,39,1,1,,32068
27490,39,1,1,,32069
27491,39,1,1,,32070
27492,39,1,1,,32071
27493,11,,1,,32072
27494,11,,1,,32073
27495,39,1,1,,32074
27496,39,1,1,,32075
27497,11,,1,,32076
27498,39,1,1,,32077
27499,39,1,1,,32078
27500,39,1,2,,32079
27501,39,1,2,,32080
27502,39,1,3,,32081
27503,39,1,1,,32082
27504,39,1,1,,32083
27505,39,1,1,,32084
27506,39,1,1,,32085
27507,39,1,1,,32086
27508,11,,1,,32087
27509,11,,1,,32088
27510,39,1,1,,32089
27511,39,1,1,,32090
27512,11,,1,,32091
27513,39,1,1,,32092
27514,39,1,1,,32093
27515,11,,1,,32094
27516,39,1,1,,32095
27517,39,1,1,,32096
27518,11,,1,,32097
27519,39,1,1,,32098
27520,11,,1,,32099
27521,11,,1,,32100
27522,39,1,2,,32101
27523,39,1,1,,32102
27524,39,1,1,,32103
27525,39,1,1,,32104
27526,39,1,1,,32105
27527,11,,1,,32106
27528,11,,1,,32107
27529,39,1,1,,32108
27530,39,1,1,,32109
27531,39,1,1,,32110
27532,11,,1,,32111
27533,39,1,1,,32112
27534,39,1,1,,32113
27535,11,,1,,32114
27536,11,,1,,32115
27537,39,1,2,,32116
27538,39,1,1,,32117
27539,11,,1,,32118
27540,39,1,1,,32119
27541,11,,1,,32120
27542,11,,1,,32121
27543,39,1,1,,32122
27544,11,,1,,32123
27545,11,,1,,32124
27546,39,1,2,,32125
27547,39,1,1,,32126
27548,11,,1,,32127
27549,39,1,2,,32128
27550,39,1,2,,32129
27551,11,,1,,32130
27552,39,1,1,,32131
27553,39,1,1,,32132
27554,11,,1,,32133
27555,11,,1,,32134
27556,11,,1,,32135
27557,11,,1,,32136
27558,39,1,1,,32137
27559,39,1,1,,32138
27560,11,,1,,32139
27561,39,1,1,,32140
27562,39,1,2,,32141
27563,39,1,3,,32142
27564,39,1,1,,32143
27565,11,,1,,32144
27566,11,,1,,32145
27567,39,1,1,,32146
27568,11,,1,,32147
27569,11,,1,,32148
27570,39,1,1,,32149
27571,39,1,2,,32150
27572,39,1,1,,32151
27573,39,1,1,,32152
27574,39,1,1,,32153
27575,11,,1,,32154
27576,39,1,1,,32155
27577,11,,1,,32156
27578,11,,1,,32157
27579,39,1,1,,32158
27580,39,1,1,,32159
27581,11,,1,,32160
27582,39,1,1,,32161
27583,39,1,1,,32162
27584,39,1,1,,32163
27585,11,,1,,32164
27586,11,,1,,32165
27587,11,,1,,32166
27588,39,1,2,,32167
27589,39,1,2,,32168
27590,39,1,1,,32169
27591,39,1,1,,32170
27592,39,1,1,,32171
27593,39,1,1,,32172
27594,39,1,1,,32173
27595,11,,1,,32174
27596,11,,1,,32175
27597,39,1,2,,32176
27598,39,1,2,,32177
27599,39,1,2,,32178
27600,11,,1,,32179
27601,11,,1,,32180
27602,11,,1,,32181
27603,39,1,1,,32182
27604,11,,1,,32183
27605,11,,1,,32184
27606,39,1,2,,32185
27607,39,1,1,,32186
27608,39,1,1,,32187
27609,39,1,2,,32188
27610,39,1,2,,32189
27611,11,,1,,32190
27612,39,1,1,,32191
27613,11,,1,,32192
27614,11,,1,,32193
27615,39,1,3,,32194
27616,39,1,3,,32195
27617,39,1,2,,32196
27618,39,1,1,,32197
27619,39,1,1,,32198
27620,11,,1,,32199
27621,39,1,1,,32200
27622,39,1,1,,32201
27623,39,1,1,,32202
27624,11,,1,,32203
27625,11,,1,,32204
27626,11,,1,,32205
27627,39,1,1,,32206
27628,39,1,1,,32207
27629,39,1,1,,32208
27630,39,1,1,,32209
27631,39,1,1,,32210
27632,11,,1,,32211
27633,39,1,1,,32212
27634,39,1,1,,32213
27635,11,,1,,32214
27636,39,1,1,,32215
27637,39,1,1,,32216
27638,11,,1,,32217
27639,39,1,1,,32218
27640,11,,1,,32219
27641,11,,1,,32220
27642,39,1,1,,32221
27643,11,,1,,32222
27644,11,,1,,32223
27645,39,1,1,,32224
27646,11,,1,,32225
27647,11,,1,,32226
27648,39,1,1,,32227
27649,39,1,1,,32228
27650,39,1,1,,32229
27651,39,1,2,,32230
27652,39,1,2,,32231
27653,39,1,2,,32232
27654,11,,1,,32233
27655,11,,1,,32234
27656,11,,1,,32235
27657,39,1,1,,32236
27658,39,1,1,,32237
27659,11,,1,,32238
27660,39,1,1,,32239
27661,11,,1,,32240
27662,11,,1,,32241
27663,39,1,1,,32242
27664,39,1,1,,32243
27665,39,1,1,,32244
27666,39,1,1,,32245
27667,11,,1,,32246
27668,11,,1,,32247
27669,39,1,1,,32248
27670,39,1,1,,32249
27671,39,1,1,,32250
27672,39,1,1,,32251
27673,39,1,2,,32252
27674,39,1,1,,32253
27675,39,1,1,,32254
27676,39,1,1,,32255
27677,11,,1,,32256
27678,11,,1,,32257
27679,11,,1,,32258
27680,11,,1,,32259
27681,39,1,1,,32260
27682,39,1,1,,32261
27683,39,1,1,,32262
27684,39,1,1,,32263
27685,39,1,1,,32264
27686,39,1,1,,32265
27687,39,1,1,,32266
27688,39,1,1,,32267
27689,39,1,1,,32268
27690,39,1,1,,32269
27691,39,1,1,,32270
27692,39,1,1,,32271
27693,39,1,1,,32272
27694,39,1,1,,32273
27695,11,,1,,32274
27696,39,1,1,,32275
27697,11,,1,,32276
27698,11,,1,,32277
27699,39,1,1,,32278
27700,39,1,1,,32279
27701,11,,1,,32280
27702,39,1,1,,32281
27703,39,1,1,,32282
27704,39,1,1,,32283
27705,39,1,1,,32284
27706,39,1,1,,32285
27707,11,,1,,26997
27708,11,,1,,26998
27709,11,,1,,26999
27710,11,,1,,27000
27711,11,,1,,27001
27712,11,,1,,27002
27713,11,,1,,27003
27714,11,,1,,27004
27715,11,,1,,27005
27716,11,,1,,27006
27717,11,,1,,27007
27718,39,3,1,,27008
27719,11,,1,,27009
27720,11,,1,,27010
27721,11,,1,,27011
27722,11,,1,,27012
27723,11,,1,,27013
27724,11,,1,,27014
27725,11,,1,,27015
27726,11,,1,,27016
27727,11,,1,,27017
27728,11,,1,,27018
27729,11,,1,,27019
27730,11,,1,,27020
27731,11,,1,,27021
27732,39,3,1,,27022
27733,11,,1,,27023
27734,11,,1,,27024
27735,11,,1,,27025
27736,11,,1,,27026
27737,11,,1,,27027
27738,11,,1,,27028
27739,11,,1,,27029
27740,11,,1,,27030
27741,11,,1,,27031
27742,11,,1,,27032
27743,11,,1,,27033
27744,11,,1,,27034
27745,11,,1,,27035
27746,11,,1,,27036
27747,11,,1,,27037
27748,11,,1,,27038
27749,11,,1,,27039
27750,11,,1,,27040
27751,11,,1,,27041
27752,11,,1,,27042
27753,11,,1,,27043
27754,11,,1,,27044
27755,11,,1,,27045
27756,11,,1,,27046
27757,11,,1,,27047
27758,11,,1,,27048
27759,11,,1,,27049
27760,11,,1,,27050
27761,11,,1,,27051
27762,11,,1,,27052
27763,11,,1,,27053
27764,11,,1,,27054
27765,11,,1,,27055
27766,11,,1,,27057
27767,11,,1,,27058
27768,11,,1,,27059
27769,11,,1,,27060
27770,11,,1,,27061
27771,11,,1,,27062
27772,11,,1,,27063
27773,11,,1,,27064
27774,11,,1,,27065
27775,11,,1,,27066
27776,11,,1,,27067
27777,11,,1,,27068
27778,11,,1,,27069
27779,11,,1,,27070
27780,11,,1,,27071
27781,11,,1,,27072
27782,11,,1,,27073
27783,11,,1,,27074
27784,11,,1,,27075
27785,11,,1,,27076
27786,11,,1,,27077
27787,11,,1,,27078
27788,11,,1,,27079
27789,11,,1,,27080
27790,11,,1,,27081
27791,11,,1,,27082
27792,11,,1,,27083
27793,11,,1,,27084
27794,11,,1,,27085
27795,11,,1,,27086
27797,11,,1,,27088
27798,11,,1,,27089
27799,11,,1,camera malfunction,27090
27800,11,,1,,27091
27801,11,,1,,27092
27802,11,,1,,27093
27803,11,,1,,27094
27804,11,,1,,27095
27805,11,,1,,27096
27806,11,,1,,27097
27807,11,,1,,27098
27808,11,,1,,27099
27809,11,,1,,27100
27810,11,,1,,27101
27811,11,,1,,27102
27812,11,,1,,27103
27813,11,,1,,27104
27814,11,,1,,27105
27815,11,,1,,27106
27816,39,1,2,,27107
27817,39,3,1,,27108
27818,39,3,1,,27109
27819,39,3,1,,27110
27820,39,1,2,,27111
27821,39,3,1,,27112
27822,39,3,1,,27113
27823,39,1,2,,27114
27824,39,3,1,,27115
27825,11,,1,,27116
27826,39,3,1,,27117
27827,11,,1,,27118
27828,39,1,1,,27119
27829,23,7,1,,27119
27830,39,3,1,,27120
27831,39,1,3,,27121
27832,23,5,1,,27121
27833,39,3,1,,27122
27834,39,1,1,,27123
27835,39,3,1,,27124
27836,39,1,1,,27125
27837,39,,1,,27126
27838,39,1,2,,27127
27839,39,3,1,,27128
27840,39,3,1,,27129
27841,39,3,1,,27130
27842,39,3,1,,27131
27843,39,3,1,,27132
27844,39,3,1,,27133
27845,39,3,1,,27134
27846,39,1,1,,27135
27847,23,7,1,,27135
27848,39,1,2,,27136
27849,39,3,1,,27137
27850,39,3,1,,27138
27851,39,3,1,,27139
27852,39,1,1,,27140
27853,39,1,2,,27141
27854,11,,1,,27142
27855,39,1,1,,27143
27856,39,3,2,,27144
27857,39,3,1,,27145
27858,39,3,1,,27146
27859,39,3,1,,27147
27860,39,3,1,,27148
27862,39,1,1,,27149
27863,39,1,1,,27150
27864,39,3,1,,27151
27865,39,1,1,,27152
27866,39,3,1,,27153
27867,39,3,1,,27154
27868,39,1,1,,27155
27869,39,3,1,,27156
27870,39,1,1,,27157
27871,23,7,1,,27157
27872,39,1,1,,27158
27873,23,7,1,,27158
27874,39,1,2,,27159
27875,39,1,2,,27160
27876,23,7,1,,27160
27877,11,,1,,27161
27878,39,3,1,,27162
27879,39,3,1,,27163
27880,39,3,1,,27164
27881,23,7,1,,27164
27882,36,,1,,27165
27883,39,1,1,,27166
27884,23,7,1,,27166
27885,39,1,1,,27167
27886,39,3,1,,27168
27887,36,,1,,27169
27888,39,3,1,,27170
27889,39,1,1,,27171
27890,39,1,1,,27172
27891,39,1,1,,27173
27892,39,1,1,,27174
27893,39,1,2,,27175
27894,39,1,1,,27176
27895,39,1,1,,27177
27896,39,3,1,,27178
27897,39,1,1,,27179
27898,39,1,1,,27180
27899,39,1,1,,27181
27900,39,1,1,,27182
27901,23,7,1,,27182
27902,39,3,1,,27183
27903,39,3,1,,27184
27904,39,1,1,,27185
27905,39,3,1,,27186
27906,39,3,1,,27187
27907,39,1,2,,27188
27908,39,1,2,,27189
27909,39,1,1,,27190
27910,23,7,1,,27190
27911,39,1,2,,27191
27912,23,7,1,,27191
27913,39,1,2,,27192
27914,23,7,1,,27192
27915,39,1,1,,27193
27916,23,7,1,,27193
27917,39,3,1,,27194
27918,39,3,1,,27195
27919,39,3,1,,27196
27920,39,3,1,,27197
27921,39,3,1,,27198
27922,39,3,1,,27199
27923,39,1,2,,27200
27924,39,3,1,,27201
27925,39,3,1,,27202
27926,39,3,1,,27203
27927,39,3,1,,27204
27928,39,3,1,,27205
27929,39,3,1,,27206
27930,39,3,1,,27207
27931,39,1,1,,27208
27932,39,1,1,,27209
27933,39,1,1,,27210
27934,39,3,1,,27211
27935,39,3,1,,27212
27936,39,3,1,,27213
27937,39,1,2,,27214
27938,39,1,1,,27215
27939,39,3,1,,27216
27940,39,3,1,,27217
27941,39,1,1,,27218
27942,39,1,3,,27219
27943,39,3,1,,27220
27944,39,1,1,,27221
27945,39,1,1,,27222
27946,39,3,1,,27223
27947,39,1,1,,27224
27948,39,1,1,,27225
27949,39,1,2,,27226
27950,23,7,2,,27226
27951,39,1,2,,27227
27952,39,3,1,,27228
27953,39,1,1,,27229
27954,39,3,1,,27230
27955,39,3,1,,27231
27956,39,1,1,,27232
27957,39,1,2,,27233
27958,39,1,1,,27234
27959,39,1,1,,27235
27960,23,5,1,,27236
27961,39,1,1,,27237
27962,23,7,1,,27237
27963,39,1,1,,27238
27964,39,1,1,,27239
27965,39,1,1,,27240
27966,39,3,1,,27241
27967,39,3,1,,27242
27968,39,1,2,,27243
27969,39,3,1,,27244
27970,39,1,1,,27245
27971,23,7,1,,27245
27972,39,1,1,,27246
27973,39,3,1,,27247
27974,39,3,1,,27248
27976,39,3,1,,27249
27977,39,3,1,,27250
27978,39,1,1,,27251
27979,23,7,1,,27251
27980,39,1,1,,27252
27981,39,1,1,,27253
27982,39,1,1,,27254
27983,39,3,1,,27255
27984,39,1,1,,27256
27985,39,1,1,,27257
27986,39,3,1,,27258
27987,39,3,1,,27259
27988,39,3,1,,27260
27989,39,3,1,,27261
27990,39,3,1,,27262
27991,39,3,1,,27263
27992,39,3,2,,27264
27993,39,3,1,,27265
27994,39,3,1,,27266
27995,39,1,2,,27267
27996,39,3,1,,27268
27997,39,1,1,,27269
27998,23,7,1,,27269
27999,39,43,1,,27270
28000,39,43,1,,27271
28001,39,1,1,,27272
28002,39,43,1,,27273
28003,23,7,1,,27273
28004,39,43,1,,27274
28005,23,7,1,,27274
28006,39,1,1,,27275
28007,23,7,1,,27275
28008,39,1,1,,27276
28009,23,7,1,,27276
28010,39,1,1,,27277
28011,39,1,1,,27278
28012,39,6,1,,27279
28013,11,,1,camera check,27280
28014,39,1,1,,27281
28015,39,1,1,,27282
28016,23,7,1,,27282
28017,39,1,1,,27283
28018,39,1,1,,27284
28019,39,1,1,,27285
28020,39,1,1,,27286
28021,39,1,1,,27287
28022,23,7,1,,27287
28023,39,3,1,,27288
28024,39,1,1,,27289
28025,23,7,1,,27289
28026,39,1,1,,27290
28027,23,7,1,,27290
28028,39,1,2,,27291
28029,39,1,2,,27292
28030,39,1,1,,27293
28031,23,5,2,,27294
28032,39,1,1,,27295
28033,39,1,1,,27296
28034,36,,2,,33555
28035,11,,1,,33544
28036,39,6,1,,33545
28037,39,6,1,,33546
28038,36,,1,,33547
28039,39,6,1,,33554
28040,50,,1,,33553
28041,36,,1,,33551
28042,36,,1,,33550
28043,36,,2,,33549
28044,11,,1,,33556
28045,36,,1,,33557
28046,36,,1,,33558
28047,36,,2,,33559
28048,36,,2,,33560
28049,36,,2,,33561
28050,36,,1,,33562
28051,36,,1,,33563
28052,36,,1,,33564
28053,11,,1,,33565
28054,11,,1,,33566
28055,11,,1,,33567
28056,36,,1,,33568
28057,36,,1,,33569
28058,36,,1,,33570
28059,36,,1,,33571
28060,36,,2,,33572
28061,11,,1,,33573
28062,11,,1,,33574
28063,36,,1,,33575
28064,36,,1,,33576
28065,11,,1,,33577
28066,36,,1,,33578
28067,36,,1,,33579
28068,36,,1,,33580
28069,36,,1,,33581
28070,36,,1,,33582
28071,36,,1,,33583
28072,36,,2,,33584
28073,36,,3,,33585
28074,36,,3,,33586
28075,36,,3,,33587
28076,36,,3,,33588
28077,36,,3,,33589
28078,36,,3,,33590
28079,36,,3,,33591
28080,36,,3,,33592
28081,36,,2,,33593
28082,36,,2,,33594
28083,36,,2,,33595
28084,36,,1,,33596
28085,36,,1,,33597
28086,36,,1,,33598
28087,36,,1,,33599
28088,36,,1,,33600
28089,36,,1,,33601
28090,11,,1,,33602
28091,11,,1,,33603
28092,11,,1,,33604
28093,11,,1,,33605
28094,11,,1,,33606
28095,11,,1,,33607
28096,11,,1,,33608
28097,11,,1,,33609
28098,11,,1,,33610
28099,11,,1,,33611
28100,11,,1,,33612
28101,11,,1,,33613
28102,11,,1,,33614
28103,11,,1,,33615
28104,11,,1,,33616
28105,11,,1,,33617
28106,11,,1,,33618
28107,11,,1,,33619
28108,11,,1,,33620
28109,11,,1,,33621
28110,11,,1,,33622
28111,36,,1,,33623
28112,36,,1,,33624
28113,36,,1,,33625
28114,36,,1,,33626
28115,36,,1,,33627
28116,36,,1,,33628
28117,36,,3,,33629
28118,36,,3,,33630
28119,36,,3,,33631
28120,21,,1,,33632
28121,21,,1,,33633
28122,21,,1,,33634
28123,43,,1,,33635
28124,43,,1,,33636
28125,36,,1,,33637
28126,36,,1,,33638
28127,36,,1,,33639
28128,36,,1,,33640
28129,36,,1,,33641
28130,36,,1,,33642
28131,36,,1,,33643
28132,36,,1,,33644
28133,21,,1,,33645
28134,21,,1,,33646
28135,21,,1,,33647
28136,11,,1,,33648
28137,11,,1,,33649
28138,11,,1,,33650
28139,36,,1,,33651
28140,36,,1,,33652
28141,36,,1,,33653
28142,11,,1,,33654
28143,11,,1,,33655
28144,36,,2,,33656
28145,36,,2,,33657
28146,36,,2,,33658
28147,36,,1,,33659
28148,36,,1,,33660
28149,36,,1,,33661
28150,36,,1,,33662
28151,36,,1,,33663
28152,36,,1,,33664
28153,36,,1,,33665
28154,36,,1,,33666
28155,36,,1,,33667
28156,36,,1,,33668
28157,36,,1,,33669
28158,36,,2,,33670
28159,36,,2,,33671
28160,36,,2,,33672
28161,36,,2,,33673
28162,36,,1,,33674
28163,36,,1,,33675
28164,36,,1,,33676
28165,36,,1,,33677
28166,11,,1,,33678
28167,11,,1,,33679
28168,36,,2,,33680
28169,36,,2,,33681
28170,36,,2,,33682
28171,36,,2,,33683
28172,36,,2,,33684
28173,36,,3,,33685
28174,36,,3,,33686
28175,36,,3,,33687
28176,36,,3,,33688
28177,36,,4,,33689
28178,36,,7,,33690
28179,36,,7,,33691
28180,36,,7,,33692
28181,36,,4,,33693
28182,36,,4,,33694
28183,36,,4,,33695
28184,36,,3,,33696
28185,36,,3,,33697
28186,36,,2,,33698
28187,36,,2,,33699
28188,36,,2,,33700
28189,36,,2,,33701
28190,11,,1,,33702
28191,13,,1,,33703
28192,13,,1,,33704
28193,13,,1,,33705
28194,13,,1,,33706
28195,13,,1,,33707
28196,36,,1,,33708
28197,36,,1,,33709
28198,36,,1,,33710
28199,36,,1,,33711
28200,36,,1,,33712
28201,11,,1,,33713
28202,23,5,1,,33714
28203,23,5,1,,33715
28204,23,5,1,,33716
28205,39,6,1,,33717
28206,39,6,1,,33718
28207,39,6,1,,33719
28208,36,,1,,33720
28209,36,,1,,33721
28210,36,,1,,33722
28211,11,,1,,33723
28212,11,,1,,33724
28213,11,,1,,33725
28214,36,,1,,33726
28215,36,,1,,33727
28216,36,,1,,33728
28217,36,,1,,33729
28218,36,,1,,33730
28219,11,,1,,33731
28220,11,,1,,33732
28221,11,,1,,33733
28222,11,,1,,33734
28223,36,,1,,33735
28224,36,,1,,33736
28225,36,,1,,33737
28226,21,,1,,33738
28227,21,,1,,33739
28228,21,,1,,33740
28229,21,,1,,33741
28230,21,,1,,33742
28231,11,,1,,33743
28232,11,,1,,33744
28233,11,,1,,33745
28234,21,,1,,33746
28235,21,,1,,33747
28236,21,,1,,33748
28237,11,,1,,33749
28238,11,,1,,33750
28239,11,,1,,33751
28240,11,,1,,33752
28241,11,,1,,33753
28242,11,,1,,33754
28243,36,,4,,33755
28244,36,,4,,33756
28245,36,,4,,33757
28246,36,,4,,33758
28247,36,,4,,33759
28248,36,,3,,33760
28249,36,,4,,33761
28250,36,,4,,33762
28251,36,,4,,33763
28252,36,,4,,33764
28253,36,,4,,33765
28254,36,,3,,33766
28255,36,,3,,33767
28256,36,,2,,33768
28257,36,,2,,33769
28258,11,,1,,33770
28259,11,,1,,33771
28260,36,,1,,33772
28261,36,,2,,33773
28262,36,,2,,33774
28263,36,,2,,33775
28264,36,,1,,33776
28265,36,,1,,33777
28266,36,,1,,33778
28267,36,,2,,33779
28268,36,,2,,33780
28269,36,,2,,33781
28270,36,,1,,33782
28271,36,,1,,33783
28272,36,,1,,33784
28273,36,,1,,33785
28274,36,,1,,33786
28275,36,,1,,33787
28276,36,,1,,33788
28277,36,,1,,33789
28278,36,,1,,33790
28279,36,,1,,33791
28280,36,,1,,33792
28281,36,,1,,33793
28282,36,,1,,33794
28283,36,,1,,33795
28284,36,,1,,33796
28285,36,,1,,33797
28286,36,,1,,33798
28287,36,,1,,33799
28288,36,,1,,33800
28289,36,,1,,33801
28290,11,,1,,33802
28291,21,,1,,33803
28292,21,,1,,33804
28293,39,1,2,,33805
28294,39,1,2,,33806
28295,39,1,2,,33807
28296,39,1,2,,33808
28297,39,1,3,,33809
28298,39,1,2,,33810
28299,36,,1,,33811
28300,36,,1,,33812
28301,36,,1,,33813
28302,36,,1,,33814
28303,36,,1,,33815
28304,36,,1,,33816
28305,36,,1,,33817
28306,36,,1,,33818
28307,36,,1,,33819
28308,36,,1,,33820
28309,36,,1,,33821
28310,36,,1,,33822
28311,11,,1,,33823
28312,11,,1,,33824
28313,11,,1,,33825
28314,36,,1,,33826
28315,36,,1,,33827
28316,36,,1,,33828
28317,36,,1,,33829
28318,36,,1,,33830
28319,36,,1,,33831
28320,36,,1,,33832
28321,36,,1,,33833
28322,36,,1,,33834
28323,21,,1,,33835
28324,21,,1,,33836
28325,21,,1,,33837
28326,39,6,1,,33838
28327,39,6,1,,33839
28328,39,6,1,,33840
28329,11,,1,camera check,33841
28330,11,,1,camera check,33842
28331,11,,1,cameracheck,33843
28332,39,6,1,,33844
28333,39,6,1,,33845
28334,39,6,1,,33846
28335,36,,1,,33847
28336,36,,1,,33848
28337,36,,1,,33849
28338,36,,1,,33850
28339,36,,1,,33851
28340,36,,1,,33852
28341,36,,3,,33853
28342,36,,3,,33854
28343,36,,3,,33855
28344,36,,2,,33856
28345,36,,2,,33857
28346,36,,2,,33858
28347,36,,1,,33859
28348,36,,1,,33860
28349,36,,1,,33861
28350,36,,1,,33862
28351,11,,1,,33863
28352,11,,1,,33864
28353,36,,1,,33865
28354,36,,1,,33866
28355,36,,1,,33867
28356,36,,1,,33868
28357,36,,1,,33869
28358,36,,1,,33870
28359,11,,1,,33871
28360,11,,1,,33872
28361,11,,1,,33873
28362,11,,1,,33874
28363,11,,1,,33875
28364,11,,1,,33876
28365,36,,2,,33877
28366,36,,2,,33878
28367,36,,2,,33879
28368,11,,1,,33880
28369,11,,1,,33881
28370,11,,1,,33882
28371,36,,2,,33883
28372,36,,2,,33884
28373,36,,2,,33885
28374,36,,1,,33886
28375,36,,1,,33887
28376,36,,1,,33888
28377,21,,1,,33889
28378,21,,1,,33890
28379,21,,1,,33891
28380,11,,1,,33892
28381,11,,1,,33893
28382,11,,1,,33894
28383,21,,1,,33895
28384,21,,1,,33896
28385,21,,1,,33897
28386,11,,1,,33898
28387,11,,1,,33899
28388,11,,1,,33900
28389,36,,2,,33901
28390,36,,3,,33902
28391,36,,3,,33903
28392,36,,2,,33904
28393,36,,2,,33905
28394,36,,2,,33906
28395,36,,1,,33907
28396,36,,1,,33908
28397,36,,1,,33909
28398,36,,1,,33910
28399,36,,1,,33911
28400,36,,1,,33912
28401,36,,1,,33913
28402,36,,1,,33914
28403,36,,1,,33915
28404,36,,1,,33916
28405,36,,1,,33917
28406,36,,1,,33918
28407,36,,1,,33919
28408,36,,1,,33920
28409,36,,1,,33921
28410,36,,1,,33922
28411,36,,1,,33923
28412,36,,1,,33924
28413,36,,1,,33925
28414,36,,1,,33926
28415,36,,1,,33927
28416,11,,1,,33928
28417,11,,1,,33929
28418,11,,1,,33930
28419,36,,1,,33931
28420,36,,1,,33932
28421,36,,1,,33933
28422,36,,1,,33934
28423,36,,1,,33935
28424,11,,1,,33936
28425,36,,1,,33937
28426,36,,1,,33938
28427,36,,1,,33939
28428,11,,1,,33940
28429,11,,1,,33941
28430,11,,1,,33942
28431,11,,1,,33943
28432,11,,1,,33944
28433,11,,1,,33945
28434,11,,1,,33946
28435,11,,1,,33947
28436,11,,1,,33948
28437,11,,1,,33949
28438,11,,1,,33950
28439,11,,1,,33951
28440,36,,1,,33952
28441,36,,1,,33953
28442,36,,1,,33954
28443,36,,1,,33955
28444,36,,1,,33956
28445,36,,1,,33957
28446,36,,1,,33958
28447,36,,1,,33959
28448,36,,1,,33960
28449,36,,1,,33961
28450,36,,1,,33962
28451,36,,1,,33963
28452,36,,1,,33964
28453,36,,1,,33965
28454,36,,1,,33966
28455,36,,1,,33967
28456,36,,1,,33968
28457,36,,1,,33969
28458,36,,1,,33970
28459,36,,1,,33971
28460,36,,1,,33972
28461,36,,1,,33973
28462,36,,1,,33974
28463,36,,1,,33975
28464,36,,1,,33976
28465,36,,1,,33977
28466,36,,1,,33978
28467,11,,1,,33979
28468,11,,1,,33980
28469,11,,1,,33981
28470,36,,1,,33982
28471,36,,1,,33983
28472,36,,1,,33984
28473,36,,2,,33985
28474,36,,2,,33986
28476,36,,2,,33987
28477,36,,1,,33988
28478,11,,1,,33989
28479,11,,1,,33990
28480,11,,1,,33991
28481,11,,1,,33992
28482,36,,1,,33993
28483,11,,1,,33994
28484,11,,1,,33995
28485,11,,1,,33996
28486,36,,1,,33997
28487,36,,1,,33998
28488,36,,1,,33999
28489,36,,2,,34000
28490,36,,2,,34001
28491,36,,2,,34002
28492,36,,1,,34003
28493,36,,1,,34004
28494,36,,1,,34005
28495,11,,1,,34006
28496,11,,1,,34007
28497,11,,1,,34008
28498,36,,1,,34009
28499,36,,1,,34010
28500,36,,1,,34011
28501,36,,2,,34012
28502,36,,1,,34013
28503,36,,1,,34014
28504,36,,2,,34015
28505,36,,2,,34016
28506,36,,1,,34017
28507,36,,1,,34018
28508,36,,1,,34019
28509,36,,1,,34020
28510,36,,1,,34021
28511,36,,1,,34022
28512,36,,1,,34023
28513,36,,1,,34024
28514,36,,1,,34025
28515,36,,1,,34026
28516,36,,1,,34027
28517,36,,1,,34028
28518,36,,1,,34029
28519,36,,1,,34030
28520,36,,1,,34031
28521,36,,1,,34032
28522,36,,1,,34033
28523,36,,1,,34034
28524,36,,1,,34035
28525,36,,2,,34036
28526,36,,2,,34037
28527,36,,2,,34038
28528,36,,1,,34039
28529,36,,1,,34040
28530,11,,1,,34041
28531,11,,1,,34042
28532,11,,1,,34043
28533,11,,1,,34044
28534,36,,1,,34045
28535,36,,1,,34046
28536,36,,1,,34047
28537,11,,1,,34048
28538,11,,1,,34049
28539,11,,1,,34050
28540,36,,1,,34051
28541,36,,1,,34052
28542,36,,1,,34053
28543,36,,2,,34054
28544,36,,2,,34055
28545,36,,2,,34056
28546,36,,2,,34057
28547,36,,1,,34058
28548,36,,2,,34059
28549,36,,2,,34060
28550,36,,2,,34061
28551,36,,2,,34062
28552,36,,2,,34063
28553,36,,2,,34064
28554,36,,2,,34065
28555,36,,2,,34066
28556,11,,1,,34067
28557,11,,1,,34068
28558,11,,1,,34069
28559,11,,1,,34070
28560,11,,1,,34071
28561,11,,1,,34072
28562,11,,1,,34073
28563,11,,1,,34074
28564,36,,1,,34075
28565,36,,1,,34076
28566,36,,1,,34077
28567,36,,1,,34078
28568,36,,1,,34079
28569,36,,1,,34080
28570,36,,1,,34081
28571,36,,1,,34082
28572,36,,1,,34083
28573,36,,1,,34084
28574,36,,1,,34085
28575,36,,1,,34086
28576,36,,1,,34087
28577,36,,1,,34088
28578,36,,1,,34089
28579,11,,1,,34090
28580,11,,1,,34091
28581,36,,1,,34092
28582,11,,1,,34093
28583,11,,1,,34094
28584,11,,1,,34095
28585,11,,1,,34096
28586,11,,1,,34097
28587,11,,1,,34098
28588,36,,1,,34099
28589,36,,1,,34100
28590,36,,1,,34101
28591,36,,1,,34102
28592,36,,1,,34103
28593,36,,1,,34104
28594,36,,1,,34105
28595,36,,1,,34106
28596,36,,1,,34107
28597,36,,1,,34108
28598,36,,1,,34109
28599,36,,1,,34110
28600,36,,1,,34111
28601,36,,1,,34112
28602,36,,1,,34113
28603,36,,1,,34114
28604,36,,1,,34115
28605,36,,1,,34116
28606,36,,2,,34117
28607,36,,2,,34118
28608,36,,2,,34119
28609,36,,2,,34120
28610,36,,2,,34121
28611,36,,2,,34122
28612,11,,1,,34123
28613,11,,1,,34124
28614,11,,1,,34125
28615,36,,1,,34126
28616,36,,1,,34127
28617,36,,1,,34128
28618,36,,1,,34129
28619,36,,1,,34130
28620,36,,1,,34131
28621,11,,1,,34132
28622,36,,1,,34133
28623,36,,1,,34134
28624,11,,1,,34135
28625,11,,1,,34136
28626,11,,1,,34137
28627,11,,1,,34138
28628,11,,1,,34139
28629,11,,1,,34140
28630,36,,1,,34141
28631,36,,1,,34142
28632,36,,1,,34143
28633,21,,1,,34144
28634,21,,1,,34145
28635,21,,1,,34146
28636,36,,1,,34147
28637,36,,1,,34148
28638,36,,1,,34149
28639,36,,1,,34150
28640,36,,2,,34151
28641,36,,2,,34152
28642,36,,1,,34153
28643,36,,1,,34154
28644,36,,1,,34155
28645,11,,1,,34156
28646,11,,1,,34157
28647,11,,1,,34158
28648,11,,1,,34159
28649,11,,1,,34160
28650,11,,1,,34161
28651,11,,1,,34162
28652,11,,1,,34163
28653,11,,1,,34164
28654,36,,2,,34165
28655,36,,2,,34166
28656,36,,2,,34167
28657,11,,1,,34168
28658,11,,1,,34169
28659,11,,1,,34170
28660,11,,1,,34171
28661,11,,1,,34172
28662,11,,1,,34173
28663,36,,2,,34174
28664,36,,2,,34175
28665,36,,1,,34176
28666,36,,1,,34177
28667,36,,1,,34178
28668,36,,1,,34179
28669,11,,1,,34180
28670,11,,1,,34181
28671,11,,1,,34182
28672,11,,1,,34183
28673,11,,1,,34184
28674,11,,1,,34185
28675,11,,1,,34186
28676,11,,1,,34187
28677,11,,1,,34188
28678,11,,1,,34189
28679,11,,1,,34190
28680,11,,1,,34191
28681,36,,1,,34192
28682,36,,1,,34193
28683,36,,1,,34194
28684,36,,1,,34195
28685,36,,1,,34196
28686,36,,1,,34197
28687,36,,1,,34198
28688,36,,1,,34199
28689,11,,1,,34200
28690,36,,1,,34201
28691,36,,1,,34202
28692,36,,1,,34203
28693,36,,1,,34204
28694,36,,1,,34205
28695,36,,1,,34206
28696,36,,2,,34207
28697,36,,2,,34208
28698,36,,2,,34209
28699,36,,3,,34210
28700,36,,3,,34211
28701,36,,3,,34212
28702,36,,3,,34213
28703,36,,3,,34214
28704,36,,3,,34215
28705,36,,2,,34216
28706,36,,2,,34217
28707,36,,2,,34218
28708,36,,1,,34219
28709,36,,1,,34220
28710,36,,1,,34221
28711,11,,1,,34222
28712,11,,1,,34223
28713,11,,1,,34224
28714,11,,1,,34225
28715,11,,1,,34226
28716,11,,1,,34227
28717,11,,1,,34228
28718,11,,1,,34229
28719,11,,1,,34230
28720,11,,1,,34231
28721,11,,1,,34232
28722,11,,1,,34233
28723,11,,1,,34234
28724,11,,1,,34235
28725,11,,1,,34236
28726,36,,1,,34237
28727,36,,1,,34238
28728,36,,1,,34239
28729,36,,1,,34240
28730,36,,1,,34241
28731,36,,1,,34242
28732,11,,1,,34243
28733,11,,1,,34244
28734,11,,1,,34245
28735,11,,1,,34246
28736,11,,1,,34247
28737,11,,1,,34248
28738,11,,1,,34249
28739,11,,1,,34250
28740,11,,1,,34251
28741,36,,1,,34252
28742,36,,1,,34253
28743,36,,1,,34254
28744,36,,1,,34255
28745,36,,1,,34256
28746,36,,1,,34257
28747,36,,1,,34258
28748,36,,1,,34259
28749,36,,1,,34260
28750,50,,1,,34261
28751,50,,1,,34262
28752,50,,1,,34263
28753,11,,1,,34264
28754,11,,1,,34265
28755,11,,1,,34266
28756,11,,1,,34267
28757,11,,1,,34268
28758,11,,1,,34269
28759,11,,1,,34270
28760,11,,1,,34271
28761,11,,1,,34272
28762,8,,1,cub,34273
28763,8,,1,cub,34274
28764,8,,1,cub,34275
28765,8,,1,,34276
28766,11,,1,,34277
28767,11,,1,,34278
28768,36,,1,,34279
28769,36,,1,,34280
28770,36,,1,,34281
28771,36,,1,,34282
28772,36,,1,,34283
28773,36,,1,,34284
28774,36,,1,,34285
28775,36,,1,,34286
28776,36,,1,,34287
28777,36,,1,,34288
28778,36,,1,,34289
28779,36,,1,,34290
28780,50,,1,,34291
28781,50,,1,,34292
28782,11,,1,,34293
28783,36,,1,,34294
28784,36,,1,,34295
28785,36,,1,,34296
28786,11,,1,,34297
28787,11,,1,,34298
28788,11,,1,,34299
28789,36,,1,,34300
28790,36,,1,,34301
28791,36,,1,,34302
28792,11,,1,,34303
28793,11,,1,,34304
28794,11,,1,,34305
28795,50,,1,,34306
28796,50,,1,,34307
28797,50,,1,,34308
28798,11,,1,,34309
28799,11,,1,,34310
28800,11,,1,,34311
28801,11,,1,,34312
28802,11,,1,,34313
28803,11,,1,,34314
28804,11,,1,,34315
28805,11,,1,,34316
28806,11,,1,,34317
28807,11,,1,,34318
28808,11,,1,,34319
28809,11,,1,,34320
28810,11,,1,,34321
28811,11,,1,,34322
28812,11,,1,,34323
28813,11,,1,,34324
28814,11,,1,,34325
28815,11,,1,,34326
28816,11,,1,,34327
28817,11,,1,,34328
28818,11,,1,,34329
28819,36,,1,,34330
28820,36,,1,,34331
28821,36,,1,,34332
28822,36,,1,,34333
28823,36,,1,,34334
28824,36,,1,,34335
28825,36,,1,,34336
28826,36,,1,,34337
28827,36,,1,,34338
28828,36,,1,,34339
28829,36,,1,,34340
28830,36,,1,,34341
28831,36,,1,,34342
28832,36,,1,,34343
28833,36,,1,,34344
28834,36,,1,,34345
28835,36,,1,,34346
28836,36,,1,,34347
28837,36,,1,,34348
28838,36,,1,,34349
28839,36,,1,,34350
28840,11,,1,,34351
28841,11,,1,,34352
28842,11,,1,,34353
28843,36,,1,,34354
28844,36,,1,,34355
28845,36,,1,,34356
28846,36,,1,,34357
28847,36,,1,,34358
28848,36,,1,,34359
28849,36,,1,,34360
28850,36,,1,,34361
28851,36,,1,,34362
28852,36,,1,,34363
28853,36,,1,,34364
28854,36,,1,,34365
28855,36,,1,,34366
28856,36,,1,,34367
28857,36,,1,,34368
28858,36,,1,,34369
28859,36,,1,,34370
28860,36,,1,,34371
28861,36,,1,,34372
28862,36,,1,,34373
28863,36,,1,,34374
28864,36,,1,,34375
28865,36,,1,,34376
28866,36,,1,,34377
28867,36,,1,,34378
28868,36,,1,,34379
28869,36,,1,,34380
28870,36,,1,,34381
28871,36,,1,,34382
28872,36,,1,,34383
28873,36,,1,,34384
28874,36,,1,,34385
28875,36,,1,,34386
28876,36,,1,,34387
28877,36,,1,,34388
28878,36,,1,,34389
28879,36,,1,,34390
28880,36,,1,,34391
28881,36,,1,,34392
28882,36,,1,,34393
28883,36,,1,,34394
28884,36,,1,,34395
28885,36,,1,,34396
28886,36,,1,,34397
28887,36,,1,,34398
28888,36,,1,,34399
28889,36,,1,,34400
28890,36,,1,,34401
28891,36,,1,,34402
28892,36,,1,,34403
28893,36,,1,,34404
28894,36,,1,,34405
28895,36,,1,,34406
28896,36,,1,,34407
28897,36,,1,,34408
28898,36,,1,,34409
28899,36,,1,,34410
28900,36,,1,,34411
28901,36,,1,,34412
28902,36,,1,,34413
28903,36,,1,,34414
28904,36,,1,,34415
28905,36,,1,,34416
28906,36,,1,,34417
28907,36,,1,,34418
28908,36,,1,,34419
28909,36,,1,,34420
28910,36,,1,,34421
28911,36,,1,,34422
28912,36,,1,,34423
28913,36,,1,,34424
28914,36,,1,,34425
28915,36,,1,,34426
28916,36,,1,,34427
28917,36,,1,,34428
28918,36,,1,,34429
28919,36,,1,,34430
28920,36,,1,,34431
28921,36,,1,,34432
28922,36,,1,,34433
28923,36,,1,,34434
28924,36,,1,,34435
28925,36,,1,,34436
28926,36,,1,,34437
28927,36,,1,,34438
28928,36,,1,,34439
28929,36,,1,,34440
28930,36,,1,,34441
28931,36,,1,,34442
28932,36,,1,,34443
28933,36,,1,,34444
28934,36,,1,,34445
28935,36,,1,,34446
28936,36,,1,,34447
28937,36,,1,,34448
28938,36,,1,,34449
28939,36,,1,,34450
28940,36,,1,,34451
28941,36,,1,,34452
28942,36,,1,,34453
28943,36,,1,,34454
28944,36,,1,,34455
28945,36,,1,,34456
28946,36,,1,,34457
28947,36,,1,,34458
28948,36,,1,,34459
28949,36,,1,,34460
28950,36,,1,,34461
28951,36,,1,,34462
28952,36,,1,,34463
28953,36,,1,,34464
28954,36,,1,,34465
28955,36,,1,,34466
28956,36,,1,,34467
28957,36,,1,,34468
28958,36,,1,,34469
28959,36,,1,,34470
28960,36,,1,,34471
28961,36,,1,,34472
28962,36,,1,,34473
28963,36,,1,,34474
28964,36,,1,,34475
28965,36,,1,,34476
28966,39,1,2,,34477
28967,39,1,2,,34478
28968,39,1,2,,34479
28969,39,1,1,,34480
28970,39,1,2,,34481
28971,39,1,2,,34482
28972,21,,1,,34483
28973,21,,1,,34484
28974,21,,1,,34485
28975,11,,1,,34486
28976,11,,1,,34487
28977,11,,1,,34488
28978,11,,1,,34489
28979,11,,1,,34490
28980,11,,1,,34491
28981,21,,1,,34492
28982,21,,1,,34493
28983,21,,1,,34494
28984,21,,1,,34495
28985,21,,1,,34496
28986,21,,1,,34497
28987,11,,1,,34498
28988,11,,1,,34499
28989,11,,1,,34500
28990,21,,1,,34501
28991,21,,1,,34502
28992,21,,1,,34503
28993,21,,1,,34504
28994,11,,1,,34505
28995,11,,1,,34506
28996,11,,1,,34507
28997,11,,1,,34508
28998,11,,1,,34509
28999,41,,1,,34510
29000,41,,1,,34511
29001,11,,1,,34512
29002,11,,1,,34513
29003,11,,1,,34514
29004,11,,1,,34515
29005,41,,1,,34516
29006,41,,1,,34517
29007,41,,1,,34518
29008,41,,1,,34519
29009,41,,1,,34520
29010,41,,1,,34521
29011,41,,1,,34522
29012,41,,1,,34523
29013,41,,1,,34524
29014,41,,1,,34525
29015,41,,1,,34526
29016,41,,1,,34527
29017,3,,1,,34528
29018,3,,1,,34529
29019,3,,1,,34530
29020,36,,2,,34531
29021,36,,3,,34532
29022,36,,3,,34533
29023,36,,3,,34534
29024,36,,3,,34535
29025,36,,3,,34536
29026,36,,2,,34537
29027,36,,1,,34538
29028,11,,1,,34539
29029,36,,1,,34540
29030,36,,1,,34541
29031,36,,1,,34542
29032,36,,1,,34543
29033,36,,1,,34544
29034,36,,1,,34545
29035,36,,1,,34546
29036,36,,1,,34547
29037,36,,1,,34548
29038,11,,1,,34549
29039,11,,1,,34550
29040,11,,1,,34551
29041,11,,1,,34552
29042,11,,1,,34553
29043,11,,1,,34554
29044,11,,1,,34555
29045,11,,1,,34556
29046,11,,1,,34557
29047,11,,1,,34558
29048,11,,1,,34559
29049,11,,1,,34560
29050,11,,1,,34561
29051,11,,1,,34562
29052,11,,1,,34563
29053,55,,1,,34564
29054,11,,1,,34565
29055,11,,1,,34566
29056,11,,1,,34567
29057,36,,1,,34568
29058,36,,1,,34569
29059,11,,1,,34570
29060,11,,1,,34571
29061,11,,1,,34572
29062,36,,1,,34573
29063,36,,1,,34574
29064,36,,1,,34575
29065,36,,1,,34576
29066,36,,1,,34577
29067,36,,1,,34578
29068,36,,1,,34579
29069,36,,1,,34580
29070,36,,1,,34581
29071,36,,1,,34582
29072,36,,1,,34583
29073,36,,1,,34584
29074,36,,1,,34585
29075,36,,1,,34586
29076,11,,1,,34587
29077,36,,1,,34588
29078,36,,1,,34589
29079,36,,1,,34590
29080,36,,1,,34591
29081,36,,1,,34592
29082,36,,1,,34593
29083,50,,1,,34594
29084,50,,1,,34595
29085,50,,1,,34596
29086,36,,1,,34597
29087,36,,1,,34598
29088,36,,1,,34599
29089,36,,2,,34600
29090,36,,2,,34601
29091,36,,2,,34602
29092,36,,2,,34603
29093,36,,2,,34604
29094,36,,2,,34605
29095,11,,1,,34606
29096,11,,1,,34607
29097,11,,1,,34608
29098,36,,1,,34609
29099,36,,1,,34610
29100,36,,1,,34611
29101,36,,1,,34612
29102,36,,1,,34613
29103,36,,1,,34614
29104,36,,1,,34615
29105,36,,1,,34616
29106,36,,1,,34617
29107,36,,2,,34618
29108,36,,2,,34619
29109,36,,2,,34620
29110,36,,2,,34621
29111,36,,2,,34622
29112,36,,2,,34623
29113,11,,1,,34624
29114,11,,1,,34625
29115,11,,1,,34626
29116,11,,1,,34627
29117,11,,1,,34628
29118,11,,1,,34629
29119,36,,1,,34630
29120,36,,1,,34631
29121,36,,1,,34632
29122,36,,1,,34633
29123,36,,1,,34634
29124,36,,1,,34635
29125,36,,1,,34636
29126,36,,1,,34637
29127,36,,1,,34638
29128,36,,2,,34639
29129,36,,2,,34640
29130,36,,2,,34641
29131,36,,1,,34642
29132,36,,1,,34643
29133,36,,1,,34644
29134,36,,1,,34645
29135,36,,1,,34646
29136,36,,1,,34647
29137,36,,1,,34648
29138,36,,1,,34649
29139,36,,1,,34650
29140,36,,1,,34651
29141,36,,1,,34652
29142,36,,1,,34653
29143,11,,1,,34654
29144,11,,1,,34655
29145,11,,1,,34656
29146,11,,1,,34657
29147,11,,1,,34658
29148,11,,1,,34659
29149,11,,1,,34660
29150,11,,1,,34661
29151,11,,1,,34662
29152,36,,1,,34663
29153,36,,1,,34664
29154,36,,1,,34665
29155,36,,1,,34666
29156,36,,1,,34667
29157,36,,1,,34668
29158,11,,1,,34669
29159,11,,1,,34670
29160,11,,1,,34671
29161,11,,1,,34672
29162,11,,1,,34673
29163,11,,1,,34674
29164,36,,1,,34675
29165,36,,1,,34676
29166,36,,1,,34677
29167,36,,1,,34678
29168,36,,1,,34679
29169,36,,1,,34680
29170,36,,1,,34681
29171,36,,1,,34682
29172,36,,1,,34683
29173,36,,1,,34684
29174,36,,1,,34685
29175,36,,1,,34686
29176,36,,1,,34687
29177,36,,1,,34688
29178,36,,1,,34689
29179,36,,1,,34690
29180,36,,1,,34691
29181,36,,1,,34692
29182,36,,1,,34693
29183,36,,1,,34694
29184,36,,1,,34695
29185,11,,1,,34696
29186,11,,1,,34697
29187,11,,1,,34698
29188,11,,1,,34699
29189,36,,1,,34700
29190,36,,1,,34701
29191,36,,1,,34702
29192,36,,1,,34703
29193,36,,1,,34704
29194,11,,1,,34705
29195,11,,1,,34706
29196,11,,1,,34707
29197,11,,1,,34708
29198,11,,1,,34709
29199,11,,1,,34710
29200,11,,1,,34711
29201,11,,1,,34712
29202,11,,1,,34713
29203,36,,1,,34714
29204,36,,1,,34715
29205,36,,1,,34716
29206,11,,1,,34717
29207,11,,1,,34718
29208,11,,1,,34719
29209,36,,1,,34720
29210,36,,1,,34721
29211,36,,1,,34722
29212,11,,1,,34723
29213,36,,1,,34724
29214,36,,1,,34725
29215,36,,1,,34726
29216,36,,1,,34727
29217,36,,1,,34728
29218,36,,1,,34729
29219,36,,1,,34730
29220,36,,1,,34731
29221,36,,1,,34732
29222,36,,1,,34733
29223,36,,1,,34734
29224,36,,1,,34735
29225,36,,1,,34736
29226,36,,1,,34737
29227,11,,1,,34738
29228,11,,1,,34739
29229,11,,1,,34740
29230,36,,1,,34741
29231,36,,1,,34742
29232,36,,1,,34743
29233,36,,1,,34744
29234,36,,1,,34745
29235,36,,1,,34746
29236,36,,1,,34747
29237,36,,1,,34748
29238,36,,1,,34749
29239,36,,1,,34750
29240,36,,1,,34751
29241,36,,1,,34752
29242,36,,1,,34753
29243,36,,1,,34754
29244,36,,1,,34755
29245,36,,1,,34756
29246,36,,1,,34757
29247,36,,1,,34758
29248,36,,1,,34759
29249,36,,1,,34760
29250,36,,1,,34761
29251,36,,1,,34762
29252,36,,1,,34763
29253,36,,1,,34764
29254,11,,1,,34765
29255,11,,1,,34766
29256,11,,1,,34767
29257,36,,1,,34768
29258,36,,1,,34769
29259,36,,1,,34770
29260,11,,1,,34771
29261,11,,1,,34772
29262,11,,1,,34773
29263,11,,1,,34774
29264,11,,1,,34775
29265,11,,1,,34776
29266,36,,1,,34777
29267,36,,1,,34778
29268,36,,1,,34779
29269,36,,1,,34780
29270,36,,1,,34781
29271,36,,1,,34782
29272,36,,1,,34783
29273,36,,1,,34784
29274,36,,1,,34785
29275,36,,1,,34786
29276,36,,1,,34787
29277,36,,1,,34788
29278,36,,1,,34789
29279,36,,1,,34790
29280,36,,1,,34791
29281,36,,1,,34792
29282,36,,1,,34793
29283,36,,1,,34794
29284,36,,1,,34795
29285,36,,1,,34796
29286,36,,1,,34797
29287,36,,1,,34798
29288,36,,1,,34799
29289,11,,1,,34800
29290,41,,1,,34801
29291,41,,1,,34802
29292,41,,1,,34803
29293,11,,1,,34804
29294,11,,1,,34805
29295,11,,1,,34806
29296,11,,1,,34807
29297,11,,1,,34808
29298,11,,1,,34809
29299,11,,1,,34810
29300,36,,1,,34811
29301,36,,1,,34812
29302,36,,1,,34813
29303,36,,1,,34814
29304,36,,1,,34815
29305,36,,1,,34816
29306,36,,1,,34817
29307,36,,1,,34818
29308,36,,3,,34819
29309,36,,3,,34820
29310,36,,3,,34821
29311,36,,1,,34822
29312,36,,1,,34823
29313,36,,1,,34824
29314,11,,1,,34825
29315,11,,1,,34826
29316,11,,1,,34827
29317,36,,1,,34828
29318,36,,1,,34829
29319,36,,1,,34830
29320,36,,1,,34831
29321,36,,2,,34832
29322,36,,1,,34833
29323,36,,1,,34834
29324,36,,1,,34835
29325,36,,1,,34836
29326,36,,1,,34837
29327,36,,1,,34838
29328,36,,1,,34839
29329,11,,1,,34840
29330,11,,1,,34841
29331,11,,1,,34842
29332,55,,1,,34843
29333,55,,1,,34844
29334,55,,1,,34845
29335,55,,1,,34846
29336,55,,1,,34847
29337,55,,1,,34848
29338,11,,1,,34849
29339,11,,1,,34850
29340,11,,1,,34851
29341,36,,1,,34852
29342,36,,1,,34853
29343,36,,1,,34854
29344,36,,1,,34855
29345,36,,1,,34856
29346,36,,1,,34857
29347,36,,1,,34858
29348,36,,1,,34859
29349,36,,1,,34860
29350,36,,1,,34861
29351,36,,1,,34862
29352,36,,1,,34863
29354,36,,1,,34867
29355,36,,1,,34868
29356,36,,1,,34869
29357,36,,1,,34870
29358,36,,1,,34871
29359,36,,1,,34872
29360,50,,1,,34873
29361,50,,1,,34874
29362,50,,1,,34875
29363,11,,1,,34876
29364,11,,1,,34877
29365,11,,1,,34878
29366,11,,1,,34879
29367,11,,1,,34880
29368,11,,1,,34881
29369,36,,1,,34882
29370,36,,1,,34883
29371,36,,1,,34884
29372,11,,1,,34885
29373,11,,1,,34886
29374,11,,1,,34887
29375,11,,1,,34888
29376,11,,1,,34889
29377,11,,1,,34890
29378,11,,1,,34891
29379,11,,1,,34892
29380,11,,1,,34893
29381,39,1,1,,34894
29382,39,1,1,,34895
29383,39,1,1,,34896
29384,36,,2,,34897
29385,36,,2,,34898
29386,36,,2,,34899
29387,11,,1,,34900
29388,11,,1,,34901
29389,11,,1,,34902
29390,36,,1,,34903
29391,36,,1,,34904
29392,36,,1,,34905
29393,36,,1,,34906
29394,36,,1,,34907
29395,36,,1,,34908
29396,36,,1,,34909
29397,36,,1,,34910
29398,36,,1,,34911
29399,36,,1,,34912
29400,36,,1,,34913
29401,36,,1,,34914
29402,36,,1,,34915
29403,36,,1,,34916
29404,36,,1,,34917
29405,36,,1,,34918
29406,36,,1,,34919
29407,36,,1,,34920
29408,36,,1,,34921
29409,36,,1,,34922
29410,36,,1,,34923
29411,36,,1,,34924
29412,36,,1,,34925
29413,36,,1,,34926
29414,39,6,1,,34927
29415,39,6,1,,34928
29416,39,6,1,,34929
29417,11,,1,,34951
29418,11,,1,,34952
29419,36,,1,,34953
29420,55,,1,,34954
29421,36,,1,,34955
29422,11,,1,,34956
29423,39,1,1,,34957
29424,11,,1,,34930
29425,11,,1,,34931
29426,11,,1,,34932
29427,11,,1,,34933
29428,11,,1,,34934
29429,11,,1,,34935
29430,36,,1,,34936
29431,36,,3,,34937
29432,36,,2,,34938
29433,11,,1,,34939
29434,39,1,1,,34940
29435,39,1,1,,34941
29436,39,1,1,,34942
29437,39,1,1,,34943
29438,39,1,1,,34944
29439,39,6,1,,34945
29440,39,6,1,,34946
29441,39,6,1,,34947
29442,11,,1,,34948
29443,11,,1,,34949
29444,36,,1,,34950
29445,39,1,1,,34958
29446,39,1,1,,34959
29447,39,,2,,34960
29448,49,,1,,34961
29449,39,1,1,,34962
29450,23,,1,,34963
29451,39,1,1,,34963
29452,39,1,1,,34964
29453,23,5,1,,34965
29454,23,5,1,,34966
29455,23,5,2,,34967
29456,23,5,1,,34968
29457,23,5,1,,34969
29458,23,5,1,,34970
29459,23,5,1,,34971
29460,39,1,1,,34972
29461,23,7,1,,34972
29462,39,1,1,,34973
29463,23,7,1,,34973
29464,39,1,2,,34974
29465,23,7,1,,34974
29466,39,1,1,,34975
29467,39,1,1,,34976
29468,39,1,1,,34977
29469,23,7,1,,34977
29470,39,1,2,,34978
29471,39,3,2,,34979
29472,39,1,1,,34980
29473,39,1,1,,34981
29474,22,,1,,34982
29475,39,1,1,,34983
29476,39,1,1,,34984
29477,39,3,1,,34985
29478,23,5,1,,34986
29479,39,1,1,,34987
29480,23,7,1,,34987
29481,39,1,1,,34988
29482,39,3,1,,34989
29483,39,3,1,,34990
29484,39,1,1,,34991
29485,39,1,1,,34992
29486,23,7,1,,34992
29487,39,1,1,,34993
29488,23,5,1,,34994
29489,39,1,1,,34995
29490,39,3,1,,34996
29491,39,1,1,,34997
29492,39,3,1,,34998
29493,39,1,1,,34999
29494,23,5,1,,34999
29495,39,1,1,,35000
29496,39,1,1,,35001
29497,39,,1,,35002
29498,39,1,1,,35003
29499,23,5,1,,35003
29500,39,1,1,,35004
29501,23,5,1,,35004
29502,39,1,1,,35005
29503,23,7,1,,35005
29504,39,1,2,,35006
29505,39,1,2,,35007
29506,39,1,1,,35008
29507,23,5,1,,35008
29508,23,5,1,,35009
29509,39,1,1,,35010
29510,23,5,1,,35011
29511,39,1,1,,35012
29512,39,1,2,,35013
29513,39,3,1,,35014
29514,39,1,1,,35015
29515,39,1,1,,35016
29516,11,,1,,35017
29517,39,1,1,,35018
29518,36,,1,,35019
29519,36,,1,,35020
29520,39,1,1,,35021
29521,39,1,1,,35022
29522,39,1,1,,35023
29523,39,1,1,,35024
29524,23,7,1,,35024
29525,39,1,1,,35025
29526,39,1,1,,35026
29527,39,3,1,,35027
29528,23,5,1,,35028
29529,39,1,1,,35029
29530,23,5,2,,35029
29531,22,,1,,35030
29532,39,1,1,,35031
29533,39,1,1,,35032
29534,39,1,1,,35033
29535,23,7,1,,35033
29536,39,1,2,,35034
29537,23,5,1,,35034
29538,39,1,1,,35035
29540,23,7,1,,35035
29541,39,1,3,,35036
29542,36,,1,,35037
29543,11,,1,,35038
29544,22,,1,,35039
29545,39,3,1,,35040
29546,23,5,1,,35041
29547,39,1,1,,35042
29548,39,3,1,,35043
29549,39,1,2,,35044
29550,39,1,1,,35045
29551,39,3,1,,35046
29552,39,1,2,,35047
29553,39,1,1,,35048
29554,23,5,1,,35048
29555,39,1,1,,35049
29556,23,5,1,,35050
29557,39,1,1,,35051
29558,39,3,1,,35052
29559,39,1,1,,35053
29560,23,7,1,,35053
29561,39,1,1,,35054
29562,23,7,1,,35054
29563,39,1,1,,35055
29564,23,7,1,,35055
29565,39,1,1,,35056
29566,23,7,1,,35056
29567,39,1,1,,35057
29568,23,7,1,,35057
29569,39,1,1,,35058
29570,23,7,1,,35058
29571,39,1,1,,35059
29572,39,1,1,,35060
29573,39,1,1,,35061
29574,39,1,1,,35062
29575,23,7,1,,35062
29576,23,5,2,,35063
29577,39,1,1,,35064
29578,23,7,1,,35064
29579,39,1,1,,35065
29580,23,5,1,,35065
29581,39,1,2,,35066
29582,39,3,1,,35067
29583,39,3,1,,35068
29584,39,3,1,,35069
29585,39,1,1,,35070
29586,23,5,1,,35070
29587,23,5,1,,35071
29588,39,1,1,,35072
29589,23,5,1,,35073
29590,23,5,1,,35074
29591,39,3,1,,35075
29592,39,1,1,,35076
29593,39,1,1,,35077
29594,23,7,1,,35077
29595,39,1,1,,35078
29596,39,1,2,,35079
29597,23,7,2,,35079
29598,39,1,2,,35080
29599,39,1,1,,35081
29600,39,1,2,,35082
29601,43,,1,,35083
29602,39,3,1,,35084
29603,39,1,1,,35085
29604,43,,1,,35086
29605,39,1,1,,35087
29606,23,7,1,,35087
29607,39,1,1,,35088
29608,39,1,1,,35089
29609,39,1,1,,35090
29610,39,1,1,,35091
29611,23,7,1,,35091
29612,39,1,1,,35092
29613,23,7,1,,35092
29614,39,1,1,,35093
29615,39,3,1,,35094
29616,39,1,1,,35095
29617,23,5,1,,35095
29618,39,1,1,,35096
29619,39,1,1,,35097
29620,39,1,2,,35098
29621,23,5,1,,35099
29622,39,3,1,,35100
29623,23,5,2,,35101
29624,39,1,1,,35102
29625,23,5,1,,35103
29626,39,1,1,,35104
29627,39,1,1,,35105
29628,23,7,1,,35105
29629,39,1,1,,35106
29630,39,3,1,,35107
29631,39,1,2,,35108
29632,39,1,1,,35109
29633,39,3,1,,35110
29634,39,3,1,,35111
29635,39,1,2,,35112
29636,39,1,2,,35113
29637,39,3,1,,35114
29638,39,1,2,,35115
29639,39,1,1,,35116
29640,39,3,1,,35117
29641,39,1,2,,35118
29642,39,1,1,,35119
29643,39,3,1,,35120
29644,39,1,1,,35121
29645,39,1,1,,35122
29646,39,1,1,,35123
29647,39,1,1,,35124
29648,39,1,2,,35125
29649,23,5,1,,35125
29650,39,1,1,,35126
29651,39,3,1,,35127
29652,39,1,2,,35128
29653,39,1,1,,35129
29654,23,5,1,,35130
29655,39,1,1,,35131
29656,39,1,1,,35132
29657,39,1,1,,35133
29658,39,1,1,,35134
29659,43,,1,,35135
29660,11,,1,,35136
29661,39,6,1,,35137
29662,11,,1,,35138
29663,39,6,1,,35139
29664,39,6,1,,35140
29665,39,6,1,,35141
29666,39,6,2,,35142
29667,39,1,1,,35143
29668,39,1,3,,35144
29669,39,1,2,,35145
29670,39,1,2,,35146
29671,39,1,1,,35147
29672,39,1,2,,35148
29673,39,1,2,,35149
29674,23,7,1,,35149
29675,39,1,2,,35150
29676,22,,1,,35151
29677,39,1,1,,35152
29678,39,1,1,,35153
29679,39,1,1,,35154
29680,39,1,1,,35155
29681,39,1,2,,35156
29682,23,5,1,,35157
29683,39,1,1,,35158
29684,39,1,2,,35159
29685,23,7,1,,35159
29686,39,1,1,,35160
29687,23,7,1,,35160
29688,39,3,1,,35161
29689,39,3,1,,35162
29690,39,1,1,,35163
29691,39,1,1,,35164
29692,39,1,1,,35165
29693,39,1,1,,35166
29694,39,1,1,,35167
29695,39,1,1,,35168
29696,39,1,1,,35169
29697,23,7,1,,35169
29698,39,1,2,,35170
29699,39,1,1,,35171
29700,39,3,1,Unicycle,35172
29701,39,1,1,,35173
29702,39,1,2,,35174
29703,39,1,1,,35175
29704,39,1,1,,35176
29705,39,1,2,,35177
29706,39,1,1,,35178
29707,23,7,1,,35178
29708,39,1,2,,35179
29709,39,1,2,,35180
29710,39,1,1,,35181
29711,23,7,1,,35181
29712,39,1,1,,35182
29713,23,7,1,,35182
29714,39,1,1,,35183
29715,39,1,2,,35184
29716,39,1,1,,35185
29717,23,7,1,,35185
29718,39,3,1,,35186
29719,39,1,1,,35187
29720,39,1,2,,35188
29721,23,7,1,,35188
29722,39,1,1,,35189
29723,39,1,2,,35190
29724,23,7,1,,35190
29725,39,1,2,,35191
29726,39,1,3,,35192
29727,23,7,1,,35193
29728,39,1,2,,35194
29729,39,1,1,,35195
29730,39,1,2,,35196
29731,39,1,2,,35197
29732,39,1,1,,35198
29733,39,3,1,,35199
29734,39,1,1,,35200
29735,39,1,1,,35201
29736,39,1,2,,35202
29737,39,1,2,,35203
29738,39,1,1,,35204
29739,39,1,1,,35205
29740,39,1,2,,35206
29741,39,1,1,,35207
29742,39,1,1,,35208
29743,39,1,1,,35209
29744,23,7,1,,35209
29745,23,7,1,,35210
29746,39,1,2,,35210
29747,39,1,1,,35211
29748,39,1,1,,35212
29749,39,1,1,,35213
29750,39,1,2,,35214
29751,39,1,1,,35215
29752,39,1,2,,35216
29753,39,1,2,,35217
29754,39,1,1,,35218
29755,23,7,1,,35218
29756,39,1,1,,35219
29757,23,5,1,,35220
29758,39,1,1,,35221
29759,23,5,1,,35221
29760,39,3,1,,35222
29761,39,1,1,,35223
29762,39,1,1,,35224
29763,23,5,1,,35225
29764,39,1,1,,35226
29765,39,1,1,,35227
29766,39,1,2,,35228
29767,39,1,1,,35229
29768,39,1,1,,35230
29769,39,1,2,,35231
29770,39,3,1,Unicycle,35232
29771,39,1,1,,35233
29772,39,1,2,,35234
29773,39,1,1,,35235
29774,39,1,2,,35236
29775,39,1,2,,35237
29776,39,1,1,,35238
29777,39,1,2,,35239
29778,39,1,2,,35240
29779,39,1,1,,35241
29780,39,1,1,,35242
29781,39,1,1,,35243
29782,39,1,2,,35244
29783,39,1,1,,35245
29784,39,1,2,,35246
29785,39,1,2,,35247
29786,39,1,1,,35248
29787,39,1,2,,35249
29788,39,3,1,,35250
29789,39,3,1,,35251
29790,39,3,1,,35252
29791,39,3,1,,35253
29792,39,3,1,,35254
29793,39,1,1,,35255
29794,39,1,1,,35256
29795,39,1,2,,35257
29796,39,1,2,,35258
29797,39,1,1,,35259
29798,23,7,1,,35259
29799,39,1,1,,35260
29800,39,1,2,,35261
29801,39,1,1,,35262
29803,39,1,2,,35263
29804,23,7,2,,35263
29805,39,1,4,,35264
29806,39,1,1,,35265
29807,39,3,1,,35266
29808,39,1,2,,35267
29809,23,7,1,,35267
29810,39,1,1,,35268
29811,39,1,2,,35269
29812,39,1,1,,35270
29813,39,3,1,,35271
29814,39,3,1,,35272
29815,39,1,1,,35273
29816,23,7,1,,35273
29817,39,1,2,,35274
29818,39,1,3,,35275
29819,39,1,2,,35276
29820,39,1,2,,35277
29821,23,7,2,,35277
29822,39,1,2,,35278
29823,23,7,1,,35278
29824,39,1,2,,35279
29825,23,7,1,,35279
29826,39,1,2,,35280
29827,39,1,2,,35281
29828,39,1,2,,35282
29829,23,5,1,,35283
29830,39,1,2,,35284
29831,39,1,1,,35285
29832,39,1,1,,35286
29833,39,1,1,,35287
29834,43,,1,,35288
29835,39,1,1,,35289
29836,39,1,1,,35290
29837,39,1,1,,35291
29838,39,1,2,,35292
29839,39,1,1,,35293
29840,39,3,1,Unicycle,35294
29841,39,1,2,,35295
29842,39,1,1,,35296
29843,39,1,1,,35297
29844,39,1,2,,35298
29845,39,1,1,,35299
29846,39,1,1,,35300
29847,39,1,1,,35301
29848,39,1,1,,35302
29849,39,1,1,,35303
29850,23,5,1,,35304
29851,39,1,2,,35305
29852,39,1,2,,35306
29853,39,1,1,,35307
29854,39,1,2,,35308
29855,23,7,1,,35308
29856,23,5,1,,35309
29857,39,1,1,,35310
29858,39,1,1,,35311
29859,39,1,1,,35312
29860,39,1,2,,35313
29861,23,7,1,,35313
29862,39,1,1,,35314
29863,39,1,1,,35315
29864,23,5,1,,35316
29865,39,1,1,,35317
29866,39,1,1,,35318
29867,39,1,2,,35319
29868,39,3,1,,35320
29869,39,1,2,,35321
29870,39,1,1,,35322
29871,43,,1,,35323
29872,39,1,1,,35324
29873,39,1,1,,35325
29874,39,1,1,,35326
29875,39,1,1,,35327
29876,39,1,1,,35328
29877,23,5,1,,35328
29878,39,1,1,,35329
29879,23,5,1,,35330
29880,39,1,1,,35331
29881,39,1,1,,35332
29882,23,5,2,,35332
29883,39,1,1,,35333
29884,39,1,1,,35334
29885,39,1,1,,35335
29886,39,1,1,,35336
29887,23,7,1,,35336
29888,23,5,1,,35337
29889,39,1,2,,35338
29890,39,1,2,,35339
29891,39,1,2,,35340
29892,39,1,1,,35341
29893,39,3,1,,35342
29894,39,1,1,,35343
29895,39,3,1,,35344
29896,39,3,1,,35345
29897,39,1,1,,35346
29898,39,1,2,,35347
29899,39,1,1,,35348
29900,39,1,1,,35349
29901,39,1,1,,35350
29902,39,1,2,,35351
29903,39,1,2,,35352
29904,39,1,2,,35353
29905,39,1,2,,35354
29906,39,1,1,,35355
29907,39,1,1,,35356
29908,39,1,2,,35357
29909,39,1,1,,35358
29910,23,7,1,,35358
29911,39,3,1,,35359
29912,39,1,1,,35360
29913,23,7,1,,35360
29914,39,3,1,,35361
29915,39,3,1,,35362
29916,11,,1,,35363
29917,39,3,1,,35364
29918,39,1,1,,35365
29919,39,1,1,,35366
29920,39,1,1,,35367
29921,39,1,1,,35368
29922,23,7,1,,35368
29923,39,1,1,,35369
29924,36,,2,,35370
29925,39,1,1,,35371
29926,39,1,1,,35372
29927,23,7,1,,35372
29928,23,5,1,,35373
29929,39,1,1,,35374
29930,39,1,2,,35375
29931,39,1,1,,35376
29932,23,5,1,,35376
29933,39,1,1,,35377
29934,39,1,1,,35378
29935,23,7,1,,35378
29936,39,1,2,,35379
29937,39,1,1,,35380
29938,39,1,1,,35381
29939,39,1,1,,35382
29940,39,1,1,,35383
29941,39,1,1,,35384
29942,23,7,1,,35384
29943,39,1,2,,35385
29944,39,1,1,,35386
29945,39,1,1,,35387
29946,23,7,1,,35387
29947,39,3,1,,35388
29948,23,5,1,,35389
29949,23,5,1,,35390
29950,39,1,2,,35391
29951,39,1,1,,35392
29952,39,1,1,,35393
29953,39,1,1,,35394
29954,39,1,1,,35395
29955,39,1,1,,35396
29956,43,,1,,35397
29957,39,1,1,,35398
29958,23,7,2,,35399
29959,39,1,2,,35400
29960,39,1,1,,35401
29961,39,1,2,,35402
29962,39,1,1,,35403
29963,23,7,2,,35403
29964,39,1,1,,35404
29965,23,7,1,,35404
29966,39,1,2,,35405
29967,39,1,1,,35406
29968,39,1,1,,35407
29969,39,1,2,,35408
29970,39,3,1,,35409
29971,39,3,1,,35410
29972,39,1,3,,35411
29973,39,1,2,,35412
29974,39,1,2,,35413
29975,39,3,1,,35414
29976,39,1,2,,35415
29977,23,7,1,,35415
29978,39,1,2,,35416
29979,39,1,2,,35417
29980,39,1,1,,35418
29981,39,3,1,,35419
29982,39,1,2,,35420
29983,39,1,1,,35421
29984,39,1,2,,35422
29985,39,1,1,,35423
29986,39,1,1,,35424
29987,39,3,1,,35425
29988,39,1,1,,35426
29989,39,1,1,,35427
29990,39,1,1,,35428
29991,39,1,2,,35429
29992,39,1,1,,35430
29993,39,1,1,,35431
29994,39,1,1,,35432
29995,39,1,1,,35433
29996,39,1,1,,35434
29997,39,1,2,,35435
29998,39,1,1,,35436
29999,39,1,2,,35437
30000,39,1,1,,35438
30001,39,1,1,,35439
30002,23,7,1,,35439
30004,39,1,1,,35440
30005,23,7,2,,35440
30006,39,1,1,,35441
30007,39,1,1,,35442
30008,39,1,1,,35443
30009,39,1,1,,35444
30010,23,7,1,,35444
30011,39,1,1,,35445
30012,39,1,1,,35446
30013,39,1,1,,35447
30014,39,1,2,,35448
30015,39,1,2,,35449
30016,39,1,1,,35450
30017,39,1,1,,35451
30018,39,1,2,,35452
30019,23,7,1,,35452
30020,39,1,2,,35453
30021,39,1,1,,35454
30022,39,1,1,,35455
30023,39,1,4,,35456
30024,39,1,2,,35457
30025,39,1,1,,35458
30026,39,1,4,,35459
30027,11,,1,,35460
30028,39,1,1,,35461
30029,39,1,1,,35462
30030,39,1,1,,35463
30031,39,1,1,,35464
30032,39,1,2,,35465
30033,39,1,1,,35466
30034,39,1,1,,35467
30035,39,1,1,,35468
30036,43,,1,,35469
30037,39,1,1,,35470
30038,39,1,1,,35471
30039,23,5,1,,35471
30040,39,1,1,,35472
30041,23,5,1,,35472
30042,39,1,2,,35473
30043,23,7,1,,35473
30044,39,1,1,,35474
30045,23,7,2,,35474
30046,39,1,1,,35475
30047,39,3,1,,35476
30048,39,1,1,,35477
30049,39,3,1,,35478
30050,39,3,1,,35479
30051,39,1,1,,35480
30052,39,3,1,,35481
30053,39,1,1,,35482
30054,39,1,1,,35483
30055,39,1,1,,35484
30056,39,1,2,,35485
30057,39,1,1,,35486
30058,39,3,1,,35487
30059,39,3,1,,35488
30060,39,1,1,,35489
30061,23,5,1,,35489
30062,39,1,1,,35490
30063,23,7,1,,35490
30064,41,,1,,35491
30065,39,1,1,,35492
30066,23,7,1,,35493
30067,39,1,1,,35494
30068,39,1,2,,35495
30069,39,1,3,,35496
30070,39,1,2,,35497
30071,39,1,2,,35498
30072,39,1,1,,35499
30073,39,1,1,,35500
30074,39,1,1,,35501
30075,23,7,1,,35501
30076,39,1,1,,35502
30077,39,1,1,,35503
30078,23,7,1,,35503
30079,39,1,2,,35504
30080,39,1,1,,35505
30081,23,7,1,,35505
30082,39,1,2,,35506
30083,39,1,1,,35507
30084,39,1,1,,35508
30085,39,1,1,,35509
30086,39,1,1,,35510
30087,39,1,1,,35511
30088,39,1,1,,35512
30089,23,7,1,,35512
30090,39,1,2,,35513
30091,39,1,2,,35514
30092,39,1,2,,35515
30093,39,1,2,,35516
30094,39,3,1,,35517
30095,11,,1,,35518
30096,39,3,1,,35519
30097,39,3,1,,35520
30098,39,1,1,,35521
30099,23,7,2,,35522
30100,39,1,1,,35523
30101,39,1,1,,35524
30102,39,1,1,,35525
30103,39,1,1,,35526
30104,39,1,1,,35527
30105,39,1,1,,35528
30106,23,7,1,,35528
30107,39,1,1,,35529
30108,39,1,2,,35530
30109,39,1,1,,35531
30110,39,1,2,,35532
30111,39,1,1,,35533
30112,39,1,1,,35534
30113,39,1,2,,35535
30114,39,1,1,,35536
30115,39,1,1,,35537
30116,39,1,1,,35538
30117,39,1,1,,35539
30118,39,1,1,,35540
30119,39,1,1,,35541
30120,39,1,2,,35542
30121,39,1,1,,35543
30122,39,1,1,,35544
30123,39,1,2,,35545
30124,39,1,2,,35546
30125,39,1,1,,35547
30126,39,1,1,,35548
30127,39,1,1,,35549
30128,39,1,1,,35550
30129,39,1,1,,35551
30130,39,1,1,,35552
30131,39,1,1,,35553
30132,23,7,2,,35553
30133,39,1,1,,35554
30134,39,1,2,,35555
30135,39,1,1,,35556
30136,39,1,2,,35557
30137,39,1,2,,35558
30138,39,1,1,,35559
30139,39,1,2,,35560
30140,39,1,1,,35561
30141,39,1,3,,35562
30142,39,3,1,,35563
30143,39,1,1,,35564
30144,39,1,1,,35565
30145,39,1,2,,35566
30146,39,1,2,,35567
30147,39,1,1,,35568
30148,23,5,1,,35568
30149,39,1,1,,35569
30150,23,7,1,,35569
30151,23,5,1,,35570
30152,39,3,1,,35571
30153,39,,1,,35572
30154,39,1,1,,35573
30155,39,1,4,,35574
30156,39,1,1,,35575
30157,23,5,2,,35576
30158,23,7,1,,35577
30159,39,1,1,,35578
30160,39,3,1,,35579
30161,39,3,1,,35580
30162,39,1,1,,35581
30163,39,1,1,,35582
30164,39,1,2,,35583
30165,23,7,1,,35583
30166,39,1,1,,35584
30167,39,1,1,,35585
30168,39,1,1,,35586
30169,39,1,1,,35587
30170,23,5,1,,35587
30171,39,1,1,,35588
30172,39,3,1,,35589
30173,39,1,1,,35590
30174,39,1,2,,35591
30175,39,1,2,,35592
30176,39,1,1,,35593
30177,39,1,1,,35594
30178,23,7,1,,35594
30179,39,1,2,,35595
30180,39,3,1,,35596
30181,39,1,1,,35597
30182,39,1,1,,35598
30183,39,3,1,,35599
30184,39,1,1,,35600
30185,39,3,1,,35601
30186,39,3,1,,35602
30187,39,1,1,,35603
30188,39,1,1,,35604
30189,23,5,1,,35605
30190,39,1,1,,35606
30191,39,1,2,,35607
30192,39,1,2,,35608
30193,11,,1,,35609
30194,11,,1,,35610
30195,39,1,2,,35611
30196,39,1,1,,35612
30197,39,1,2,,35613
30198,23,7,1,,35613
30199,39,1,1,,35614
30200,23,7,1,,35614
30201,39,1,2,,35615
30202,23,7,1,,35615
30203,39,1,2,,35616
30204,39,1,1,,35617
30205,39,1,1,,35618
30206,43,,1,,35619
30207,39,1,1,,35620
30208,11,,1,,35621
30209,39,1,1,,35622
30210,39,1,1,,35623
30211,23,7,1,,35623
30212,39,1,1,,35624
30213,39,3,1,,35625
30214,39,1,1,,35626
30215,22,,1,,35627
30216,11,,1,,35628
30217,39,1,1,,35629
30218,39,1,1,,35630
30219,23,7,1,,35630
30220,39,1,2,,35631
30221,39,1,2,,35632
30222,39,1,1,,35633
30223,39,1,2,,35634
30224,39,1,1,,35635
30225,23,7,1,,35636
30226,39,1,1,,35637
30227,39,1,2,,35638
30228,39,3,1,,35639
30229,39,3,1,,35640
30230,23,7,1,,35641
30231,39,1,1,,35642
30232,23,7,1,,35642
30233,39,3,1,,35643
30234,39,3,1,,35644
30235,39,3,1,,35645
30236,39,1,1,,35646
30237,39,1,2,,35647
30238,39,3,1,,35648
30239,39,1,1,,35649
30240,39,1,2,,35650
30241,39,1,2,,35651
30242,39,1,2,,35652
30243,39,1,1,,35653
30244,23,7,1,,35653
30246,39,1,1,,35654
30247,39,3,1,,35655
30248,39,3,1,,35656
30249,39,3,1,,35657
30250,39,1,1,,35658
30251,39,3,1,,35659
30252,43,,1,,35660
30253,36,,1,,35661
30254,36,,6,,35662
30255,39,1,1,,35663
30256,39,1,1,,35664
30257,39,1,2,,35665
30258,39,1,2,,35666
30259,39,6,2,,35667
30260,39,6,1,,35668
30261,39,6,1,,35669
30262,39,1,1,,35670
30263,39,3,1,,35671
30264,23,5,1,,35672
30265,39,1,1,,35673
30266,39,1,2,,35674
30267,39,3,1,,35675
30268,39,1,1,,35676
30269,39,1,2,,35677
30270,39,1,1,,35678
30271,39,1,2,,35679
30272,39,3,1,,35680
30273,43,,1,,35681
30274,39,1,1,,35682
30275,23,7,1,,35682
30276,39,1,1,,35683
30277,39,1,1,,35684
30278,39,1,2,,35685
30279,11,,1,,35686
30280,39,1,1,,35687
30281,39,1,1,,35688
30282,39,1,2,,35689
30283,23,7,1,,35689
30284,39,1,1,,35690
30285,23,7,1,,35690
30286,39,1,2,,35691
30287,39,3,1,,35692
30288,39,1,2,,35693
30289,39,3,1,,35694
30290,39,3,1,,35695
30291,42,,1,,35696
30292,39,3,1,,35697
30293,39,3,1,,35698
30294,39,1,1,,35699
30295,39,1,2,,35700
30296,39,1,2,,35701
30297,23,5,1,,35701
30298,39,1,1,,35702
30299,23,7,1,,35702
30300,39,1,1,,35703
30301,39,1,1,,35704
30302,39,1,1,,35705
30303,23,7,2,,35705
30304,39,1,2,,35706
30305,39,3,1,,35707
30306,39,1,2,,35708
30307,39,1,2,,35709
30308,39,1,2,,35710
30309,39,3,1,,35711
30310,39,1,1,,35712
30311,39,1,1,,35713
30312,39,1,1,,35714
30313,39,3,1,,35715
30314,39,1,1,,35716
30315,39,1,2,,35717
30316,11,,1,,35718
30317,39,1,1,,35719
30318,39,3,1,,35720
30319,39,3,1,,35721
30320,39,1,2,,35722
30321,39,3,1,,35723
30322,39,1,1,,35724
30323,39,1,1,,35725
30324,39,1,1,,35726
30325,39,1,1,,35727
30326,39,3,1,,35728
30327,39,1,1,,35729
30328,39,1,1,,35730
30329,39,1,1,,35731
30330,23,7,1,,35732
30331,39,1,2,,35733
30332,39,1,1,,35734
30333,39,3,1,,35735
30334,39,1,1,,35736
30335,39,1,1,,35737
30336,39,1,1,,35738
30337,39,1,1,,35739
30338,39,1,1,,35740
30339,39,1,1,,35741
30340,39,1,1,,35742
30341,23,7,1,,35742
30342,39,1,1,,35743
30343,39,1,2,,35744
30344,39,1,1,,35745
30345,39,1,2,,35746
30346,39,1,3,,35747
30347,39,3,1,,35748
30348,39,3,1,,35749
30349,39,1,2,,35750
30350,39,1,2,,35751
30351,39,3,1,,35752
30352,39,1,1,,35753
30353,39,1,1,,35754
30354,39,1,1,,35755
30355,39,3,1,,35756
30356,39,1,3,,35757
30357,39,3,1,,35758
30358,39,1,3,,35759
30359,39,1,2,,35760
30360,39,1,3,,35761
30361,39,3,1,,35762
30362,39,1,2,,35763
30363,39,1,1,,35764
30364,39,1,1,,35765
30365,39,1,1,,35766
30366,39,1,1,,35767
30367,39,1,1,,35768
30368,39,1,1,,35769
30369,39,1,2,,35770
30370,39,1,1,,35771
30371,43,,1,,35772
30372,39,1,1,,35773
30373,43,,1,,35774
30374,39,1,1,,35775
30375,39,1,1,,35776
30376,39,1,1,,35777
30377,23,5,1,,35778
30378,23,7,1,,35779
30379,39,1,2,,35780
30380,39,1,1,,35781
30381,23,7,1,,35781
30383,39,1,2,,35782
30384,39,1,1,,35783
30385,43,,1,,35784
30386,43,,1,,35785
30387,39,1,1,,35786
30388,39,1,1,,35787
30389,39,1,1,,35788
30390,39,1,1,,35789
30391,39,1,1,,35790
30392,39,1,1,,35791
30393,39,1,1,,35792
30394,39,3,1,,35793
30395,23,5,1,,35793
30396,36,,1,,35794
30397,36,,1,,35795
30398,39,1,2,,35796
30399,39,1,1,,35797
30400,39,1,2,,35798
30401,39,1,1,,35799
30402,39,1,1,,35800
30403,23,7,1,,35800
30404,11,,1,,35801
30405,39,1,1,,35802
30406,39,1,1,,35803
30407,23,7,1,,35803
30408,39,3,1,,35804
30409,39,1,1,,35805
30410,39,1,1,,35806
30411,23,7,1,,35806
30412,39,1,1,,35807
30413,39,3,1,,35808
30414,39,3,1,,35809
30415,39,3,1,,35810
30416,39,3,1,,35811
30417,39,3,1,,35812
30418,39,1,1,,35813
30419,39,1,1,,35814
30420,39,1,1,,35815
30421,39,3,2,,35816
30422,39,3,1,,35817
30423,39,3,1,,35818
30424,39,3,1,,35819
30425,39,3,1,,35820
30426,39,3,1,,35821
30427,39,3,1,,35822
30428,39,1,2,,35823
30429,39,3,1,,35824
30430,39,3,1,,35825
30431,39,1,1,,35826
30432,39,1,1,,35827
30433,11,,1,,35828
30434,39,1,1,,35829
30435,39,1,1,,35830
30436,39,1,3,,35831
30437,11,,1,,35832
30438,39,8,1,,35833
30439,39,3,1,,35834
30440,39,1,4,,35835
30441,39,3,1,,35837
30442,39,1,1,,35838
30443,23,7,1,,35839
30444,39,1,2,,35840
30445,39,3,1,,35841
30446,39,3,1,,35842
30447,39,1,2,,35843
30448,39,3,1,,35844
30449,39,3,1,,35845
30450,39,1,3,,35846
30451,39,3,1,,35847
30452,39,1,1,,35848
30453,39,1,1,,35849
30454,39,1,1,,35850
30455,39,1,1,,35851
30456,39,1,1,,35852
30457,39,1,1,,35853
30458,39,1,1,,35854
30459,39,1,1,,35855
30460,39,1,1,,35856
30461,39,1,1,,35857
30462,39,1,1,,35858
30463,39,1,1,,35859
30464,39,1,1,,35860
30465,39,1,1,,35861
30466,39,1,1,,35862
30467,39,1,2,,35863
30468,23,7,1,,35863
30469,39,1,1,,35864
30470,39,1,1,,35865
30471,39,1,1,,35866
30472,39,1,2,,35867
30473,39,1,1,,35868
30474,39,1,1,,35869
30475,39,1,1,,35870
30476,39,1,1,,35871
30477,39,1,1,,35872
30478,23,7,1,,35872
30479,39,1,2,,35873
30480,39,1,1,,35874
30481,39,1,1,,35875
30482,39,1,1,,35876
30483,39,1,1,,35877
30484,39,1,2,,35878
30485,39,1,2,,35879
30486,11,,1,,35880
30487,39,1,1,,35881
30488,39,3,1,,35882
30489,39,1,1,,35883
30490,23,7,1,,35883
30491,39,1,1,,35884
30492,23,7,1,,35884
30493,39,3,1,,35885
30494,39,1,2,,35886
30495,39,1,2,,35887
30496,39,1,2,,35888
30497,39,1,1,,35889
30498,39,1,1,,35890
30499,39,1,1,,35891
30500,39,1,1,,35892
30501,23,7,1,,35892
30502,39,1,1,,35893
30503,39,8,1,,35894
30504,39,8,1,,35895
30505,39,1,1,,35896
30506,39,1,1,,35897
30507,39,1,1,,35898
30508,39,3,1,,35899
30509,39,1,1,,35900
30510,39,1,1,,35901
30511,39,1,1,,35902
30512,39,1,1,,35903
30513,23,7,1,,35903
30514,39,1,1,,35904
30515,39,1,1,,35905
30516,23,7,1,,35905
30517,39,1,1,,35906
30518,23,5,1,,35906
30519,39,1,1,,35907
30520,39,1,1,,35908
30521,23,7,1,,35908
30522,39,1,2,,35909
30523,39,1,2,,35910
30524,39,1,1,,35911
30525,39,1,2,,35912
30526,39,3,1,,35913
30527,39,1,1,,35914
30528,39,1,1,,35915
30529,39,1,1,,35916
30530,39,1,1,,35917
30531,39,1,1,,35918
30532,23,5,1,,35919
30533,39,1,1,,35920
30534,23,7,1,,35920
30535,39,3,1,,35921
30536,11,,1,,35922
30537,39,1,2,,35923
30538,39,1,2,,35924
30539,39,1,2,,35925
30540,39,1,2,,35926
30541,11,,1,,35927
30542,39,1,1,,35928
30543,23,5,1,,35928
30544,39,1,4,,35929
30545,23,5,1,,35929
30546,39,1,2,,35930
30547,39,1,2,,35931
30548,43,,1,,35932
30549,39,3,1,,35933
30550,39,1,2,,35934
30551,39,1,1,,35935
30552,39,1,1,,35936
30553,23,7,1,,35936
30554,39,1,1,,35937
30555,39,1,1,,35938
30556,39,1,2,,35939
30557,39,1,1,,35940
30558,39,1,1,,35941
30559,39,1,2,,35942
30560,39,3,1,,35943
30561,11,,1,,35944
30562,11,,1,,35945
30563,39,3,1,,35946
30564,39,3,1,,35947
30565,39,3,1,,35948
30566,39,3,1,,35949
30567,39,1,1,,35950
30568,39,3,1,,35951
30569,39,1,1,,35952
30570,39,1,1,,35953
30571,23,5,1,,35953
30572,39,1,1,,35954
30573,39,3,1,,35955
30574,39,3,1,,35956
30575,39,1,1,,35957
30576,39,3,1,,35958
30577,39,1,1,,35959
30578,23,7,1,,35959
30579,39,1,2,,35960
30580,23,7,1,,35961
30581,39,1,2,,35961
30582,39,1,1,,35962
30583,39,3,1,,35963
30584,39,1,1,,35964
30585,39,3,1,,35965
30586,39,3,1,,35966
30587,39,3,1,,35967
30588,39,1,1,,35968
30589,39,1,1,,35969
30590,39,1,1,,35970
30591,39,1,1,,35971
30592,39,1,2,,35972
30593,39,1,1,,35973
30594,39,1,1,,35974
30595,39,1,1,,35975
30596,39,1,1,,35976
30597,23,7,1,,35976
30598,39,3,1,,35977
30599,39,3,1,,35978
30600,39,1,1,,35979
30601,39,3,1,,35980
30602,39,1,1,,35981
30603,39,3,1,,35982
30604,36,,1,,35983
30605,36,,3,,35984
30606,39,1,1,,35985
30607,39,1,1,,35986
30608,11,,1,,35987
30609,39,1,1,,35988
30610,23,7,1,,35988
30611,39,1,2,,35989
30612,39,3,1,,35990
30613,39,1,2,,35991
30614,39,1,3,,35992
30615,39,1,1,,35993
30616,39,3,1,,35994
30617,39,1,3,,35995
30618,23,5,2,,35996
30619,39,1,3,,35997
30620,43,,1,,35998
30621,39,3,1,,35999
30622,39,1,1,,36000
30623,39,1,1,,36001
30624,39,1,1,,36002
30625,23,7,1,,36002
30626,39,4,1,,36003
30627,66,,1,,36003
30628,39,3,1,,36004
30629,39,1,1,,36005
30630,39,1,2,,36006
30631,39,1,1,,36007
30632,39,4,1,,36008
30633,66,,1,,36008
30634,39,1,2,,36009
30635,39,1,1,,36010
30636,39,1,2,,36011
30637,39,1,1,,36012
30638,23,7,1,,36012
30639,39,1,1,,36013
30640,39,1,1,,36014
30641,39,3,1,,36015
30642,39,1,1,,36016
30643,39,1,2,,36017
30644,39,1,2,,36018
30645,39,1,2,,36019
30646,39,1,2,,36020
30647,39,3,1,,36021
30648,39,1,1,,36022
30649,39,1,2,,36023
30650,39,3,1,,36024
30651,39,1,1,,36025
30652,39,1,4,,36026
30653,11,,1,,36027
30654,11,,1,,36028
30655,39,1,1,,36029
30656,39,1,1,,36030
30657,23,7,2,,36031
30658,39,1,1,,36032
30659,39,3,1,,36033
30660,39,3,1,,36034
30661,39,1,1,,36035
30662,39,3,1,,36036
30663,39,1,1,,36037
30664,23,7,1,,36037
30665,39,1,1,,36038
30666,39,1,1,,36039
30667,39,1,1,,36040
30668,39,1,1,,36041
30669,39,1,1,,36042
30670,39,1,1,,36043
30671,23,5,1,,36044
30672,39,3,1,,36045
30673,39,3,1,,36046
30674,39,3,1,,36047
30675,39,1,1,,36048
30676,39,1,2,,36049
30677,39,1,1,,36050
30678,39,1,1,,36051
30679,39,1,2,,36052
30680,39,1,2,,36053
30681,39,1,2,,36054
30682,39,1,3,,36055
30683,39,1,1,,36056
30684,23,7,2,,36056
30685,39,1,2,,35836
30686,39,1,2,,36057
30687,23,7,1,,36057
30688,39,3,1,,36058
30689,39,1,2,,36059
30690,39,1,1,,36060
30691,39,1,2,,36061
30692,39,1,2,,36062
30693,39,3,2,,36063
30694,39,1,2,,36064
30695,39,3,2,,36065
30696,39,1,1,,36066
30697,39,1,2,,36067
30698,39,3,1,,36068
30699,39,3,1,,36069
30700,39,3,1,,36070
30701,39,3,1,,36071
30702,39,1,2,,36072
30703,39,1,2,,36073
30704,39,1,1,,36074
30705,39,1,1,,36075
30706,39,1,2,,36076
30707,39,1,1,,36077
30708,39,1,1,,36078
30709,39,1,2,,36079
30710,39,1,2,,36080
30711,39,1,2,,36081
30712,39,1,2,,36082
30713,39,1,2,,36083
30714,39,1,2,,36084
30715,39,1,2,,36085
30716,39,3,1,,36086
30717,39,1,1,,36087
30718,39,1,1,,36088
30719,39,1,1,,36089
30720,23,7,1,,36089
30721,39,1,1,,36090
30722,23,5,2,,36091
30723,39,1,1,,36092
30724,23,7,2,,36092
30725,23,5,1,,36093
30726,23,5,1,,36094
30727,39,1,1,,36095
30728,39,1,1,,36096
30729,39,1,1,,36097
30730,39,3,1,,36098
30731,39,1,1,,36099
30732,39,1,1,,36100
30733,39,1,1,,36101
30734,39,1,2,,36102
30735,39,1,1,,36103
30736,23,7,1,,36103
30737,39,1,1,,36104
30738,23,7,1,,36104
30739,39,1,1,,36105
30740,39,1,2,,36106
30741,23,5,1,,36107
30742,23,5,1,,36108
30743,39,1,1,,36109
30744,23,5,2,,36109
30745,39,1,1,,36110
30746,23,5,2,,36110
30747,39,1,1,,36111
30748,39,3,1,,36112
30749,39,1,1,,36113
30750,23,7,1,,36113
30751,39,3,1,,36114
30752,39,3,1,,36115
30753,39,3,1,,36116
30754,39,3,1,,36117
30755,39,3,1,,36118
30756,39,3,1,,36119
30757,11,,1,,36120
30758,11,,1,,36121
30759,39,1,1,,36122
30760,39,1,1,,36123
30761,39,1,1,,36124
30762,39,1,1,,36125
30763,39,1,1,,36126
30764,23,5,1,,36126
30765,39,1,1,,36127
30766,23,5,1,,36127
30767,39,1,1,,36128
30768,39,3,1,,36129
30769,39,3,1,,36130
30770,11,,1,,36131
30771,11,,1,,36132
30772,39,1,1,,36133
30773,11,,1,,36134
30774,23,5,1,,36135
30775,39,1,2,,36136
30776,23,5,1,,36137
30777,39,1,1,,36138
30778,23,7,1,,36138
30779,23,5,1,,36139
30780,39,1,1,,36140
30781,39,1,1,,36141
30782,23,7,2,,36141
30783,39,1,1,,36142
30784,39,1,1,,36143
30785,11,,1,,36144
30786,39,3,1,,36145
30787,23,5,1,,36146
30788,39,3,1,,36147
30789,39,3,1,,36148
30790,11,,1,,36149
30791,39,3,1,,36150
30792,39,3,1,,36151
30793,39,3,1,,36152
30794,11,,1,,36153
30795,39,3,1,,36154
30796,39,1,1,,36155
30797,23,5,1,,36155
30798,39,1,1,,36156
30799,39,1,2,,36157
30800,39,1,1,,36158
30801,39,1,1,,36159
30802,23,7,1,,36159
30803,39,1,2,,36160
30804,39,1,1,,36161
30805,39,1,2,,36162
30806,39,1,1,,36163
30807,39,1,2,,36164
30808,39,1,1,,36165
30809,39,1,1,,36166
30810,23,7,1,,36166
30811,39,3,2,,36167
30812,39,1,2,,36168
30813,39,1,1,,36169
30814,39,1,1,,36170
30815,23,5,1,,36171
30816,39,3,1,,36172
30817,39,1,1,,36173
30818,39,3,1,,36174
30819,11,,1,,36175
30820,11,,1,,36176
30821,11,,1,,36177
30822,11,,1,,36178
30823,39,1,1,,36179
30824,39,1,1,,36180
30825,39,1,1,,36181
30826,39,1,3,,36182
30827,39,1,1,,36183
30828,39,1,1,,36184
30829,39,1,1,,36185
30830,39,1,1,,36186
30831,23,5,1,,36187
30832,39,1,1,,36188
30833,23,5,1,,36189
30834,39,1,2,,36190
30835,39,1,1,,36191
30836,39,1,1,,36192
30837,39,1,1,,36193
30838,23,5,1,,36194
30839,23,5,1,,36195
30840,39,3,1,,36196
30841,39,3,1,,36197
30842,39,3,1,,36198
30843,39,1,1,,36199
30844,39,1,2,,36200
30845,39,1,1,,36201
30846,23,7,1,,36201
30847,39,1,1,,36202
30848,23,7,1,,36202
30849,23,7,1,,36203
30850,39,1,1,,36204
30851,39,1,1,,36205
30852,39,1,1,,36206
30853,39,1,2,,36207
30854,39,1,1,,36208
30855,39,3,1,,36209
30856,39,1,1,,36210
30857,39,3,1,,36211
30858,39,1,1,,36212
30859,39,1,1,,36213
30860,39,1,2,,36214
30861,39,1,1,,36215
30862,39,1,1,,36216
30863,39,1,3,,36217
30864,23,7,1,,36217
30865,39,1,3,,36218
30866,39,1,3,,36219
30867,39,3,1,,36220
30868,39,1,1,,36221
30869,39,1,1,,36222
30870,23,7,2,,36222
30871,39,1,1,,36223
30872,39,1,1,,36224
30873,23,7,1,,36224
30874,23,5,1,,36225
30875,39,1,1,,36226
30876,23,5,1,,36226
30877,39,3,1,,36227
30878,39,1,1,,36228
30879,39,1,1,,36229
30880,39,1,1,,36230
30881,39,1,3,,36231
30882,39,1,1,,36232
30883,39,3,1,,36233
30884,39,1,2,,36234
30885,39,1,1,,36235
30886,39,1,2,,36236
30887,39,1,1,,36237
30888,39,1,1,,36238
30889,39,1,1,,36239
30890,39,1,2,,36240
30891,39,3,1,,36241
30892,39,3,1,,36242
30893,39,1,1,,36243
30894,39,1,1,,36244
30895,39,1,1,,36245
30896,39,1,1,,36246
30897,39,1,1,,36247
30898,39,3,1,,36248
30899,39,1,1,,36249
30900,39,1,2,,36250
30901,23,7,1,,36250
30902,23,5,1,,36251
30903,39,1,2,,36252
30904,23,5,2,,36252
30905,39,1,2,,36253
30906,23,7,2,,36253
30907,39,1,2,,36254
30908,39,1,2,,36255
30909,39,1,1,,36256
30910,39,1,1,,36257
30911,39,3,1,,36258
30912,23,5,1,,36259
30913,39,3,1,,36260
30914,39,3,1,,36261
30915,39,3,1,,36262
30916,39,3,1,,36263
30917,39,1,1,,36264
30918,39,1,1,,36265
30919,39,1,2,,36266
30920,23,7,1,,36266
30921,39,3,1,,36267
30922,39,1,2,,36268
30923,39,1,2,,36269
30924,11,,1,,36270
30925,39,1,2,,36271
30926,39,1,1,,36272
30927,39,6,3,,36273
30928,39,6,2,,36274
30929,39,6,1,,36275
30930,39,1,1,,36276
30931,39,3,1,,36277
30932,39,3,1,,36278
30933,39,1,1,,36279
30934,39,1,3,,36280
30935,11,,1,,36281
30936,43,,1,,36282
30937,43,,1,,36283
30938,11,,1,,36284
30939,39,1,1,,36285
30940,39,1,1,,36286
30941,23,7,1,,36286
30942,39,3,1,,36287
30943,39,1,1,,36288
30944,23,7,1,,36288
30945,39,1,1,,36289
30946,39,1,1,,36290
30947,39,4,1,,36291
30948,66,,1,,36291
30949,39,1,1,,36292
30950,39,1,3,,36293
30951,39,4,2,,36294
30952,66,,2,,36294
30953,39,1,2,,36295
30954,39,1,1,,36296
30955,39,1,1,,36297
30956,39,1,2,,36298
30957,39,1,1,,36299
30958,39,1,1,,36300
30959,39,1,1,,36301
30960,39,3,1,,36302
30961,39,3,1,,36303
30962,39,1,1,,36304
30963,11,,1,,36305
30964,39,1,1,,36306
30965,11,,1,,36307
30966,11,,1,,36308
30967,39,1,2,,36309
30968,39,1,2,,36310
30969,11,,1,,36311
30970,39,1,1,,36312
30971,39,1,1,,36313
30972,39,1,1,,36314
30973,39,1,1,,36315
30974,39,3,1,,36316
30975,39,1,1,,36317
30976,39,3,1,,36318
30977,39,3,1,,36319
30978,39,1,2,,36320
30979,39,3,1,,36321
30980,39,1,1,,36322
30981,23,5,1,,36322
30982,39,1,1,,36323
30983,39,1,1,,36324
30984,39,1,1,,36325
30985,39,1,1,,36326
30986,39,1,1,,36327
30987,23,5,1,,36328
30988,39,1,2,,36329
30989,39,1,2,,36330
30990,23,7,1,,36330
30991,23,5,1,,36331
30992,39,1,1,,36332
30993,39,1,1,,36333
30994,39,1,1,,36334
30995,23,7,1,,36334
30996,39,1,2,,36335
30997,39,3,1,,36336
30998,11,,1,,36337
30999,39,3,1,,36338
31000,39,1,1,,36339
31001,39,1,1,,36340
31002,39,1,1,,36341
31003,39,1,1,,36342
31004,39,1,1,,36343
31005,39,1,1,,36344
31006,39,1,1,,36345
31007,39,1,1,,36346
31008,23,7,1,,36346
31009,39,1,1,,36347
31010,39,1,1,,36348
31011,39,1,1,,36349
31012,39,1,1,,36350
31013,39,1,1,,36351
31014,39,1,1,,36352
31015,39,1,1,,36353
31016,39,1,1,,36354
31017,39,1,1,,36355
31018,39,1,1,,36356
31019,39,1,1,,36357
31020,39,1,1,,36358
31021,39,1,1,,36359
31022,39,1,1,,36360
31023,39,1,1,,36361
31024,39,1,2,,36362
31025,39,1,1,,36363
31026,39,1,1,,36364
31027,39,1,1,,36365
31028,39,1,2,,36366
31029,39,1,1,,36367
31030,39,1,2,,36368
31031,39,1,1,,36369
31032,39,1,1,,36370
31033,39,1,1,,36371
31034,39,1,2,,36372
31035,39,1,1,,36373
31036,39,1,2,,36374
31037,39,1,2,,36375
31038,39,1,2,,36376
31039,39,1,1,,36377
31040,39,1,1,,36378
31041,39,1,2,,36379
31042,39,1,1,,36380
31043,39,1,1,,36381
31044,39,1,1,,36382
31045,39,1,1,,36383
31046,39,1,2,,36384
31047,39,1,2,,36385
31048,39,1,1,,36386
31049,39,1,1,,36387
31050,39,1,1,,36388
31051,39,1,2,,36389
31052,39,1,1,,36390
31053,39,1,1,,36391
31054,39,1,1,,36392
31055,39,1,1,,36393
31056,39,1,2,,36394
31057,39,1,1,,36395
31058,39,1,1,,36396
31059,39,1,2,,36397
31060,39,1,1,,36398
31061,39,1,1,,36399
31062,39,1,1,,36400
31063,39,1,1,,36401
31064,39,1,1,,36402
31065,39,1,1,,36403
31066,39,1,1,,36404
31067,39,1,2,,36405
31068,39,1,1,,36406
31069,39,1,1,,36407
31070,39,1,1,,36408
31071,39,1,1,,36409
31072,39,1,1,,36410
31073,39,1,3,,36411
31074,39,1,1,,36412
31075,39,1,1,,36413
31076,39,1,2,,36414
31077,39,1,2,,36415
31078,39,1,1,,36416
31079,39,1,2,,36417
31080,39,1,1,,36418
31081,39,1,1,,36419
31082,39,1,2,,36420
31083,39,1,1,,36421
31084,39,1,1,,36422
31085,39,1,1,,36423
31086,39,1,1,,36424
31087,39,1,1,,36425
31088,39,1,1,,36426
31089,39,1,1,,36427
31090,39,1,2,,36428
31091,39,1,1,,36429
31092,39,1,2,,36430
31093,39,3,1,,36431
31094,39,1,1,,36432
31095,23,5,1,,36432
31096,39,1,1,,36433
31097,39,1,1,,36434
31098,39,1,1,,36435
31099,39,1,2,,36436
31100,39,1,1,,36437
31101,23,7,1,,36437
31102,11,,1,,36438
31103,39,3,1,,36439
31104,39,1,1,,36440
31105,23,7,1,,36440
31106,39,1,2,,36441
31107,39,1,2,,36442
31108,39,1,2,,36443
31109,39,1,1,,36444
31110,39,1,1,,36445
31111,39,3,1,,36446
31112,39,1,1,,36447
31113,23,7,1,,36447
31114,39,1,1,,36448
31115,39,1,1,,36449
31116,39,1,1,,36450
31117,39,1,1,,36451
31118,39,1,1,,36452
31119,39,1,1,,36453
31120,39,3,1,,36454
31121,39,1,1,,36455
31122,39,1,1,,36456
31123,39,1,1,,36457
31124,39,1,1,,36458
31125,39,1,1,,36459
31126,39,1,1,,36460
31127,39,1,1,,36461
31128,39,1,1,,36462
31129,39,1,1,,36463
31130,39,1,1,,36464
31131,39,1,1,,36465
31132,39,1,1,,36466
31133,39,1,2,,36467
31134,39,1,1,,36468
31135,39,1,1,,36469
31136,39,1,2,,36470
31137,39,1,1,,36471
31138,39,1,1,,36472
31139,39,3,1,,36473
31140,39,1,1,,36474
31141,39,1,1,,36475
31142,39,1,1,,36476
31143,39,1,1,,36477
31144,39,1,1,,36478
31145,39,1,1,,36479
31146,39,1,1,,36480
31147,39,1,1,,36481
31148,39,1,2,,36482
31149,23,7,1,,36482
31150,39,1,1,,36483
31151,39,1,1,,36484
31152,39,1,1,,36485
31153,39,1,1,,36486
31154,39,1,1,,36487
31155,39,1,1,,36488
31156,39,1,1,,36489
31157,39,1,1,,36490
31158,39,1,1,,36491
31159,39,1,1,,36492
31160,39,1,1,,36493
31161,39,1,1,,36494
31162,39,3,1,,36495
31163,11,,1,,36496
31164,39,1,1,,36497
31165,39,3,1,,36498
31166,39,1,2,,36499
31167,39,1,1,,36500
31168,39,1,1,,36501
31169,39,1,1,,36502
31170,39,1,1,,36503
31171,39,1,1,,36504
31172,39,1,1,,36505
31173,39,1,1,,36506
31174,39,1,1,,36507
31175,39,1,1,,36508
31176,39,1,1,,36509
31177,39,1,1,,36510
31178,39,1,1,,36511
31179,23,7,1,,36511
31180,39,1,1,,36512
31181,39,1,1,,36513
31182,39,1,1,,36514
31183,39,1,1,,36515
31184,39,1,1,,36516
31185,39,1,1,,36517
31186,39,1,1,,36518
31187,39,1,1,,36519
31188,39,1,1,,36520
31189,39,1,1,,36521
31190,39,1,1,,36522
31191,39,1,1,,36523
31192,39,1,1,,36524
31193,39,1,2,,36525
31194,39,1,1,,36526
31195,39,1,2,,36527
31196,39,1,1,,36528
31197,39,1,1,,36529
31198,39,1,1,,36530
31199,39,1,1,,36531
31200,39,1,1,,36532
31201,39,1,1,,36533
31202,39,1,1,,36534
31203,39,1,1,,36535
31204,39,3,1,,36536
31205,39,1,1,,36537
31206,39,1,1,,36538
31207,39,1,1,,36539
31208,39,1,1,,36540
31209,39,1,1,,36541
31210,39,1,1,,36542
31211,39,1,1,,36543
31212,39,1,1,,36544
31213,39,1,1,,36545
31214,39,1,1,,36546
31215,39,1,1,,36547
31216,39,1,1,,36548
31217,39,1,1,,36549
31218,39,1,1,,36550
31219,39,1,1,,36551
31220,39,1,1,,36552
31221,39,1,1,,36553
31222,39,1,1,,36554
31223,39,1,1,,36555
31224,39,1,2,,36556
31225,39,1,1,,36557
31226,11,,1,,36558
31227,39,1,1,,36559
31228,23,7,2,,36559
31229,39,1,1,,36560
31230,11,,1,,36561
31231,43,,1,,36562
31232,11,,1,,36563
31233,43,,1,,36564
31234,39,1,2,,36565
31235,39,1,1,,36566
31236,39,3,1,,36567
31237,39,1,2,,36568
31238,39,1,1,,36569
31239,23,7,1,,36569
31240,39,1,1,,36570
31241,39,1,1,,36571
31242,36,,1,,36572
31243,39,1,1,,36573
31244,39,1,1,,36574
31245,11,,1,,36575
31246,39,1,1,,36576
31247,11,,1,,36577
31248,39,1,2,,36578
31249,39,1,2,,36579
31250,39,1,1,,36580
31251,39,1,1,,36581
31252,23,5,1,,36582
31253,39,1,1,,36583
31254,39,1,2,,36584
31255,39,1,2,,36585
31256,39,1,1,,36586
31257,39,1,1,,36587
31258,39,1,2,,36588
31259,39,1,2,,36589
31260,39,1,1,,36590
31261,39,8,1,,36591
31262,39,1,4,,36592
31263,39,1,1,,36593
31264,39,1,1,,36594
31265,39,3,1,,36595
31266,39,3,1,,36596
31267,39,3,1,,36597
31268,39,1,1,,36598
31269,39,3,1,,36599
31270,23,5,1,,36600
31271,39,1,1,,36601
31272,39,1,1,,36602
31273,39,1,1,,36603
31274,39,1,2,,36604
31275,39,1,1,,36605
31276,23,7,1,,36605
31277,39,1,1,,36606
31278,23,5,2,,36607
31279,39,1,1,,36608
31280,39,1,2,,36609
31281,39,1,1,,36610
31282,39,1,2,,36611
31283,39,1,1,,36612
31284,23,7,1,,36612
31285,39,1,2,,36613
31286,39,1,2,,36614
31287,39,1,1,,36615
31288,39,3,1,,36616
31289,39,3,1,,36617
31290,39,1,1,,36618
31291,39,1,1,,36619
31292,39,1,1,,36620
31293,39,3,1,,36621
31294,23,5,1,,36622
31295,39,1,2,,36623
31296,23,5,1,,36623
31297,39,1,1,,36624
31298,39,1,2,,36625
31299,39,1,1,,36626
31300,39,1,2,,36627
31301,39,1,1,,36628
31302,39,1,2,,36629
31303,23,7,1,,36629
31304,39,1,1,,36630
31305,11,,1,,36631
31306,39,1,2,,36632
31307,39,1,1,,36633
31308,23,7,1,,36633
31309,39,1,1,,36634
31310,39,1,1,,36635
31311,23,7,1,,36635
31312,39,1,2,,36636
31313,39,3,1,,36637
31314,39,1,2,,36638
31315,39,1,1,,36639
31316,39,1,1,,36640
31317,39,1,1,,36641
31318,23,7,1,,36641
31319,23,7,1,,36642
31320,39,1,2,,36643
31321,39,1,2,,36644
31322,39,1,2,,36645
31323,39,1,2,,36646
31324,39,1,2,,36647
31325,39,1,2,,36648
31326,39,1,2,,36649
31327,39,1,2,,36650
31328,39,1,1,,36651
31329,39,1,1,,36652
31330,39,1,1,,36653
31331,23,7,1,,36653
31332,39,1,1,,36654
31333,39,1,1,,36655
31334,39,1,1,,36656
31335,23,7,1,,36656
31336,39,1,1,,36657
31337,23,7,1,,36657
31338,39,3,1,,36658
31339,39,1,2,,36659
31340,23,7,1,,36659
31341,39,1,1,,36660
31342,39,1,2,,36661
31343,39,1,2,,36662
31344,23,7,1,,36662
31345,39,1,1,,36663
31346,23,7,1,,36664
31347,39,1,1,,36665
31348,39,1,1,,36666
31349,39,1,1,,36667
31350,39,1,1,,36668
31351,23,7,1,,36668
31352,39,1,1,,36669
31353,23,7,1,,36669
31354,66,,1,,36670
31355,39,4,1,,36670
31356,39,1,1,,36671
31357,23,7,2,,36671
31358,39,1,1,,36672
31359,39,1,1,,36673
31360,23,7,1,,36673
31361,39,1,1,,36674
31362,39,1,1,,36675
31363,39,1,1,,36676
31364,39,1,2,,36677
31365,39,1,2,,36678
31366,39,3,1,,36679
31367,39,3,1,,36680
31368,39,1,1,,36681
31369,39,1,2,,36682
31370,23,7,1,,36682
31371,39,1,1,,36683
31372,39,4,1,,36684
31373,66,,1,,36684
31374,39,3,1,,36685
31375,39,3,1,,36686
31376,39,4,2,,36687
31377,66,,2,,36687
31378,39,1,1,,36688
31379,39,1,1,,36689
31380,23,5,1,,36690
31381,39,1,2,,36691
31382,39,1,1,,36692
31383,39,1,2,,36693
31384,39,1,2,,36694
31385,39,1,2,,36695
31386,39,3,1,,36696
31387,39,1,1,,36697
31388,39,1,2,,36698
31389,39,1,1,,36699
31390,39,1,1,,36700
31391,39,1,2,,36701
31392,39,1,2,,36702
31393,39,1,2,,36703
31394,39,1,1,,36704
31395,39,1,4,,36705
31396,39,1,1,,36706
31397,39,1,2,,36707
31398,39,1,1,,36708
31399,39,1,1,,36709
31400,39,8,2,,36710
31401,39,1,2,,36711
31402,39,1,1,,36712
31403,39,1,2,,36713
31404,39,1,1,,36714
31405,39,1,1,,36715
31406,39,1,1,,36716
31407,39,1,1,,36717
31408,23,5,1,,36717
31409,39,3,1,,36718
31410,39,3,1,,36719
31411,39,1,1,,36720
31412,36,,3,,36721
31413,36,,2,,36722
31414,36,,1,,36723
31415,39,1,1,,36724
31416,39,1,2,,36725
31417,39,1,1,,36726
31418,39,1,1,,36727
31419,39,1,1,,36728
31420,23,7,1,,36728
31421,23,5,1,,36729
31422,39,1,2,,36730
31423,39,3,1,,36731
31424,39,1,1,,36732
31425,23,7,1,,36732
31426,11,,1,,36733
31427,39,1,3,,36734
31429,39,1,2,,36735
31430,23,7,1,,36735
31431,39,1,1,,36736
31432,39,1,2,,36737
31433,39,3,1,,36738
31434,39,1,2,,36739
31435,39,1,1,,36740
31436,11,,1,,36741
31437,39,3,1,,36742
31438,39,1,1,,36743
31439,39,1,2,,36744
31440,11,,1,,36745
31441,39,3,1,,36746
31442,39,1,2,,36747
31443,39,1,2,,36748
31444,39,1,1,,36749
31445,11,,1,,36750
31446,39,1,1,,36751
31447,39,3,1,,36752
31448,39,1,1,,36753
31449,39,1,2,,36754
31450,23,7,1,,36754
31451,39,1,1,,36755
31452,39,1,1,,36756
31453,39,1,1,,36757
31454,39,1,1,,36758
31455,39,1,1,,36759
31456,39,1,1,,36760
31457,39,1,1,,36761
31458,39,1,1,,36762
31459,39,1,1,,36763
31460,39,1,1,,36764
31461,39,1,1,,36765
31462,39,1,1,,36766
31463,39,1,2,,36767
31464,39,1,1,,36768
31465,23,7,1,,36768
31466,39,1,2,,36769
31467,39,1,2,,36770
31468,39,1,3,,36771
31469,23,7,1,,36771
31470,39,3,1,,36772
31471,39,1,2,,36773
31472,39,3,1,,36774
31473,39,3,1,,36775
31474,39,1,3,,36776
31475,39,3,1,,36777
31476,39,3,1,,36778
31477,39,3,2,,36779
31478,39,1,1,,36780
31479,39,3,1,,36781
31480,39,3,1,,36782
31481,39,1,1,,36783
31482,23,5,1,,36783
31483,39,1,1,,36784
31484,11,,1,,36785
31485,39,1,1,,36786
31486,23,5,1,,36787
31487,39,1,2,,36788
31488,23,5,2,,36788
31489,39,1,2,,36789
31490,39,1,1,,36790
31491,23,7,1,,36790
31492,39,1,1,,36791
31493,23,5,1,,36791
31494,39,1,1,,36792
31495,39,1,1,,36793
31496,11,,1,,36794
31497,39,1,1,,36795
31498,39,1,1,,36796
31499,23,7,2,,36796
31500,39,1,1,,36797
31501,39,1,1,,36798
31502,23,7,1,,36798
31503,39,1,2,,36799
31504,39,1,2,,36800
31505,39,1,2,,36801
31506,23,5,1,,36802
31507,39,1,1,,36803
31508,23,5,2,,36803
31509,39,1,2,,36804
31510,39,1,1,,36805
31511,22,,1,,36806
31512,39,3,1,,36807
31513,39,3,1,,36808
31514,23,5,1,,36809
31515,39,1,2,,36810
31516,39,1,1,,36811
31517,39,1,1,,36812
31518,23,5,1,,36812
31519,39,1,2,,36813
31520,39,1,2,,36814
31521,39,1,2,,36815
31522,39,3,1,,36816
31523,39,1,1,,36817
31524,23,5,1,,36818
31525,39,1,1,,36819
31526,23,7,2,,36820
31527,39,1,2,,36821
31528,39,1,1,,36822
31529,23,5,1,,36823
31530,39,1,1,,36824
31531,39,1,1,,36825
31532,39,1,1,,36826
31533,39,1,1,,36827
31534,39,1,1,,36828
31535,39,1,1,,36829
31536,39,1,1,,36830
31537,39,1,1,,36831
31538,39,1,1,,36832
31539,23,5,2,,36832
31540,39,3,2,,36833
31541,39,1,2,,36834
31542,39,1,1,,36835
31543,39,1,1,,36836
31544,39,1,3,,36837
31545,39,1,2,,36838
31546,39,3,1,,36839
31547,39,1,1,,36840
31548,39,1,1,,36841
31549,39,1,2,,36842
31550,39,1,1,,36843
31551,39,1,1,,36844
31552,39,1,1,,36845
31553,39,1,1,,36846
31554,39,1,1,,36847
31555,23,5,1,,36847
31556,39,1,1,,36848
31557,39,1,1,,36849
31558,39,1,2,,36850
31559,39,3,1,,36851
31560,39,1,2,,36852
31561,39,1,1,,36853
31562,39,1,3,,36854
31563,39,1,2,,36855
31564,39,1,1,,36856
31565,22,,1,,36857
31566,22,,1,,36858
31567,36,,1,,36859
31568,36,,1,,36860
31569,39,1,1,,36861
31570,39,1,2,,36862
31571,39,3,1,,36863
31572,39,1,2,,36864
31573,23,5,1,,36864
31574,39,3,1,,36865
31575,39,1,1,,36866
31576,39,1,1,,36867
31577,39,1,1,,36868
31578,39,1,1,,36869
31579,39,1,1,,36870
31580,39,1,1,,36871
31581,39,1,2,,36872
31582,39,1,1,,36873
31583,39,1,3,,36874
31584,39,1,3,,36875
31585,39,1,2,,36876
31586,39,1,1,,36877
31587,39,1,3,,36878
31588,39,1,1,,36879
31589,39,1,2,,36880
31590,39,3,1,,36881
31591,39,1,1,,36882
31592,23,7,1,,36882
31593,39,1,2,,36883
31594,39,1,1,,36884
31595,39,1,2,,36885
31596,39,1,3,,36886
31597,39,1,2,,36887
31598,39,1,2,,36888
31599,39,1,1,,36889
31600,39,1,1,,36890
31601,39,1,1,,36891
31602,23,7,1,,36892
31603,39,1,2,,36893
31604,39,1,1,,36894
31605,23,5,1,,36894
31606,39,1,1,,36895
31607,39,3,1,,36896
31608,39,1,2,,36897
31609,39,3,1,,36898
31610,39,1,2,,36899
31611,39,1,1,,36900
31612,39,3,1,,36901
31613,39,3,1,,36902
31614,39,3,1,,36903
31615,39,1,1,,36904
31616,39,1,1,,36905
31617,39,1,2,,36906
31618,39,1,1,,36907
31619,39,1,1,,36908
31620,39,3,1,,36909
31621,39,1,2,,36910
31622,39,1,1,,36911
31623,39,1,2,,36912
31624,39,1,1,,36913
31625,39,3,1,,36914
31626,39,3,1,,36915
31627,39,1,1,,36916
31628,39,3,1,,36917
31629,39,1,1,,36918
31630,39,1,2,,36919
31631,39,1,2,,36920
31632,39,1,1,,36921
31633,39,1,1,,36922
31634,39,1,1,,36923
31635,39,1,2,,36924
31636,39,1,1,,36925
31637,39,1,1,,36926
31638,39,1,2,,36927
31639,23,7,1,,36927
31640,39,1,1,,36928
31641,39,1,2,,36929
31642,23,7,1,,36929
31643,39,1,1,,36930
31644,39,1,2,,36931
31645,39,1,2,,36932
31646,39,1,2,,36933
31647,39,1,1,,36934
31648,39,1,1,,36935
31649,39,1,3,,36936
31650,39,1,1,,36937
31651,11,,1,,36938
31652,39,1,1,,36939
31653,23,7,1,,36939
31654,39,1,1,,36940
31655,39,1,1,,36941
31656,39,1,1,,36942
31657,39,1,1,,36943
31658,39,1,1,,36944
31659,39,1,1,,36945
31660,39,1,2,,36946
31661,39,1,2,,36947
31662,39,1,2,,36948
31663,39,1,2,,36949
31664,39,1,1,,36950
31665,39,3,1,,36951
31666,39,1,1,,36952
31667,23,7,2,,36952
31668,11,,1,,36953
31669,39,3,1,,36954
31670,39,1,1,,36955
31671,39,1,2,,36956
31672,39,3,1,,36957
31673,39,1,1,,36958
31674,39,3,1,,36959
31675,39,1,1,,36960
31676,39,1,1,,36961
31677,11,,1,,36962
31678,39,1,1,,36963
31679,39,3,1,,36964
31680,39,1,1,,36965
31681,39,3,1,,36966
31682,39,1,1,,36967
31683,39,1,1,,36968
31684,66,,1,,36969
31685,39,4,1,,36969
31686,39,4,1,,36970
31687,66,,1,,36970
31688,39,1,1,,36971
31689,23,7,2,,36971
31690,39,1,1,,36972
31691,39,1,2,,36973
31692,39,1,3,,36974
31693,39,1,2,,36975
31694,39,1,2,,36976
31695,39,1,1,,36977
31696,39,1,1,,36978
31697,39,1,2,,36979
31698,39,1,1,,36980
31699,23,7,1,,36980
31700,39,1,2,,36981
31701,39,1,2,,36982
31702,23,7,1,,36982
31703,39,3,1,,36983
31704,39,3,1,,36984
31705,39,1,3,,36985
31706,39,1,3,,36986
31707,39,1,3,,36987
31708,39,3,1,,36988
31709,39,3,1,,36989
31710,23,5,1,,36990
31711,39,3,1,,36991
31712,39,1,2,,36992
31713,39,1,1,,36993
31714,39,3,1,,36994
31715,39,3,1,,36995
31716,39,1,2,,36996
31717,39,1,1,,36997
31718,39,1,2,,36998
31719,39,1,1,,36999
31720,39,1,1,,37000
31721,23,7,1,,37000
31722,39,1,1,,37001
31723,39,1,1,,37002
31724,39,1,2,,37003
31725,39,1,2,,37004
31726,39,1,1,,37005
31727,39,1,3,,37006
31728,39,1,2,,37007
31729,39,1,1,,37008
31730,39,1,1,,37009
31731,39,1,1,,37010
31732,39,1,1,,37011
31733,39,1,2,,37012
31734,39,1,1,,37013
31735,39,3,1,,37014
31736,39,1,1,,37015
31737,39,3,1,,37016
31738,39,1,1,,37017
31739,39,1,3,,37018
31740,39,1,1,,37019
31741,39,1,3,,37020
31742,22,,1,,37021
31743,11,,1,,37022
31744,39,1,2,,37023
31745,39,1,1,,37024
31746,39,1,1,,37025
31747,39,3,1,,37026
31748,11,,1,,37027
31749,23,5,1,,37028
31750,39,1,1,,37029
31751,23,5,1,,37029
31752,39,1,2,,37030
31753,39,1,2,,37031
31754,23,7,1,,37031
31755,39,1,1,,37032
31756,39,1,2,,37033
31757,11,,1,,37034
31758,39,1,1,,37035
31759,39,1,1,,37036
31760,39,1,1,,37037
31761,39,1,1,,37038
31762,11,,1,,37039
31763,11,,1,,37040
31764,39,1,1,,37041
31765,39,1,1,,37042
31766,39,1,1,,37043
31767,23,7,1,,37043
31768,39,1,1,,37044
31769,39,1,2,,37045
31770,39,1,2,,37046
31771,23,5,1,,37047
31772,39,1,1,,37048
31773,39,1,2,,37049
31774,39,3,1,,37050
31775,39,1,1,,37051
31776,39,1,1,,37052
31777,39,1,1,,37053
31778,39,1,1,,37054
31779,39,1,1,,37055
31780,39,1,1,,37056
31781,23,7,1,,37056
31782,39,1,1,,37057
31783,39,1,1,,37058
31784,39,1,2,,37059
31785,23,7,2,,37059
31786,39,1,1,,37060
31787,39,1,2,,37061
31788,39,3,1,,37062
31789,39,1,2,,37063
31790,23,7,2,,37063
31791,39,1,2,,37064
31792,39,1,1,,37065
31793,39,1,2,,37066
31794,39,1,1,,37067
31795,39,1,2,,37068
31796,39,1,2,,37069
31797,39,1,2,,37070
31798,39,1,1,,37071
31799,39,1,1,,37072
31800,39,1,2,,37073
31801,23,7,1,,37073
31802,39,1,1,,37074
31803,39,1,1,,37075
31804,39,1,2,,37076
31805,39,1,1,,37077
31806,23,7,1,,37077
31807,11,,1,,37078
31808,39,1,1,,37079
31809,23,7,1,,37079
31810,39,1,3,,37080
31811,39,1,1,,37081
31812,39,1,2,,37082
31813,39,1,1,,37083
31814,39,1,3,,37084
31815,39,1,1,,37085
31816,39,1,1,,37086
31817,39,1,1,,37087
31818,39,1,3,,37088
31819,39,1,2,,37089
31820,39,8,1,,37090
31821,39,1,2,,37091
31822,39,1,2,,37092
31823,39,3,1,,37093
31824,39,1,2,,37094
31825,39,1,3,,37095
31826,39,1,1,,37096
31827,39,1,1,,37097
31828,39,1,2,,37098
31829,39,1,1,,37099
31830,23,7,1,,37099
31831,39,1,1,,37100
31832,39,3,1,,37101
31833,39,3,1,,37102
31834,39,1,1,,37103
31835,39,1,1,,37104
31836,39,1,2,,37105
31837,23,7,1,,37105
31838,39,1,1,,37106
31839,39,1,1,,37107
31840,39,1,2,,37108
31841,39,1,2,,37109
31842,39,1,2,,37110
31843,39,1,1,,37111
31844,39,1,1,,37112
31845,23,7,2,,37112
31846,39,1,1,,37113
31847,39,1,2,,37114
31848,39,1,1,,37115
31849,23,7,1,,37115
31850,39,3,1,,37116
31851,39,3,1,,37117
31852,39,1,2,,37118
31853,39,1,5,,37119
31854,39,1,1,,37120
31855,39,1,1,,37121
31856,39,3,1,,37122
31857,39,1,2,,37123
31858,39,1,2,,37124
31859,39,1,1,,37125
31860,39,1,1,,37126
31861,39,1,1,,37127
31862,39,1,1,,37128
31863,39,1,2,,37129
31864,39,8,1,,37130
31865,11,,1,,37131
31866,39,1,2,,37132
31867,39,1,1,,37133
31868,39,1,1,,37134
31869,36,,1,,37135
31870,39,3,1,,37136
31871,39,1,1,,37137
31872,55,,1,,37138
31873,39,3,1,,37139
31874,39,1,1,,37140
31875,23,7,2,,37140
31876,39,1,1,,37141
31877,39,1,2,,37142
31878,39,1,2,,37143
31879,39,1,1,,37144
31880,39,1,1,,37145
31881,39,1,1,,37146
31882,39,1,1,,37147
31883,39,1,1,,37148
31884,39,1,2,,37149
31885,39,1,1,,37150
31886,39,1,2,,37151
31887,39,1,1,,37152
31888,39,1,2,,37153
31889,39,3,2,,37154
31890,39,3,1,,37155
31891,39,1,1,,37156
31892,39,1,1,,37157
31893,39,1,2,,37158
31894,39,1,2,,37159
31895,23,7,1,,37159
31896,39,1,1,,37160
31897,39,1,1,,37161
31898,39,1,1,,37162
31899,39,1,1,,37163
31900,23,7,1,,37163
31901,39,1,2,,37164
31902,23,7,1,,37164
31903,39,3,1,,37165
31904,39,1,1,,37166
31905,23,7,2,,37166
31906,39,1,2,,37167
31907,23,7,1,,37167
31908,39,1,1,,37168
31909,39,1,2,,37169
31910,23,7,1,,37169
31911,39,1,1,,37170
31912,39,1,1,,37171
31913,23,7,1,,37172
31914,39,1,1,,37173
31915,23,7,1,,37173
31916,39,1,3,,37174
31917,39,1,2,,37175
31918,39,1,2,,37176
31919,11,,1,,37177
31920,39,1,2,,37178
31921,11,,1,,37179
31922,39,1,1,,37180
31923,39,1,2,,37181
31924,11,,1,,37182
31925,39,3,1,,37183
31926,39,1,2,,37184
31927,11,,1,,37185
31928,11,,1,,37186
31929,39,3,1,,37187
31930,39,1,1,,37188
31931,39,1,1,,37189
31932,39,3,1,,37190
31933,39,1,1,,37191
31934,55,,1,,37192
31935,39,3,1,,37193
31936,39,4,2,,37194
31937,66,,2,,37194
31938,39,1,2,,37195
31939,39,3,1,,37196
31940,39,1,1,,37197
31941,39,1,1,,37198
31942,39,1,3,,37199
31943,39,3,1,,37200
31944,39,1,3,,37201
31945,39,1,1,,37202
31946,39,1,2,,37203
31947,39,1,2,,37204
31948,39,1,2,,37205
31949,39,1,2,,37206
31950,39,1,1,,37207
31951,39,1,1,,37208
31952,39,3,1,,37209
31953,39,1,3,,37210
31954,39,1,2,,37211
31955,39,1,1,,37212
31956,11,,1,,37213
31957,39,3,1,,37214
31958,39,3,2,,37215
31959,39,3,2,,37216
31960,39,1,3,,37217
31961,39,3,1,,37218
31962,39,1,1,,37219
31963,39,1,2,,37220
31964,39,1,1,,37221
31965,23,7,1,,37221
31966,39,1,1,,37222
31967,39,1,2,,37223
31968,39,1,2,,37224
31969,39,1,2,,37225
31970,39,1,2,,37226
31971,39,1,1,,37227
31972,39,1,1,,37228
31973,39,1,2,,37229
31974,39,1,1,,37230
31975,39,1,2,,37231
31976,39,1,1,,37232
31977,39,3,1,,37233
31978,39,3,1,,37234
31979,39,1,2,,37235
31980,39,3,1,,37236
31981,39,3,1,,37237
31982,36,,2,,37238
31983,11,,1,,37239
31984,39,3,1,,37240
31985,39,3,1,,37241
31986,39,1,1,,37242
31987,39,1,1,,37243
31988,39,1,2,,37244
31989,39,1,1,,37245
31990,23,7,1,,37245
31991,39,1,2,,37246
31992,39,1,1,,37247
31993,39,1,1,,37248
31994,39,1,3,,37249
31995,23,7,1,,37249
31996,23,5,1,,37250
31997,39,3,1,,37251
31998,39,3,1,,37252
31999,39,1,2,,37253
32000,23,7,1,,37253
32001,39,1,2,,37254
32002,23,7,2,,37254
32003,39,1,1,,37255
32004,39,1,2,,37256
32005,39,1,1,,37257
32006,39,1,1,,37258
32007,39,1,1,,37259
32008,11,,1,,37260
32009,39,3,1,,37261
32010,39,3,1,,37262
32011,39,3,1,,37263
32012,11,,1,,37264
32013,39,3,1,,37265
32014,11,,1,,37266
32015,39,1,3,,37267
32016,23,7,1,,37267
32017,39,1,1,,37268
32018,39,1,1,,37269
32019,39,1,2,,37270
32020,39,1,1,,37271
32021,39,1,1,,37272
32022,39,1,1,,37273
32023,39,3,1,,37274
32024,39,1,2,,37275
32025,39,1,1,,37276
32026,39,1,1,,37277
32027,39,1,1,,37278
32028,39,1,2,,37279
32029,39,1,2,,37280
32030,39,3,1,,37281
32031,39,1,2,,37282
32032,39,1,1,,37283
32033,39,1,2,,37284
32034,39,1,1,,37285
32035,23,7,1,,37285
32036,39,1,1,,37286
32037,39,1,2,,37287
32038,39,3,1,,37288
32039,39,1,2,,37289
32040,39,1,1,,37290
32041,39,1,2,,37291
32042,39,1,1,,37292
32043,39,1,1,,37293
32044,39,1,1,,37294
32045,23,7,1,,37294
32046,39,1,1,,37295
32047,39,1,1,,37296
32048,36,,1,,37297
32049,39,1,1,,37298
32050,36,,3,,37299
32051,39,1,2,,37300
32052,39,1,1,,37301
32053,39,1,1,,37302
32054,39,1,1,,37303
32055,39,1,1,,37304
32056,39,1,2,,37305
32057,39,1,1,,37306
32058,39,1,2,,37307
32059,39,1,1,,37308
32060,39,1,1,,37309
32061,23,7,1,,37309
32062,39,1,1,,37310
32063,39,1,2,,37311
32064,39,1,1,,37312
32065,23,7,1,,37312
32066,39,3,1,,37313
32067,39,1,1,,37314
32068,23,7,1,,37314
32069,39,1,1,,37315
32070,39,1,1,,37316
32071,39,1,1,,37317
32072,39,3,1,,37318
32073,39,1,1,,37319
32074,39,1,1,,37320
32075,39,3,1,,37321
32076,39,3,1,,37322
32077,39,1,1,,37323
32078,39,1,2,,37324
32079,39,1,1,,37325
32080,39,3,1,,37326
32081,39,3,1,,37327
32082,39,3,1,,37328
32083,39,1,1,,37329
32084,39,1,1,,37330
32085,39,1,2,,37331
32086,39,1,1,,37332
32087,39,1,2,,37333
32088,23,7,1,,37334
32089,39,1,1,,37335
32090,23,7,1,,37336
32091,39,1,2,,37337
32092,23,7,1,,37337
32093,39,1,1,,37338
32094,39,1,2,,37339
32095,39,1,2,,37340
32096,39,1,1,,37341
32097,39,1,2,,37342
32098,23,7,1,,37342
32099,39,1,2,,37343
32100,39,1,2,,37344
32101,23,5,2,,37344
32102,39,1,2,,37345
32103,39,3,1,,37346
32104,39,1,1,,37347
32105,36,,1,,37348
32106,39,1,1,,37349
32107,36,,1,,37350
32108,36,,1,,37351
32109,11,,1,,37352
32110,39,1,2,,37353
32111,39,3,1,,37354
32112,39,1,2,,37355
32113,39,3,1,,37356
32114,39,1,1,,37357
32115,39,1,1,,37358
32116,39,1,2,,37359
32117,23,5,1,,37359
32118,39,1,2,,37360
32119,39,1,1,,37361
32120,39,1,2,,37362
32121,39,1,1,,37363
32122,23,7,1,,37363
32123,11,,1,,37364
32124,39,1,2,,37365
32125,39,1,2,,37366
32126,11,,1,,37367
32127,39,1,1,,37368
32128,39,1,2,,37369
32129,11,,1,,37370
32130,39,1,1,,37371
32131,23,7,1,,37371
32132,11,,1,,37372
32133,11,,1,,37373
32134,39,3,1,,37374
32135,39,3,1,,37375
32136,39,1,1,,37376
32137,39,1,1,,37377
32138,23,7,2,,37377
32139,39,1,1,,37378
32140,39,1,1,,37379
32141,39,1,2,,37380
32142,36,,1,,37381
32143,39,1,2,,37382
32144,39,1,2,,37383
32145,39,1,1,,37384
32146,23,5,1,,37384
32147,39,1,1,,37385
32148,39,1,2,,37386
32149,39,1,1,,37387
32150,39,1,1,,37388
32151,39,1,1,,37389
32152,39,1,2,,37390
32153,39,1,2,,37391
32154,39,1,2,,37392
32155,39,1,1,,37393
32156,39,3,1,,37394
32157,39,1,1,,37395
32158,39,1,2,,37396
32159,39,1,1,,37397
32160,11,,1,,37398
32161,39,3,1,,37399
32162,39,3,1,,37400
32163,39,3,1,,37401
32164,39,3,1,,37402
32165,11,,1,,37403
32166,23,5,1,,37404
32167,23,5,1,,37405
32168,23,5,1,,37406
32169,23,5,1,,37407
32170,23,5,1,,37408
32171,39,1,2,,37409
32172,39,1,3,,37410
32173,39,1,2,,37411
32174,11,,1,,37412
32175,11,,1,,37413
32176,11,,1,,37414
32177,11,,1,,37415
32178,11,,1,,37416
32179,11,,1,,37417
32180,11,,1,,37418
32181,39,8,1,,37419
32182,39,8,1,,37420
32183,39,3,1,,37421
32184,39,3,1,,37422
32185,11,1,1,,37423
32186,39,1,2,,37424
32187,39,1,2,,37425
32188,39,1,2,,37426
32189,39,1,2,,37427
32190,11,,1,,37428
32191,39,3,1,,37429
32192,39,1,1,,37430
32193,39,1,2,,37431
32194,39,1,1,,37432
32195,39,1,1,,37433
32196,39,1,1,,37434
32197,39,3,1,,37435
32198,11,,1,,37436
32199,39,1,1,,37437
32200,11,,1,,37438
32201,11,,1,,37439
32202,11,,1,,37440
32203,11,,1,,37441
32204,11,,1,,37442
32205,11,,1,,37443
32206,11,,1,,37444
32207,11,,1,,37445
32208,39,1,1,,37446
32209,39,1,1,,37447
32210,11,,1,,37448
32211,11,,1,,37449
32212,23,5,1,,37450
32213,11,,1,,37451
32214,11,,1,,37452
32215,11,,1,,37453
32216,11,,1,,37454
32217,11,,1,,37455
32218,11,,1,,37456
32219,11,,1,,37457
32220,11,,1,,37458
32221,11,,1,,37459
32222,11,,1,,37460
32223,11,,1,,37461
32224,11,,1,,37462
32225,11,,1,,37463
32226,11,,1,,37464
32227,11,,1,,37465
32228,39,1,1,,37466
32229,11,,1,,37467
32230,39,3,1,,37468
32231,39,3,2,,37469
32232,39,1,1,,37470
32233,39,1,1,,37471
32234,39,1,1,,37472
32235,39,1,1,,37473
32236,39,1,1,,37474
32237,39,1,2,,37475
32238,39,1,2,,37476
32239,39,1,2,,37477
32240,39,1,1,,37478
32241,39,3,1,,37479
32242,11,,1,,37480
32243,39,1,1,,37481
32244,23,7,1,,37481
32245,39,1,1,,37482
32246,23,7,1,,37482
32247,39,1,1,,37483
32248,39,1,1,,37484
32249,39,1,2,,37485
32250,39,3,1,,37486
32251,39,1,1,,37487
32252,39,1,1,,37488
32253,39,1,1,,37489
32254,11,,1,,37490
32255,11,,1,,37491
32256,39,1,2,,37492
32257,11,,1,,37493
32258,11,,1,,37494
32259,11,,1,,37495
32260,39,1,1,,37496
32261,39,1,1,,37497
32262,23,7,1,,37497
32263,39,1,1,,37498
32264,11,,1,,37499
32265,39,3,1,,37500
32266,39,3,1,,37501
32267,39,1,1,,37502
32268,39,3,1,,37503
32269,39,1,2,,37504
32270,39,1,2,,37505
32271,39,1,2,,37506
32272,11,,1,,37507
32273,39,3,1,,37508
32274,39,3,1,,37509
32275,11,,1,,37510
32276,11,,1,,37511
32277,39,1,2,,37512
32278,39,3,1,,37513
32279,11,,1,,37514
32280,36,,1,,37515
32281,39,1,1,,37516
32282,39,1,1,,37517
32283,39,1,1,,37518
32284,39,1,1,,37519
32285,39,1,1,,37520
32286,39,1,1,,37521
32287,11,,1,,37522
32288,39,1,1,,37523
32289,23,,1,,37523
32290,39,1,1,,37524
32291,39,1,1,,37525
32292,39,1,2,,37526
32293,39,1,1,,37527
32294,39,1,1,,37528
32295,39,1,1,,37529
32296,39,3,1,,37530
32297,39,3,1,,37531
32298,39,1,1,,37532
32299,39,3,1,,37533
32300,39,1,1,,37534
32301,39,1,2,,37535
32302,39,3,2,,37536
32303,39,1,2,,37537
32304,39,3,1,,37538
32305,39,1,2,,37539
32306,39,1,2,,37540
32307,39,1,1,,37541
32308,39,3,1,,37542
32309,39,3,1,,37543
32310,39,1,1,,37544
32311,39,1,1,,37545
32312,39,1,2,,37546
32313,11,,1,,37547
32314,39,1,1,,37548
32315,39,1,2,,37549
32316,39,1,2,,37550
32317,39,1,1,,37551
32318,11,,1,,37552
32319,39,1,2,,37553
32320,39,1,2,,37554
32321,36,,1,,37555
32322,39,1,1,,37556
32323,39,1,1,,37557
32324,39,1,1,,37558
32325,39,3,1,,37559
32326,39,1,1,,37560
32327,39,3,1,,37561
32328,39,1,1,,37562
32329,39,1,1,,37563
32330,39,3,1,,37564
32331,39,3,1,,37565
32332,39,1,2,,37566
32333,39,1,2,,37567
32334,39,1,1,,37568
32335,23,7,1,,37568
32336,39,1,1,,37569
32337,39,1,1,,37570
32338,23,7,2,,37570
32339,39,3,1,,37571
32340,39,1,1,,37572
32341,39,1,1,,37573
32342,39,1,2,,37574
32343,39,1,2,,37575
32344,39,1,2,,37576
32345,23,7,1,,37576
32346,39,1,2,,37577
32347,39,1,2,,37578
32348,39,1,2,,37579
32349,23,7,3,,37579
32350,39,3,1,,37580
32351,39,3,1,,37581
32352,39,1,1,,37582
32353,23,7,1,,37582
32354,39,3,1,,37583
32355,39,1,2,,37584
32356,39,1,2,,37585
32357,39,1,2,,37586
32358,39,1,2,,37587
32359,39,1,2,,37588
32360,39,1,1,,37589
32361,23,7,1,,37589
32362,39,1,1,,37590
32363,39,1,1,,37591
32364,39,1,1,,37592
32365,39,1,1,,37593
32366,23,7,1,,37593
32367,11,,1,,37594
32368,39,1,2,,37595
32369,39,1,1,,37596
32370,39,1,1,,37597
32371,11,,1,,37598
32372,39,1,2,,37599
32373,39,1,1,,37600
32374,39,3,1,,37601
32375,39,1,2,,37602
32376,39,1,2,,37603
32377,39,3,1,,37604
32378,39,1,1,,37605
32379,39,1,1,,37606
32380,39,1,2,,37607
32381,39,1,3,,37608
32382,39,3,1,,37609
32383,39,3,1,,37610
32384,39,3,1,,37611
32385,39,1,1,,37612
32386,39,1,1,,37613
32387,11,,1,,37614
32388,39,3,1,,37615
32389,39,1,1,,37616
32391,39,1,2,,37617
32392,11,,1,,37618
32393,36,,2,,37619
32394,39,1,1,,37620
32395,39,1,2,,37621
32396,39,1,1,,37622
32397,39,1,1,,37623
32398,11,,1,,37624
32399,11,,1,,37625
32400,11,,1,,37626
32401,11,,1,,37627
32402,11,,1,,37628
32403,11,,1,,37629
32404,11,,1,,37630
32405,11,,1,,37631
32406,11,,1,,37632
32407,11,,1,,37633
32408,11,,1,,37634
32409,11,,1,,37635
32410,11,,1,,37636
32411,11,,1,,37637
32412,11,,1,,37638
32413,11,,1,,37639
32414,11,,1,,37640
32415,11,,1,,37641
32416,11,,1,,37642
32417,11,,1,,37643
32418,11,,1,,37644
32419,11,,1,,37645
32420,11,,1,,37646
32421,11,,1,,37647
32422,11,,1,,37648
32423,11,,1,,37649
32424,11,,1,,37650
32425,11,,1,,37651
32426,11,,1,,37652
32427,11,,1,,37653
32428,11,,1,,37654
32429,11,,1,,37655
32430,11,,1,,37656
32431,11,,1,,37657
32432,11,,1,,37658
32433,11,,1,,37659
32434,11,,1,,37660
32435,11,,1,,37661
32436,11,,1,,37662
32437,11,,1,,37663
32438,11,,1,,37664
32439,11,,1,,37665
32440,11,,1,,37666
32441,11,,1,,37667
32442,11,,1,,37668
32443,11,,1,,37669
32444,11,,1,,37670
32445,11,,1,,37671
32446,11,,1,,37672
32447,11,,1,,37673
32448,11,,1,,37674
32449,11,,1,,37675
32450,11,,1,,37676
32451,11,,1,,37677
32452,11,,1,,37678
32453,11,,1,,37679
32454,11,,1,,37680
32455,11,,1,,37681
32456,11,,1,,37682
32457,11,,1,,37683
32458,11,,1,,37684
32459,11,,1,,37685
32460,11,,1,,37686
32461,11,,1,,37688
32462,39,1,1,,37689
32463,11,,1,,37690
32464,11,,1,,37691
32465,39,1,1,,37692
32466,39,1,2,,37693
32467,39,1,1,,37694
32468,39,1,2,,37695
32469,39,3,1,,37696
32470,39,3,1,,37697
32471,39,1,2,,37698
32472,39,1,2,,37699
32473,39,1,3,,37700
32474,39,3,1,,37701
32475,11,,1,,37702
32476,11,,1,,37703
32477,39,1,1,,37704
32478,39,1,2,,37705
32479,39,3,1,,37706
32480,39,1,1,,37707
32481,39,1,2,,37708
32482,23,7,2,,37708
32483,39,1,2,,37709
32484,23,7,1,,37709
32485,39,1,2,,37710
32486,39,1,1,,37711
32487,39,3,1,,37712
32488,11,,1,,37713
32489,39,1,1,,37714
32490,39,3,1,,37715
32491,39,3,1,,37716
32492,39,1,2,,37717
32493,39,3,1,,37718
32494,39,1,1,,37719
32495,11,,1,,37720
32496,11,,1,,37721
32497,11,,1,,37722
32498,11,,1,,37723
32499,36,,2,,37724
32500,36,,1,,37725
32501,39,3,1,,37726
32502,39,1,2,,37727
32503,11,,1,,37728
32504,39,1,1,,37729
32505,39,3,1,,37730
32506,39,1,1,,37731
32507,39,1,1,,37732
32508,39,1,1,,37733
32509,39,1,2,,37734
32510,39,1,2,,37735
32511,11,,1,,37736
32512,39,1,2,,37737
32513,39,1,2,,37738
32514,39,1,2,,37739
32515,39,1,1,,37740
32516,39,1,1,,37741
32517,11,,1,,37742
32518,11,,1,,37743
32519,11,,1,,37744
32520,11,,1,,37745
32521,11,,1,,37746
32522,11,,1,,37747
32523,11,,1,,37748
32524,39,3,1,,37749
32525,39,3,1,,37750
32526,39,3,1,,37751
32527,39,1,2,,37752
32528,39,1,2,,37753
32529,23,7,1,,37753
32530,39,1,1,,37754
32531,23,5,1,,37754
32532,39,1,2,,37755
32533,39,1,1,,37756
32534,39,3,1,,37757
32535,39,1,2,,37758
32536,39,1,1,,37759
32537,39,1,2,,37760
32538,23,7,1,,37760
32539,39,1,1,,37761
32540,39,1,2,,37762
32541,23,7,1,,37762
32542,39,1,2,,37763
32543,39,1,1,,37764
32544,39,1,2,,37765
32545,11,,1,,37766
32546,11,,1,,37767
32547,11,,1,,37768
32548,11,,1,,37769
32549,39,1,3,,37770
32550,39,1,2,,37771
32551,11,,1,,37772
32552,39,1,2,,37773
32553,39,1,2,,37774
32554,39,1,2,,37776
32555,39,1,1,,37777
32556,39,1,1,,37778
32557,11,,1,,37779
32558,11,,1,,37780
32559,11,,1,,37781
32560,39,3,1,,37782
32561,39,1,2,,37783
32562,11,,1,,37784
32563,11,,1,,37785
32564,39,3,1,,37786
32565,39,1,1,,37787
32566,39,1,1,,37788
32567,11,,1,,37789
32568,39,1,1,,37790
32569,39,1,2,,37791
32570,39,1,1,,37792
32571,39,1,2,,37793
32572,39,1,3,,37794
32573,39,1,1,,37795
32574,39,1,3,,37796
32575,39,1,1,,37797
32576,39,1,2,,37798
32577,39,1,1,,37799
32578,39,1,1,,37800
32579,39,1,1,,37801
32580,39,1,2,,37802
32581,39,1,1,,37803
32582,39,1,2,,37804
32583,23,7,2,,37804
32584,39,1,2,,37805
32585,39,1,2,,37806
32586,39,4,1,,37807
32587,66,,1,,37807
32588,39,1,2,,37808
32589,39,1,4,,37809
32590,39,1,1,,37810
32591,23,7,2,,37810
32592,11,,1,,37811
32593,11,,1,,37812
32594,39,1,1,,37813
32596,39,1,1,,37814
32597,23,7,1,,37814
32598,39,1,2,,37815
32599,11,,1,,37816
32600,39,1,1,,37817
32601,11,,1,,37818
32602,11,,1,,37819
32603,11,,1,,37820
32604,39,1,1,,37821
32605,39,1,1,,37822
32606,39,1,1,,37823
32607,39,1,1,,37824
32608,39,1,1,,37825
32609,11,,1,,37826
32610,39,1,1,,37827
32611,11,,1,,37828
32612,39,3,1,,37829
32613,11,,1,,37830
32614,11,,1,,37831
32615,39,1,1,,37832
32616,39,3,1,,37833
32617,39,1,2,,37834
32618,39,1,1,,37835
32619,39,1,1,,37836
32620,39,3,1,,37837
32621,39,1,2,,37838
32622,39,1,1,,37839
32623,23,7,2,,37839
32624,39,1,1,,37840
32625,39,3,1,,37841
32626,39,8,1,,37842
32627,39,1,3,,37843
32628,39,1,1,,37844
32629,39,1,2,,37845
32630,39,3,1,,37846
32631,39,1,1,,37847
32632,23,7,1,,37847
32633,39,1,1,,37848
32634,11,,1,,37849
32635,39,1,2,,37850
32636,23,5,1,,37850
32637,39,1,1,,37851
32638,23,7,1,,37851
32639,39,3,1,,37852
32640,39,1,2,,37853
32641,39,1,2,,37854
32642,11,,1,,37855
32643,11,,1,,37856
32644,11,,1,,37857
32645,11,,1,,37858
32646,11,,1,,37859
32647,11,,1,,37860
32648,11,,1,,37861
32649,11,,1,,37862
32650,11,,1,,37863
32651,11,,1,,37864
32652,23,5,1,,37865
32653,39,1,2,,37866
32654,11,,1,,37867
32655,39,1,2,,37868
32656,11,,1,,37869
32657,11,,1,,37870
32658,39,1,2,,37871
32659,39,1,1,,37872
32660,36,,1,,37873
32661,39,1,1,,37874
32662,39,1,1,,37875
32663,39,3,1,,37876
32664,39,1,1,,37877
32665,39,1,1,,37878
32666,39,1,3,,37879
32667,39,1,1,,37880
32668,39,1,1,,37881
32669,39,1,2,,37882
32670,39,1,2,,37883
32671,39,1,1,,37884
32672,39,1,1,,37885
32673,39,1,1,,37886
32674,39,1,3,,37887
32675,39,1,2,,37888
32676,11,,1,,37889
32677,39,1,2,,37890
32678,39,1,1,,37891
32679,11,,1,,37892
32680,39,3,1,,37893
32681,39,1,1,,37894
32682,39,1,2,,37895
32683,39,1,2,,37896
32684,11,,1,,37897
32685,39,1,1,,37898
32686,11,,1,,37899
32687,11,,1,,37900
32688,39,1,2,,37901
32689,39,3,1,,37902
32690,39,1,2,,37903
32691,39,1,1,,37904
32692,39,1,1,,37905
32693,39,1,2,,37906
32694,39,1,2,,37907
32695,39,1,2,,37908
32696,39,1,2,,37909
32697,39,1,2,,37910
32698,39,3,1,,37911
32699,39,3,1,,37912
32700,11,,1,,37913
32701,39,3,1,,37914
32702,39,3,1,,37915
32703,39,3,1,,37916
32704,39,3,1,,37917
32705,39,3,1,,37918
32706,39,3,1,,37919
32707,39,1,1,,37920
32708,39,1,1,,37921
32709,39,1,1,,37922
32710,39,3,1,,37923
32711,39,1,1,,37924
32712,39,1,1,,37925
32713,55,,1,,37926
32714,55,,1,,37927
32715,39,1,1,,37928
32716,11,,1,,37929
32717,39,1,2,,37930
32718,39,1,1,,37931
32719,11,,1,,37932
32720,11,,1,,37933
32721,11,,1,,37934
32722,11,,1,,37935
32723,39,1,2,,37936
32724,11,,1,,37937
32725,11,,1,,37938
32726,11,,1,,37939
32727,11,,1,,37940
32728,11,,1,,37941
32729,39,1,2,,37942
32730,39,1,1,,37943
32731,39,1,1,,37944
32732,39,3,1,,37945
32733,39,1,1,,37946
32734,23,7,2,,37946
32735,39,1,1,,37947
32736,11,,1,,37948
32737,36,,2,,37949
32738,36,,1,,37950
32739,11,,1,,37951
32740,11,,1,,37952
32741,39,1,2,,37953
32742,39,1,1,,37954
32743,23,5,1,,37955
32744,11,,1,,37956
32745,11,,1,,37957
32746,11,,1,,37958
32747,11,,1,,37959
32748,11,,1,,37960
32749,11,,1,,37961
32750,11,,1,,37962
32751,11,,1,,37963
32752,11,,1,,37964
32753,11,,1,,37965
32754,11,,1,,37966
32755,11,,1,,37967
32756,11,,1,,37968
32757,11,,1,,37969
32758,11,,1,,37970
32759,11,,1,,37971
32760,11,,1,,37972
32761,11,,1,,37973
32762,11,,1,,37974
32763,11,,1,,37975
32764,11,,1,,37976
32765,39,1,2,,37977
32766,39,1,1,,37978
32767,11,,1,,37979
32768,39,1,1,,37980
32769,11,,1,,37981
32770,11,,1,,37982
32771,11,,1,,37983
32772,39,1,1,,37984
32773,23,7,1,,37984
32774,39,1,2,,37985
32775,39,3,1,,37986
32776,39,1,1,,37987
32777,39,1,1,,37988
32778,39,1,1,,37989
32779,39,1,1,,37990
32780,39,1,3,,37991
32781,39,1,2,,37992
32782,23,5,1,,37992
32783,39,1,2,,37993
32784,39,1,1,,37994
32785,39,1,2,,37995
32786,39,1,2,,37996
32787,39,1,1,,37997
32788,23,7,1,,37997
32789,39,1,3,,37998
32790,11,,1,,37999
32791,39,3,1,,38000
32792,39,1,1,,38001
32793,39,1,1,,38002
32794,39,1,2,,38003
32795,39,1,2,,38004
32796,39,1,1,,38005
32797,39,1,2,,38006
32798,39,1,3,,38007
32799,39,1,2,,38008
32800,39,1,2,,38009
32801,39,1,2,,38010
32802,39,3,1,,38011
32803,39,3,1,,38012
32804,39,1,1,,38013
32805,11,,1,,38014
32806,11,,1,,38015
32807,39,4,1,,38016
32808,66,,1,,38016
32809,39,1,1,,38017
32810,39,1,2,,38018
32811,39,1,2,,38019
32812,39,1,2,,38020
32813,39,1,1,,38021
32814,39,1,2,,38022
32815,11,,1,,38023
32816,11,,1,,38024
32817,11,,1,,38025
32818,11,,1,,38026
32819,39,1,2,,38027
32820,39,1,1,,38028
32821,39,1,1,,38029
32822,39,1,1,,38030
32823,11,,1,,38031
32824,11,,1,,38032
32825,11,,1,,38033
32826,36,,1,,38034
32827,36,,1,,38035
32828,39,1,1,,38036
32829,39,1,1,,38037
32830,39,3,1,,38038
32831,39,1,1,,38039
32832,39,1,2,,38040
32833,39,3,1,,38041
32834,11,,1,,38042
32835,39,1,2,,38043
32836,11,,1,,38044
32837,11,,1,,38045
32838,11,,1,,38046
32839,39,1,2,,38047
32840,39,1,1,,38048
32841,39,3,1,,38049
32842,39,1,1,,38050
32843,39,1,2,,38051
32844,39,1,1,,38052
32845,39,1,2,,38053
32846,39,1,2,,38054
32847,39,3,1,,38055
32848,39,3,2,,38056
32849,39,1,3,,38057
32850,11,,1,,38058
32851,11,,1,,38059
32852,11,,1,,38060
32853,11,,1,,38061
32854,11,,1,,38062
32855,11,,1,,38063
32856,11,,1,,38064
32857,11,,1,,38065
32858,11,,1,,38066
32859,39,3,1,,38067
32860,39,1,1,,38068
32861,39,3,1,,38069
32862,11,,1,,38070
32863,11,,1,,38071
32864,11,,1,,38072
32865,11,,1,,38073
32866,11,,1,,38074
32867,39,1,1,,38075
32868,39,1,1,,38076
32869,39,1,1,,38077
32870,39,1,1,,38078
32871,36,,1,,38079
32872,11,,1,,38080
32873,11,,1,,38081
32874,39,3,1,,38082
32875,39,1,1,,38083
32876,23,7,2,,38083
32877,11,,1,,37687
32878,11,,1,,37775
32879,39,1,1,,38084
32880,39,1,2,,38085
32881,39,1,1,,38086
32882,39,3,1,,38087
32883,39,1,1,,38088
32884,39,1,1,,38089
32885,39,1,1,,38090
32886,39,1,1,,38091
32887,39,1,1,,38092
32888,39,1,2,,38093
32889,39,3,2,,38094
32890,39,1,1,,38095
32891,39,1,1,,38096
32892,39,1,2,,38097
32893,39,1,1,,38098
32894,39,1,1,,38099
32895,39,1,1,,38100
32896,39,1,1,,38101
32897,39,4,1,,38102
32898,66,,1,,38102
32899,39,1,2,,38103
32900,39,1,1,,38104
32901,39,1,1,,38105
32902,39,3,1,,38106
32903,39,1,1,,38107
32904,39,1,2,,38108
32905,39,3,1,,38109
32906,39,1,1,,38110
32907,39,1,1,,38111
32908,39,1,3,,38112
32909,39,1,1,,38113
32910,39,3,1,,38114
32911,39,1,1,,38115
32912,39,3,1,,38116
32913,55,,1,,38117
32914,55,,1,,38118
32915,39,1,2,,38119
32916,23,5,1,,38120
32917,39,3,1,,38121
32918,39,1,1,,38122
32919,39,1,1,,38123
32920,11,,1,,38124
32921,39,1,1,,38125
32922,39,1,1,,38126
32923,39,1,2,,38127
32924,39,3,1,,38128
32925,39,1,3,,38129
32926,39,1,1,,38130
32927,39,3,1,,38131
32928,39,3,1,,38132
32929,39,1,2,,38133
32930,39,3,1,,38134
32931,39,1,1,,38135
32932,36,,1,,38136
32933,11,,1,,38137
32934,39,1,1,,38138
32935,39,1,2,,38139
32936,39,1,3,,38140
32937,11,,1,,38141
32938,39,1,1,,38142
32939,39,1,1,,38143
32940,39,1,1,,38144
32941,11,,1,,38145
32942,39,1,2,,38146
32943,39,1,1,,38147
32944,39,1,2,,38148
32945,39,1,1,,38149
32946,39,1,2,,38150
32947,39,1,2,,38151
32948,23,7,1,,38151
32949,39,3,1,,38152
32950,39,1,1,,38153
32951,39,1,2,,38154
32952,39,3,1,,38155
32953,39,1,1,,38156
32954,39,1,1,,38157
32955,39,1,1,,38158
32956,39,1,1,,38159
32957,39,4,1,,38160
32958,66,,1,,38160
32959,39,1,1,,38161
32960,23,5,1,,38161
32961,39,1,1,,38162
32962,39,1,1,,38163
32963,39,1,1,,38164
32964,39,1,1,,38165
32965,39,1,1,,38166
32966,39,3,1,,38167
32967,39,3,1,,38168
32968,39,1,1,,38169
32969,23,7,1,,38169
32970,39,3,1,,38170
32971,39,1,1,,38171
32972,39,1,2,,38172
32973,39,1,2,,38173
32974,39,1,2,,38174
32975,39,1,1,,38175
32976,39,1,1,,38176
32977,23,5,1,,38176
32978,39,3,1,,38177
32979,23,5,1,,38178
32980,11,,1,,38179
32981,39,1,1,,38180
32982,39,1,1,,38181
32983,39,1,2,,38182
32984,39,1,1,,38183
32985,39,1,1,,38184
32986,23,5,1,,38184
32987,39,3,1,,38185
32988,36,,1,,38186
32989,39,3,1,,38187
32990,39,1,1,,38188
32991,11,,1,,38189
32992,39,3,1,,38190
32993,39,1,1,,38191
32994,23,7,1,,38191
32995,39,3,1,,38192
32996,39,1,1,,38193
32997,39,1,1,,38194
32998,39,1,2,,38195
32999,39,1,1,,38196
33000,39,1,3,,38197
33001,39,1,2,,38198
33002,39,1,2,,38199
33003,39,1,2,,38200
33004,39,1,2,,38201
33005,39,3,1,,38202
33006,39,1,2,,38203
33007,39,1,2,,38204
33008,39,1,2,,38205
33009,39,3,1,,38206
33010,39,1,2,,38207
33011,39,3,1,,38208
33012,39,3,1,,38209
33013,39,1,1,,38210
33014,39,1,2,,38211
33015,39,3,1,,38212
33016,39,1,1,,38213
33017,23,7,1,,38213
33018,39,3,1,,38214
33019,39,1,2,,38215
33020,39,1,2,,38216
33021,39,1,2,,38217
33022,39,3,1,,38218
33023,39,3,1,,38219
33024,39,1,1,,38220
33025,39,1,1,,38221
33026,39,1,1,,38222
33027,39,3,1,,38223
33028,39,1,1,,38224
33029,39,1,1,,38225
33030,23,7,2,,38225
33031,39,3,1,,38226
33032,39,1,1,,38227
33033,23,7,1,,38227
33034,39,3,1,,38228
33035,39,1,1,,38229
33036,39,1,1,,38230
33037,39,3,1,,38231
33038,39,1,1,,38232
33039,39,3,1,,38233
33040,39,1,1,,38234
33041,39,1,1,,38235
33042,39,1,2,,38236
33043,39,1,1,,38237
33044,23,5,1,,38238
33045,39,3,1,,38239
33046,39,1,2,,38240
33047,39,1,2,,38241
33048,39,1,2,,38242
33049,39,3,1,,38243
33050,39,1,1,,38244
33051,23,7,1,,38244
33052,39,3,1,,38245
33053,39,1,1,,38246
33054,11,,1,,38247
33055,39,1,1,,38248
33056,23,7,1,,38248
33057,39,1,2,,38249
33058,23,7,1,,38249
33059,39,1,2,,38250
33060,39,3,1,,38251
33061,11,,1,,38252
33062,39,1,2,,38253
33063,39,1,1,,38254
33064,39,1,2,,38255
33065,39,1,1,,38256
33066,11,,1,,38257
33067,39,1,2,,38258
33068,39,1,1,,38259
33069,39,1,2,,38260
33070,39,1,1,,38261
33071,39,1,2,,38262
33072,39,1,1,,38263
33073,23,7,1,,38263
33074,39,1,2,,38264
33075,23,7,1,,38264
33076,39,1,2,,38265
33077,39,1,2,,38266
33078,39,1,2,,38267
33079,39,1,2,,38268
33080,39,1,3,,38269
33081,39,1,3,,38270
33082,23,5,1,,38271
33083,39,1,2,,38272
33084,39,1,2,,38273
33085,23,7,1,,38273
33086,39,1,2,,38274
33087,39,3,1,,38275
33088,39,3,1,,38276
33089,39,3,1,,38277
33090,11,,1,,38278
33091,39,3,2,,38279
33092,11,,1,,38280
33093,39,3,1,,38281
33094,11,,1,,38282
33095,39,3,1,,38283
33096,39,3,1,,38284
33097,39,1,1,,38285
33098,39,1,1,,38286
33099,39,1,1,,38287
33100,39,1,1,,38288
33101,39,1,1,,38289
33102,39,1,1,,38290
33103,39,1,2,,38291
33104,39,1,3,,38292
33105,39,1,2,,38293
33106,23,7,1,,38293
33107,39,1,2,,38294
33108,39,3,1,,38295
33109,39,1,1,,38296
33110,39,3,1,,38297
33111,39,1,1,,38298
33112,39,1,2,,38299
33113,39,1,2,,38300
33114,39,1,1,,38301
33115,23,5,1,,38301
33116,39,1,1,,38302
33117,39,1,1,,38303
33118,39,1,1,,38304
33119,39,1,1,,38305
33120,39,1,2,,38306
33121,39,1,2,,38307
33122,39,1,2,,38308
33123,11,,1,,38309
33124,11,,1,,38310
33125,39,3,1,,38311
33126,39,1,1,,38312
33127,11,,1,,38313
33128,39,1,1,,38314
33129,39,1,1,,38315
33130,39,1,1,,38316
33131,36,,1,,38317
33132,36,,2,,38318
33133,39,1,1,,38319
33134,39,1,1,,38320
33135,39,1,2,,38321
33136,39,1,2,,38322
33137,36,,2,,38323
33138,39,1,1,,38324
33139,39,3,1,,38325
33140,39,1,1,,38326
33141,39,1,2,,38327
33142,39,3,1,,38328
33143,39,1,1,,38329
33144,39,1,1,,38330
33145,23,7,1,,38330
33146,39,3,1,,38331
33147,39,1,1,,38332
33148,39,1,1,,38333
33149,23,7,1,,38334
33150,39,1,2,,38335
33151,39,1,2,,38336
33152,39,1,1,,38337
33153,39,1,3,,38338
33154,39,3,1,,38339
33155,39,1,1,,38340
33156,11,,1,,38341
33157,39,3,1,,38342
33158,39,3,1,,38343
33159,11,,1,,38344
33160,36,,1,,38345
33161,36,,1,,38346
33162,39,1,1,,38347
33163,39,3,1,,38348
33164,39,1,2,,38349
33165,39,1,1,,38350
33166,39,1,1,,38351
33167,23,7,2,,38351
33168,39,3,1,,38352
33169,39,1,1,,38353
33170,39,1,1,,38354
33171,39,3,1,,38355
33172,39,1,2,,38356
33173,39,1,1,,38357
33174,39,1,1,,38358
33175,23,5,1,,38359
33176,39,1,3,,38360
33177,39,1,2,,38361
33178,11,,1,,38362
33179,39,1,1,,38363
33180,39,1,1,,38364
33181,39,1,1,,38365
33182,39,1,1,,38366
33183,39,1,1,,38367
33184,23,5,2,,38367
33185,39,3,1,,38368
33186,39,1,1,,38369
33187,39,1,1,,38370
33188,39,1,2,,38371
33189,39,1,1,,38372
33190,39,3,1,,38373
33191,39,1,2,,38374
33192,39,1,2,,38375
33193,39,1,1,,38376
33194,23,7,1,,38376
33195,39,1,2,,38377
33196,23,7,2,,38377
33197,36,,1,,38378
33198,36,,1,,38379
33199,36,,1,,38380
33200,39,1,1,,38381
33201,23,5,1,,38382
33202,39,1,1,,38383
33203,39,1,1,,38384
33204,39,1,1,,38385
33205,39,1,1,,38386
33206,11,,1,,38387
33207,23,5,1,,38388
33208,39,3,1,,38389
33209,39,1,1,,38390
33210,39,1,2,,38391
33211,39,1,1,,38392
33212,11,,1,,38393
33213,11,,1,,38394
33214,39,1,1,,38395
33215,39,1,2,,38396
33216,39,1,2,,38397
33217,39,1,1,,38398
33218,39,1,2,,38399
33219,43,,1,,38400
33220,39,3,1,,38401
33221,39,3,1,,38402
33222,39,1,2,,38403
33223,39,3,1,,38404
33224,23,5,2,,38405
33225,39,3,1,,38406
33226,11,,1,,38407
33227,39,1,2,,38408
33228,39,1,2,,38409
33229,39,4,1,,38410
33230,66,,1,,38410
33231,11,,1,,38411
33232,11,,1,,38412
33233,11,,1,,38413
33234,11,,1,,38414
33235,11,,1,,38415
33236,11,,1,,38416
33237,39,1,2,,38417
33238,39,1,1,,38418
33239,39,1,1,,38419
33240,39,1,1,,38420
33241,39,1,2,,38421
33242,39,3,1,,38422
33243,39,1,1,,38423
33244,39,1,1,,38424
33245,39,3,1,,38425
33246,39,1,1,,38426
33247,39,1,2,,38427
33248,39,1,2,,38428
33249,39,1,1,,38429
33250,39,1,1,,38430
33251,39,1,2,,38431
33252,39,1,1,,38432
33253,39,1,1,,38433
33254,8,,1,,38434
33255,39,1,2,,38435
33256,39,1,1,,38436
33257,23,7,1,,38436
33258,39,3,1,,38437
33259,39,3,1,,38438
33260,39,1,1,,38439
33261,23,7,1,,38440
33262,39,3,1,,38441
33263,39,1,1,,38442
33264,11,,1,,38443
33265,11,,1,,38444
33266,39,1,1,,38445
33267,39,1,1,,38446
33268,23,7,1,,38446
33269,39,1,2,,38447
33270,11,,1,,38448
33271,39,1,1,,38449
33272,36,,3,,38450
33273,39,3,1,,38451
33274,39,1,1,,38452
33275,23,5,1,,38452
33276,39,1,2,,38453
33277,39,1,1,,38454
33278,39,1,1,,38455
33279,39,1,2,,38456
33280,39,1,3,,38457
33281,39,1,2,,38458
33282,39,1,1,,38459
33283,39,1,2,,38460
33284,39,1,1,,38461
33285,39,1,1,,38462
33286,39,1,1,,38463
33287,39,3,1,,38464
33288,39,3,1,,38465
33289,39,1,1,,38466
33290,39,1,2,,38467
33291,39,1,1,,38468
33292,39,1,2,,38469
33293,39,1,1,,38470
33294,39,1,2,,38471
33295,39,1,1,,38472
33296,11,,1,,38473
33297,39,3,1,,38474
33298,23,5,1,,38474
33299,39,1,1,,38475
33300,11,,1,,38476
33301,39,1,1,,38477
33302,23,7,2,,38477
33303,39,3,1,,38478
33304,39,1,1,,38479
33305,39,3,1,,38480
33306,39,1,1,,38481
33307,39,1,1,,38482
33308,11,,1,,38483
33309,39,3,1,,38484
33310,39,1,1,,38485
33311,23,7,1,,38485
33312,11,,1,,38486
33313,39,1,2,,38487
33314,11,,1,,38488
33315,39,1,1,,38489
33316,39,1,2,,38490
33317,39,1,2,,38491
33318,39,1,2,,38492
33319,23,7,1,,38493
33320,39,1,2,,38494
33321,39,1,2,,38495
33322,39,1,2,,38496
33323,39,1,3,,38497
33324,39,1,2,,38498
33325,23,5,1,,38499
33326,39,1,2,,38500
33327,39,3,1,,38501
33328,39,1,3,,38502
33329,39,1,2,,38503
33330,11,,1,,38504
33331,23,5,1,,38505
33332,36,,1,,38506
33333,39,1,1,,38507
33334,39,3,1,,38508
33335,39,3,1,,38509
33336,39,1,1,,38510
33337,39,1,2,,38511
33338,39,1,1,,38512
33339,39,3,1,,38513
33340,39,3,1,,38514
33341,39,3,1,,38515
33342,39,1,1,,38516
33343,11,,1,,38517
33344,11,,1,,38518
33345,39,3,1,,38519
33346,39,1,1,,38520
33347,23,5,1,,38520
33348,39,1,2,,38521
33349,23,7,1,,38521
33350,11,,1,,38522
33351,39,1,1,,38523
33352,39,1,2,,38524
33353,39,1,1,,38525
33354,23,7,1,,38525
33355,39,1,1,,38526
33356,23,5,1,,38526
33357,39,3,1,,38527
33358,39,1,1,,38528
33359,39,1,1,,38529
33360,39,1,2,,38530
33361,8,,1,,38531
33362,39,1,2,,38532
33363,23,5,1,,38533
33364,39,1,2,,38534
33365,39,1,1,,38535
33366,39,1,1,,38536
33367,39,1,1,,38537
33368,36,,1,,38538
33369,39,1,1,,38539
33370,23,5,1,,38539
33371,36,,1,,38540
33372,39,1,1,,38541
33373,39,1,1,,38542
33374,39,1,1,,38543
33375,23,7,1,,38543
33376,39,3,1,,38544
33377,11,,1,,38545
33378,39,1,3,,38546
33379,39,3,1,,38547
33380,39,1,1,,38548
33381,23,7,1,,38548
33382,39,1,1,,38549
33383,23,7,1,,38549
33384,39,1,1,,38550
33385,11,,1,,38551
33386,39,1,1,,38552
33387,39,3,1,,38553
33388,39,1,1,,38554
33389,39,1,1,,38555
33390,39,1,1,,38556
33391,39,3,1,,38557
33392,39,3,1,,38558
33393,39,3,1,,38559
33394,39,1,1,,38560
33395,36,,1,,38561
33396,39,1,2,,38562
33397,36,,1,,38563
33398,39,1,1,,38564
33399,23,5,1,,38564
33400,39,3,1,,38565
33401,39,1,2,,38566
33402,39,1,1,,38567
33403,39,1,1,,38568
33404,39,1,1,,38569
33405,39,1,1,,38570
33406,23,5,2,,38571
33407,39,1,2,,38572
33408,39,1,1,,38573
33409,11,,1,,38574
33410,39,1,2,,38575
33411,39,1,1,,38576
33412,39,1,1,,38577
33413,23,7,1,,38577
33414,39,1,1,,38578
33415,23,7,1,,38578
33416,39,1,1,,38579
33417,39,1,1,,38580
33418,39,1,2,,38581
33419,39,1,1,,38582
33420,39,3,1,,38583
33421,39,1,2,,38584
33422,39,1,1,,38585
33423,39,1,1,,38586
33424,39,1,1,,38587
33425,39,1,1,,38588
33426,39,1,2,,38589
33427,39,1,1,,38590
33428,39,1,2,,38591
33429,39,1,2,,38592
33430,39,1,1,,38593
33431,23,7,1,,38593
33432,39,1,1,,38594
33433,39,1,1,,38595
33434,39,1,1,,38596
33435,39,1,1,,38597
33436,39,1,2,,38598
33437,39,1,1,,38599
33438,39,3,1,,38600
33439,39,1,1,,38601
33440,39,1,1,,38602
33441,39,1,1,,38603
33442,39,1,1,,38604
33443,39,1,1,,38605
33444,39,1,1,,38606
33445,39,1,1,,38607
33446,39,1,1,,38608
33447,39,1,1,,38609
33448,39,1,1,,38610
33449,39,1,1,,38611
33450,23,7,1,,38611
33451,39,1,2,,38612
33452,39,1,1,,38613
33453,39,1,3,,38614
33454,39,3,1,,38615
33455,39,3,1,,38616
33456,39,3,1,,38617
33457,39,3,1,,38618
33458,39,1,2,,38619
33459,39,3,1,,38620
33460,39,1,1,,38621
33461,39,1,1,,38622
33462,23,5,1,,38623
33463,39,1,2,,38624
33464,23,5,1,,38624
33465,39,1,1,,38625
33466,23,7,1,,38626
33467,39,3,1,,38627
33468,39,1,1,,38628
33469,11,,1,,38629
33470,39,1,1,,38630
33471,39,1,1,,38631
33472,39,1,1,,38632
33473,39,1,1,,38633
33474,23,7,1,,38633
33475,39,1,1,,38634
33476,11,,1,,38635
33477,39,3,1,,38636
33478,39,3,1,,38637
33479,39,3,1,,38638
33480,39,3,1,,38639
33481,39,1,1,,38640
33482,39,1,1,,38641
33483,39,1,1,,38642
33484,8,,1,,38643
33485,39,1,1,only 2 minutes behind the black bear,38644
33486,39,1,1,,38645
33487,39,1,2,,38646
33488,23,7,1,,38646
33489,39,1,2,,38647
33490,39,3,1,,38648
33491,39,3,1,,38649
33492,39,3,1,,38650
33493,39,3,1,,38651
33494,11,,1,,38652
33495,11,,1,,38653
33496,11,,1,,38654
33497,39,1,1,,38655
33498,39,1,2,,38656
33499,23,5,1,,38656
33500,39,3,1,,38657
33501,39,1,1,,38658
33502,39,1,1,,38659
33503,39,1,3,,38660
33504,39,1,2,,38661
33505,39,1,4,,38662
33506,39,3,1,,38663
33507,39,3,1,,38664
33508,39,3,1,,38665
33509,39,1,2,,38666
33510,39,1,2,,38667
33511,39,1,2,,38668
33512,39,1,1,,38669
33513,39,1,2,,38670
33514,39,3,1,,38671
33515,39,3,1,,38672
33516,39,1,1,,38673
33517,39,1,2,,38674
33518,39,1,1,,38675
33519,39,1,2,,38676
33520,39,1,1,,38677
33521,39,1,1,,38678
33522,23,7,1,,38678
33523,39,1,2,,38679
33524,39,1,1,,38680
33525,39,1,1,,38681
33526,39,1,1,,38682
33527,39,1,1,,38683
33528,39,3,1,,38684
33529,39,1,2,,38685
33530,39,1,1,,38686
33531,39,1,1,,38687
33532,39,1,1,,38688
33533,39,3,1,,38689
33534,11,,1,,38690
33535,11,,1,,38691
33536,11,,1,,38692
33537,11,,1,,38693
33538,39,1,1,,38694
33539,39,1,2,,38695
33540,39,1,1,,38696
33541,39,1,2,,38697
33542,39,1,3,,38698
33543,11,,1,,38699
33544,39,1,1,,38700
33545,39,3,1,,38701
33546,39,1,1,,38702
33547,39,3,1,,38703
33548,39,3,1,,38704
33549,39,3,1,,38705
33550,39,3,2,,38706
33551,39,3,1,,38707
33552,39,1,1,,38708
33553,39,1,1,,38709
33554,36,,1,,38710
33555,39,1,1,,38711
33556,23,5,1,,38711
33557,39,3,1,,38712
33558,36,,1,,38713
33559,39,3,1,,38714
33560,39,3,1,,38715
33561,39,1,1,,38716
33562,11,,1,,38717
33563,39,44,1,,38718
33564,39,44,1,,38719
33565,39,44,1,,38720
33566,39,44,1,,38721
33567,39,44,1,,38722
33568,39,44,1,,38723
33569,39,44,2,,38724
33570,39,44,1,,38725
33571,39,44,1,,38726
33572,39,44,2,,38727
33573,39,44,2,,38728
33574,39,44,2,,38729
33575,39,44,2,,38730
33576,39,44,1,,38731
33577,39,44,1,,38732
33578,39,44,1,,38733
33579,39,44,2,,38734
33580,39,44,2,,38735
33581,39,44,2,,38736
33582,39,44,2,,38737
33583,39,44,2,,38738
33584,39,44,1,,38739
33585,39,44,1,,38740
33586,39,44,1,,38741
33587,39,44,2,,38742
33588,39,44,1,,38743
33589,39,44,1,,38744
33590,39,44,1,,38745
33591,39,44,2,,38746
33592,39,44,2,,38747
33593,39,44,2,,38748
33594,39,44,2,,38749
33595,39,1,2,,38750
33596,39,1,2,,38751
33597,39,44,1,,38752
33598,39,44,2,,38753
33599,39,44,2,,38754
33600,23,5,1,,38755
33601,39,1,1,,38756
33602,23,5,1,,38757
33603,39,1,1,,38758
33604,39,1,1,,38759
33605,39,1,1,,38760
33606,11,,1,,38761
33607,39,44,1,,38762
33608,39,1,1,,38763
33609,39,44,1,,38764
33610,39,44,1,,38765
33611,39,44,1,,38766
33612,39,1,1,,38767
33613,39,1,1,,38768
33614,23,7,2,,38768
33615,39,1,1,,38769
33616,39,1,1,,38770
33617,39,1,1,,38771
33618,39,1,1,,38772
33619,39,1,1,,38773
33620,39,1,1,,38774
33621,39,1,1,,38775
33622,39,1,1,,38776
33623,39,44,2,,38777
33624,39,44,2,,38778
33625,39,44,1,,38779
33626,39,44,1,,38780
33627,39,44,2,,38781
33628,39,44,1,,38782
33629,39,44,1,,38783
33630,39,1,1,,38784
33631,39,1,2,,38785
33632,39,3,1,,38786
33633,39,1,1,,38787
33634,39,3,1,,38788
33635,39,1,1,,38789
33636,39,1,1,,38790
33637,39,3,1,,38791
33638,39,1,1,,38792
33639,39,1,2,,38793
33640,39,3,1,,38794
33641,39,1,1,,38795
33642,23,7,1,,38795
33643,39,1,1,,38796
33644,39,3,1,,38797
33645,39,3,1,,38798
33646,39,1,1,,38799
33647,39,1,1,,38800
33648,39,1,1,,38801
33649,39,44,2,,38802
33650,39,44,1,,38803
33651,39,44,1,,38804
33652,39,44,1,,38805
33653,39,44,1,,38806
33654,39,44,1,,38807
33655,39,44,1,,38808
33656,39,44,1,,38809
33657,39,44,1,,38810
33658,39,44,1,,38811
33659,39,44,1,,38812
33660,39,44,1,,38813
33661,39,44,1,,38814
33662,39,44,1,,38815
33663,39,44,1,,38816
33664,39,44,1,,38817
33665,39,44,1,,38818
33666,39,44,1,,38819
33667,39,44,1,,38820
33668,39,44,1,,38821
33669,39,44,1,,38822
33670,39,44,1,,38823
33671,39,44,1,,38824
33672,39,44,1,,38825
33673,39,44,1,,38826
33674,39,44,1,,38827
33675,39,44,1,,38828
33676,39,3,1,,38829
33677,39,1,2,,38830
33678,11,,1,,38831
33679,39,3,1,,38832
33680,39,3,1,,38833
33681,39,1,1,,38834
33682,39,3,1,,38835
33683,39,1,2,,38836
33684,23,5,1,,38836
33685,39,1,1,,38837
33686,39,3,1,,38838
33687,39,1,2,,38839
33688,39,1,2,,38840
33689,23,7,1,,38840
33690,39,1,2,,38841
33691,39,3,1,,38842
33692,36,,1,,38843
33693,36,,1,,38844
33694,36,,1,,38845
33695,36,,2,,38846
33696,39,3,1,,38847
33697,8,,1,,38848
33698,23,7,1,,38849
33699,39,1,2,,38850
33700,23,7,1,,38850
33701,39,3,1,,38851
33702,11,,1,,38852
33703,39,3,1,,38853
33704,39,1,1,,38854
33705,23,7,2,,38854
33706,39,1,2,,38855
33707,39,1,1,,38856
33708,39,1,1,,38857
33709,39,1,1,,38858
33710,39,3,1,,38859
33711,39,1,1,,38860
33712,39,3,1,,38861
33713,39,1,2,,38862
33714,39,1,1,,38863
33715,39,1,1,,38864
33716,39,1,1,,38865
33717,39,1,1,,38866
33718,39,1,1,,38867
33719,39,1,1,,38868
33720,23,7,1,,38868
33721,39,1,2,,38869
33722,39,1,2,,38870
33723,39,1,1,,38871
33724,39,1,2,,38872
33725,23,7,1,,38872
33726,39,1,1,,38873
33727,39,3,1,,38874
33728,39,3,1,,38875
33729,39,1,2,,38876
33730,39,1,2,,38877
33731,39,3,1,,38878
33732,39,3,1,,38879
33733,39,1,1,,38880
33734,39,1,1,,38881
33735,23,7,1,,38881
33736,39,1,1,,38882
33737,23,7,1,,38882
33738,39,1,2,,38883
33739,39,1,1,,38884
33740,39,1,1,,38885
33741,39,1,1,,38886
33742,39,1,1,,38887
33743,23,7,1,,38887
33744,39,1,1,,38888
33745,11,,1,,38889
33746,36,,1,,38890
33747,39,1,2,,38891
33748,39,1,2,,38892
33749,39,1,1,,38893
33750,36,,1,,38894
33751,39,3,1,,38895
33752,39,1,1,,38896
33753,11,,1,,38897
33754,11,,1,,38898
33755,11,,1,,38899
33756,39,3,1,,38900
33757,39,1,1,,38901
33758,39,1,1,,38902
33759,23,7,1,,38902
33760,39,1,1,,38903
33761,39,1,2,,38904
33762,39,1,1,,38905
33763,39,3,1,,38906
33764,39,1,1,,38907
33765,39,1,1,,38908
33766,39,1,1,,38909
33767,39,1,1,,38910
33768,39,1,1,,38911
33769,39,1,2,,38912
33770,39,3,1,,38913
33771,39,1,1,,38914
33772,23,7,2,,38914
33773,39,1,2,,38915
33774,23,7,1,,38915
33775,39,1,2,,38916
33776,39,1,2,,38917
33777,39,1,2,,38918
33778,39,1,1,,38919
33779,39,1,1,,38920
33780,39,1,1,,38921
33781,39,1,1,,38922
33782,8,,1,,38923
33783,39,1,2,,38924
33784,39,1,1,,38925
33785,39,1,1,,38926
33786,39,1,2,,38927
33787,39,1,1,,38928
33788,39,3,1,,38929
33789,39,3,1,,38930
33790,36,,1,,38931
33791,36,,1,,38932
33792,36,,1,,38933
33793,39,1,1,,38934
33794,39,1,2,,38935
33795,39,1,1,,38936
33796,39,3,1,,38937
33797,39,1,1,,38938
33798,39,1,1,,38939
33799,39,1,2,,38940
33800,39,3,1,,38941
33801,39,3,1,,38942
33802,36,,1,,38943
33803,39,1,1,,38944
33804,39,1,1,,38945
33805,39,1,1,,38946
33806,39,1,1,,38947
33807,39,1,1,,38948
33808,39,1,1,,38949
33809,39,3,1,,38950
33810,39,3,1,,38951
33811,39,3,1,,38952
33812,39,1,1,,38953
33813,39,1,1,,38954
33814,39,1,1,,38955
33815,39,1,1,,38956
33816,23,7,1,,38956
33817,39,1,2,,38957
33818,39,1,1,,38958
33819,39,1,1,,38959
33820,39,1,1,,38960
33821,39,1,1,,38961
33822,39,1,1,,38962
33823,39,1,1,,38963
33824,39,1,1,,38964
33825,39,1,2,,38965
33826,39,1,1,,38966
33827,39,1,2,,38967
33828,39,1,2,,38968
33829,39,3,1,,38969
33830,36,,1,,38970
33831,36,,1,,38971
33832,36,,1,,38972
33833,36,,1,,38973
33834,36,,1,,38974
33835,36,,1,,38975
33836,36,,1,,38976
33837,39,1,1,,38977
33838,39,3,1,,38978
33839,39,1,1,,38979
33840,39,3,1,,38980
33841,39,3,1,,38981
33842,39,1,2,,38982
33843,39,1,1,,38983
33844,39,1,2,,38984
33845,39,3,1,,38985
33846,39,1,1,,38986
33847,23,5,1,,38986
33848,39,1,2,,38987
33849,39,1,1,,38988
33850,39,1,1,,38989
33851,39,3,1,,38990
33852,11,,1,,38991
33853,39,3,1,,38992
33854,23,5,1,,38993
33855,39,1,1,,38994
33856,23,5,1,,38994
33857,39,3,1,,38995
33858,39,1,1,,38996
33859,39,1,2,,38997
33860,39,3,1,,38998
33861,39,3,1,,38999
33862,39,1,1,,39000
33863,11,,1,,39001
33864,11,,1,,39002
33865,39,1,1,,39003
33866,39,1,1,,39004
33867,39,3,1,,39005
33868,39,3,1,,39006
33869,36,,1,,39007
33870,36,,1,,39008
33871,39,1,1,,39009
33872,39,3,1,,39010
33873,39,3,1,,39011
33874,39,1,1,,39012
33875,39,1,2,,39013
33876,39,1,2,,39014
33877,39,1,3,,39015
33878,39,1,1,,39016
33879,39,1,2,,39017
33880,39,1,1,,39018
33881,39,1,2,,39019
33882,11,,1,,39020
33883,11,,1,,39021
33884,39,1,1,,39022
33885,39,3,1,,39023
33886,23,5,1,,39024
33887,39,1,2,,39025
33888,23,7,1,,39026
33889,39,1,2,,39027
33890,39,1,1,,39028
33891,39,1,1,,39029
33892,11,,1,,39030
33893,39,1,1,,39031
33894,39,1,2,,39032
33895,39,1,1,,39033
33896,23,7,1,,39033
33897,39,1,1,,39034
33898,23,7,1,,39034
33899,39,1,1,,39035
33900,39,1,1,,39036
33901,39,1,1,,39037
33902,39,1,2,,39038
33903,23,7,1,,39038
33904,39,1,1,,39039
33905,39,1,2,,39040
33906,39,1,1,,39041
33907,39,1,1,,39042
33908,39,1,2,,39043
33909,39,1,1,,39044
33910,39,1,1,,39045
33911,23,7,1,,39045
33912,39,1,1,,39046
33913,11,,1,,39047
33914,39,1,2,,39048
33915,39,3,1,,39049
33916,39,1,1,,39050
33917,39,3,1,,39051
33918,39,1,1,,39052
33919,39,3,1,,39053
33920,39,3,1,,39054
33921,36,,1,,39055
33922,36,,1,,39056
33923,36,,1,,39057
33924,36,,1,,39058
33925,39,1,1,,39059
33926,36,,2,,39060
33927,36,,1,,39061
33928,36,,2,,39062
33929,36,,1,,39063
33930,39,3,1,,39064
33931,39,1,1,,39065
33932,39,1,2,,39066
33933,39,1,1,,39067
33934,11,,1,,39068
33935,39,1,1,,39069
33936,39,1,1,,39070
33937,39,1,1,,39071
33938,23,7,1,,39071
33939,39,3,1,,39072
33940,39,1,1,,39073
33941,39,1,2,,39074
33942,39,1,1,,39075
33943,39,1,1,,39076
33944,39,1,1,,39077
33945,39,1,1,,39078
33946,39,1,1,,39079
33947,39,1,1,,39080
33948,39,1,1,,39081
33949,39,1,1,,39082
33950,39,1,1,,39083
33951,23,7,1,,39083
33952,39,1,2,,39084
33953,39,3,1,,39085
33954,39,3,1,,39086
33955,36,,2,,39087
33956,23,5,1,,39088
33957,36,,3,,39089
33958,36,,1,,39090
33959,39,1,1,,39091
33960,39,3,1,,39092
33961,39,1,2,,39093
33962,39,1,2,,39094
33963,11,,1,,39095
33964,39,3,1,,39096
33965,39,1,2,,39097
33966,39,1,2,,39098
33967,36,,1,,39099
33968,39,1,1,,39100
33969,39,1,2,,39101
33970,23,7,1,,39101
33971,39,1,2,,39102
33972,23,7,1,,39102
33973,39,1,1,,39103
33974,39,3,1,,39104
33975,39,1,1,,39105
33976,39,1,1,,39106
33977,11,,1,,39107
33978,39,3,1,,39108
33979,39,3,1,,39109
33980,39,1,1,,39110
33981,39,3,1,,39111
33982,36,,1,,39112
33983,39,1,1,,39113
33984,39,1,1,,39114
33985,39,1,1,,39115
33986,39,1,1,,39116
33987,39,1,2,,39117
33988,11,,1,,39118
33989,11,,1,,39119
33990,39,3,1,,39120
33991,39,3,1,,39121
33992,39,1,1,,39122
33993,39,1,2,,39123
33994,39,1,2,,39124
33995,39,3,1,,39125
33996,39,1,2,,39126
33997,39,1,1,,39127
33998,39,1,1,,39128
33999,39,1,1,,39129
34000,11,,1,,39130
34001,36,,1,,39131
34002,22,,1,,39132
34003,11,,1,,39133
34004,39,3,1,,39134
34005,39,3,1,,39135
34006,23,5,1,,39136
34007,39,1,1,,39137
34008,39,1,1,,39138
34009,39,1,1,,39139
34010,39,1,1,,39140
34011,39,1,2,,39141
34012,39,3,1,,39142
34013,39,1,2,,39143
34014,39,1,1,,39144
34015,39,1,2,,39145
34016,39,1,1,,39146
34017,39,1,2,,39147
34018,39,1,1,,39148
34019,11,,1,,39149
34020,39,1,1,,39150
34021,23,7,2,,39151
34022,11,,1,,39152
34023,39,3,1,,39153
34024,39,1,1,,39154
34025,39,1,1,,39155
34026,11,,1,,39156
34027,11,,1,,39157
34028,39,1,1,,39158
34029,39,1,1,,39159
34030,39,1,2,,39160
34031,39,1,2,,39161
34032,39,1,1,,39162
34033,39,3,1,,39163
34034,39,3,1,,39164
34035,39,1,1,,39165
34036,39,3,1,,39166
34037,39,1,1,,39167
34038,39,1,1,,39168
34039,39,1,2,,39169
34040,23,7,1,,39169
34041,39,1,1,,39170
34042,39,1,1,,39171
34043,39,1,2,,39172
34044,39,3,1,,39173
34045,39,1,1,,39174
34046,39,1,1,,39175
34047,39,1,2,,39176
34048,39,1,1,,39177
34049,39,1,2,,39178
34050,39,3,1,,39179
34051,11,,1,,39180
34052,39,1,2,,39181
34053,39,3,1,,39182
34054,39,3,1,,39183
34055,11,,1,,39184
34056,36,,1,,39185
34057,39,1,1,,39186
34058,23,7,1,,39186
34059,39,1,1,,39187
34060,39,1,2,,39188
34061,23,5,1,,39188
34062,39,1,2,,39189
34063,39,3,1,,39190
34064,39,1,1,,39191
34065,39,1,1,,39192
34066,39,1,1,,39193
34067,39,1,2,,39194
34068,39,1,2,,39195
34069,39,1,1,,39196
34070,39,3,1,,39197
34071,39,1,1,,39198
34072,39,1,1,,39199
34073,39,1,2,,39200
34074,39,1,1,,39201
34075,39,1,2,,39202
34076,39,1,2,,39203
34077,39,1,2,,39204
34078,39,1,1,,39205
34079,39,3,1,,39206
34080,39,1,2,,39207
34081,39,1,1,,39208
34082,39,1,1,,39209
34083,39,1,1,,39210
34084,39,1,2,,39211
34085,39,1,2,,39212
34086,39,1,2,,39213
34087,39,1,1,,39214
34088,39,1,2,,39215
34089,39,1,2,,39216
34090,39,1,2,,39217
34091,39,3,1,,39218
34092,39,1,1,,39219
34093,39,1,2,,39220
34094,39,3,1,,39221
34095,39,1,2,,39222
34096,39,3,1,,39223
34097,39,1,2,,39224
34098,39,1,1,,39225
34099,39,1,1,,39226
34100,39,1,1,,39227
34101,23,7,1,,39227
34102,11,,1,,39228
34103,39,3,1,,39229
34104,36,,1,,39230
34105,39,1,1,,39231
34106,39,1,1,,39232
34107,39,1,1,,39233
34108,23,5,1,,39233
34109,39,1,1,,39234
34110,23,5,1,,39235
34111,39,1,2,,39236
34112,39,3,1,,39237
34113,39,1,1,,39238
34114,39,1,1,,39239
34115,39,1,1,,39240
34116,36,,1,,39241
34117,39,1,1,,39242
34118,39,1,1,,39243
34119,39,1,1,,39244
34120,39,3,1,,39245
34121,36,,1,,39246
34122,39,1,1,,39247
34123,23,7,1,,39247
34124,39,1,2,,39248
34125,39,3,1,,39249
34126,39,1,1,,39250
34127,39,1,1,,39251
34128,39,1,2,,39252
34129,8,,1,,39253
34130,11,,1,,39254
34131,36,,1,,39255
34132,39,1,1,,39256
34133,39,1,1,,39257
34134,23,7,1,,39257
34135,39,1,1,,39258
34136,39,1,1,,39259
34137,39,1,1,,39260
34138,39,1,1,,39261
34139,23,5,1,,39261
34140,39,1,1,,39262
34141,39,3,1,,39263
34142,23,5,1,,39264
34143,39,3,1,,39265
34144,39,3,1,,39266
34145,39,1,1,,39267
34146,23,7,2,,39268
34147,11,,1,,39269
34148,39,3,1,,39270
34149,39,1,1,,39271
34150,39,1,2,,39272
34151,23,5,1,,39273
34152,39,1,1,,39274
34153,39,1,1,,39275
34154,39,1,1,,39276
34155,23,7,1,,39277
34156,39,3,1,,39278
34157,39,1,1,,39279
34158,39,1,2,,39280
34159,36,,1,,39281
34160,36,,1,,39282
34161,39,3,1,,39283
34162,23,7,1,,39284
34163,39,1,1,,39285
34164,39,1,1,,39286
34165,39,1,2,,39287
34166,39,1,1,,39288
34167,39,1,1,,39289
34168,11,,1,,39290
34169,39,1,1,,39291
34170,39,1,2,,39292
34171,39,1,1,,39293
34172,39,1,1,,39294
34173,39,1,1,,39295
34174,39,1,1,,39296
34175,39,1,2,,39297
34176,39,1,1,,39298
34177,39,1,2,,39299
34178,39,1,2,,39300
34179,39,1,1,,39301
34180,11,,1,,39302
34181,39,1,2,,39303
34182,39,1,1,,39304
34183,11,,1,,39305
34184,36,,1,,39306
34185,36,,1,,39307
34186,39,1,1,,39308
34187,39,1,2,,39309
34188,39,1,2,,39310
34189,39,1,2,,39311
34190,23,7,3,,39311
34191,39,1,1,,39312
34192,23,7,1,,39312
34193,39,1,1,,39313
34194,23,7,1,,39313
34195,39,3,1,,39314
34196,39,1,1,,39315
34197,23,7,2,,39315
34198,11,,1,,39316
34199,39,1,1,,39317
34200,39,1,1,,39318
34201,39,1,2,,39319
34202,39,3,1,,39320
34203,39,1,1,,39321
34204,39,1,2,,39322
34205,39,1,2,,39323
34206,39,1,1,,39324
34207,39,1,1,,39325
34208,39,1,2,,39326
34209,39,1,2,,39327
34210,39,1,2,,39328
34211,39,1,1,,39329
34212,23,7,1,,39329
34213,39,1,1,,39330
34214,39,1,2,,39331
34215,39,1,2,,39332
34216,39,1,2,,39333
34217,11,,1,,39334
34218,39,1,2,,39335
34219,11,,1,,39336
34220,39,1,2,,39337
34221,23,5,1,,39337
34222,39,1,1,,39338
34223,39,1,1,,39339
34224,39,1,2,,39340
34225,39,1,1,,39341
34226,39,1,1,,39342
34227,39,1,1,,39343
34228,11,,1,,39344
34229,39,1,1,,39345
34230,23,5,1,,39345
34231,39,3,1,,39346
34232,39,1,2,,39347
34233,23,7,1,,39347
34234,39,1,1,,39348
34235,39,3,1,,39349
34236,39,1,1,,39350
34237,39,1,1,,39351
34238,23,7,1,,39351
34239,39,3,1,,39352
34240,39,1,1,,39353
34241,39,1,2,,39354
34242,23,7,1,,39354
34243,39,1,2,,39355
34244,23,5,1,,39355
34245,39,1,1,,39356
34246,39,1,1,,39357
34247,39,3,1,,39358
34248,39,1,1,,39359
34249,39,1,1,,39360
34250,39,1,2,,39361
34251,39,1,1,,39362
34252,39,1,1,,39363
34253,39,1,1,,39364
34254,39,1,2,,39365
34255,39,1,2,,39366
34256,39,1,1,,39367
34257,39,1,2,,39368
34258,39,1,2,,39369
34259,39,1,1,,39370
34260,39,3,1,,39371
34261,39,1,4,,39372
34262,39,3,1,,39373
34263,39,3,1,,39374
34264,39,3,1,,39375
34265,39,1,2,,39376
34266,39,1,1,,39377
34267,39,1,1,,39378
34268,39,1,3,,39379
34269,36,,1,,39380
34270,36,,1,,39381
34271,39,3,1,,39382
34272,39,1,2,,39383
34273,39,1,2,,39384
34274,39,1,2,,39385
34275,39,3,1,,39386
34276,39,1,2,,39387
34277,39,1,2,,39388
34278,39,1,2,,39389
34279,36,,1,,39390
34280,39,1,1,,39391
34281,39,3,1,,39392
34282,39,6,1,,39393
34283,39,6,2,,39394
34284,39,1,1,,39395
34285,39,1,1,,39396
34286,39,3,1,,39397
34287,39,3,1,,39398
34288,39,1,2,,39399
34289,39,3,1,,39400
34290,39,1,2,,39401
34291,11,,1,,39402
34292,11,,1,,39403
34293,39,1,1,,39404
34294,23,,1,,39404
34295,8,,1,,39405
34296,39,1,1,,39406
34297,23,5,2,,39407
34298,39,1,2,,39408
34299,39,1,1,,39409
34300,39,3,1,,39410
34301,39,1,1,,39411
34302,11,,1,,39412
34303,39,1,1,,39413
34304,39,1,1,,39414
34305,41,,1,,39415
34306,39,1,2,,39416
34307,39,1,1,,39417
34308,39,1,1,,39418
34309,39,1,1,,39419
34310,39,1,1,,39420
34311,39,1,2,,39421
34312,39,1,1,,39422
34313,23,7,1,,39423
34314,39,1,1,,39424
34315,39,3,1,,39425
34316,39,3,1,,39426
34317,39,1,1,,39427
34318,39,3,1,,39428
34319,39,1,1,,39429
34320,39,1,2,,39430
34321,39,1,2,,39431
34322,39,1,1,,39432
34323,23,7,2,,39432
34324,39,1,1,,39433
34325,39,3,1,,39434
34326,39,3,1,,39435
34327,23,7,1,,39436
34328,39,1,1,,39437
34329,23,7,1,,39437
34330,39,3,1,,39438
34331,23,7,1,,39439
34332,39,1,1,,39440
34333,11,,1,,39441
34334,39,3,1,,39442
34335,39,1,1,,39443
34336,39,1,1,,39444
34337,39,1,1,,39445
34338,39,1,2,,39446
34339,39,1,2,,39447
34340,11,,1,,39448
34341,39,1,1,,39449
34342,39,1,2,,39450
34343,39,1,1,,39451
34344,39,1,1,,39452
34345,39,1,1,,39453
34346,39,1,1,,39454
34347,39,1,1,,39455
34348,39,1,1,,39456
34349,39,1,1,,39457
34350,39,1,1,,39458
34351,39,1,2,,39459
34352,39,1,1,,39460
34353,39,1,1,,39461
34354,39,1,1,,39462
34355,39,3,1,,39463
34356,39,1,3,,39464
34357,39,1,2,,39465
34358,39,1,1,,39466
34359,39,1,1,,39467
34360,39,3,1,,39468
34361,39,1,1,,39469
34362,23,7,1,,39469
34363,39,3,1,,39470
34364,39,1,2,,39471
34365,39,1,1,,39472
34366,39,1,2,,39473
34367,39,1,2,,39474
34368,11,,1,,39475
34369,36,,1,,39476
34370,36,,1,,39477
34371,36,,1,,39478
34372,36,,1,,39479
34373,11,,1,,39480
34374,39,3,1,,39481
34375,23,5,1,,39482
34376,39,1,2,,39483
34377,39,1,1,,39484
34378,23,7,1,,39484
34379,39,1,1,,39485
34380,39,1,1,,39486
34381,39,3,1,,39487
34382,39,1,1,,39488
34383,39,1,2,,39489
34384,39,1,2,,39490
34385,39,1,1,,39491
34386,39,1,1,,39492
34387,39,1,2,,39493
34388,39,1,1,,39494
34389,39,1,2,,39495
34390,39,3,1,,39496
34391,39,1,2,,39497
34392,23,7,2,,39497
34393,39,1,2,,39498
34394,39,1,1,,39499
34395,39,3,1,,39500
34396,39,1,1,,39501
34397,39,1,2,,39502
34398,39,4,1,,39503
34399,66,,1,,39503
34400,39,1,1,,39504
34401,23,7,1,,39504
34402,39,1,2,,39505
34403,39,1,1,,39506
34404,39,1,2,,39507
34405,39,1,1,,39508
34406,23,5,1,,39509
34407,39,1,1,,39510
34408,39,1,1,,39511
34409,39,1,1,,39512
34410,39,1,2,,39513
34411,39,3,1,,39514
34412,39,1,1,,39515
34413,39,1,2,,39516
34414,39,1,1,,39517
34415,39,1,1,,39518
34416,39,1,1,,39519
34417,23,5,2,,39520
34418,39,1,1,,39521
34419,39,1,1,,39522
34420,23,5,1,,39522
34421,39,3,1,,39523
34422,39,1,1,,39524
34423,39,1,1,,39525
34424,11,,1,,39526
34425,39,1,2,,39527
34426,39,1,1,,39528
34427,39,3,1,,39529
34428,39,3,1,,39530
34429,39,1,1,,39531
34430,11,,1,,39532
34431,39,1,1,,39533
34432,39,1,1,,39534
34433,23,7,2,,39534
34434,39,1,1,,39535
34435,36,,1,,39536
34436,39,1,1,,39537
34437,23,5,1,,39537
34438,39,1,1,,39538
34439,39,1,1,,39539
34440,23,7,1,,39539
34441,39,1,1,,39540
34442,23,7,1,,39541
34443,39,1,1,,39542
34444,39,1,2,,39543
34445,39,1,1,,39544
34446,39,3,1,,39545
34447,36,,1,,39546
34448,36,,1,,39547
34449,39,1,1,,39548
34450,39,3,1,,39549
34451,11,,1,,39550
34452,39,3,1,,39551
34453,39,1,1,,39552
34454,39,1,1,,39553
34455,39,1,1,,39554
34456,39,1,1,,39555
34457,39,1,1,,39556
34458,36,,1,,39557
34459,11,,1,,39558
34460,39,1,1,,39559
34461,39,1,1,,39560
34462,39,1,1,,39561
34463,39,1,1,,39562
34464,39,1,1,,39563
34465,39,1,1,,39564
34466,39,1,1,,39565
34467,39,1,1,,39566
34468,39,3,1,,39567
34469,39,3,1,,39568
34470,39,3,1,,39569
34471,39,3,1,,39570
34472,39,1,1,,39571
34473,11,,1,,39572
34474,39,1,1,,39573
34475,39,1,2,,39574
34476,39,1,1,,39575
34477,39,1,2,,39576
34478,39,1,1,,39577
34479,23,7,1,,39577
34480,39,1,2,,39578
34481,39,1,1,,39579
34482,39,1,1,,39580
34483,39,3,1,,39581
34484,11,,1,,39582
34485,11,,1,,39583
34486,39,1,1,,39584
34487,39,1,1,,39585
34488,23,7,1,,39585
34489,39,3,1,,39586
34490,23,7,1,,39587
34491,39,3,1,,39588
34492,39,1,1,,39589
34493,23,7,1,,39589
34494,39,1,2,,39590
34495,23,7,1,,39591
34496,39,1,1,,39592
34497,11,,1,,39593
34498,39,3,1,,39594
34499,39,3,1,,39595
34500,39,3,1,,39596
34501,39,3,1,,39597
34502,39,1,1,,39598
34503,39,3,1,,39599
34504,39,4,1,,39600
34505,66,,1,,39600
34506,39,1,1,,39601
34507,39,1,1,,39602
34508,11,,1,,39603
34509,11,,1,,39604
34510,39,3,1,,39605
34511,39,3,1,,39606
34512,11,,1,,39607
34513,11,,1,,39608
34514,39,3,1,,39609
34515,39,3,1,,39610
34516,39,3,1,,39611
34517,39,1,3,,39612
34518,39,1,2,,39613
34519,39,1,2,,39614
34520,39,1,1,,39615
34521,39,3,1,,39616
34522,39,1,2,,39617
34523,11,,1,,39618
34524,39,1,2,,39619
34525,39,1,1,,39620
34526,39,1,2,,39621
34527,11,,1,,39622
34528,39,1,2,,39623
34529,39,3,1,,39624
34530,41,,1,,39625
34531,39,1,2,,39626
34532,39,1,1,,39627
34533,39,1,1,,39628
34534,39,1,2,,39629
34535,39,3,1,,39630
34536,39,1,1,,39631
34537,39,1,2,,39632
34538,23,7,1,,39632
34539,39,3,1,,39633
34540,39,1,1,,39634
34541,23,7,2,,39634
34542,39,1,2,,39635
34543,39,3,1,,39636
34544,39,3,1,,39637
34545,11,,1,,39638
34546,39,1,1,,39639
34547,11,,1,,39640
34548,8,,1,,39641
34549,41,,1,,39642
34550,39,3,1,,39643
34551,39,3,1,,39644
34552,39,3,1,,39645
34553,11,,1,,39646
34554,39,1,1,,39647
34555,39,8,1,,39648
34556,39,1,1,,39649
34557,39,1,1,,39650
34558,39,1,2,,39651
34559,39,3,1,,39652
34560,39,3,1,,39653
34561,39,1,1,,39654
34562,11,,1,,39655
34563,39,1,1,,39656
34564,39,3,1,,39657
34565,39,3,1,,39658
34566,11,,1,,39659
34567,11,,1,,39660
34568,39,3,1,,39661
34569,39,1,1,,39662
34570,23,7,1,,39662
34571,39,1,1,,39663
34572,39,1,1,,39664
34573,39,1,1,,39665
34574,39,3,1,,39666
34575,39,1,1,,39667
34576,39,1,1,,39668
34577,39,1,2,,39669
34578,39,1,1,,39670
34579,39,1,1,,39671
34580,39,1,1,,39672
34581,39,3,1,,39673
34582,23,7,2,,39674
34583,39,1,1,,39675
34584,39,1,1,,39676
34585,39,1,1,,39677
34586,39,1,1,,39678
34587,39,1,1,,39679
34588,39,1,1,,39680
34589,39,1,1,,39681
34590,11,,1,,39682
34591,39,3,1,,39683
34592,11,,1,,39684
34593,36,,1,,39685
34594,39,3,1,,39686
34595,39,1,1,,39687
34596,39,1,1,,39688
34597,39,1,1,,39689
34598,39,1,2,,39690
34599,23,5,1,,39691
34600,39,4,1,,39692
34601,66,,1,,39692
34602,39,1,1,,39693
34603,11,,1,,39694
34604,39,3,1,,39695
34605,39,3,1,,39696
34606,36,,1,,39697
34607,36,,2,,39698
34608,39,1,1,,39699
34609,23,7,1,,39699
34610,39,1,1,,39700
34611,39,1,1,,39701
34612,39,1,1,,39702
34613,39,1,2,,39703
34614,39,1,1,,39704
34615,11,,1,,39705
34616,39,1,1,,39706
34617,23,7,1,,39706
34618,39,1,1,,39707
34619,39,1,1,,39708
34620,39,3,1,,39709
34621,39,3,1,,39710
34622,39,1,1,,39711
34623,39,1,1,,39712
34624,39,1,1,,39713
34625,39,3,1,,39714
34626,39,1,3,,39715
34627,39,3,1,,39716
34628,39,1,1,,39717
34629,23,7,1,,39717
34630,39,1,1,,39718
34631,39,1,2,,39719
34632,39,1,1,,39720
34633,39,1,2,,39721
34634,39,1,2,,39722
34635,23,7,1,,39722
34636,39,1,1,,39723
34637,23,7,1,,39723
34638,39,1,1,,39724
34639,39,1,1,,39725
34640,39,1,2,,39726
34641,23,7,1,,39726
34642,39,1,2,,39727
34643,39,3,1,,39728
34644,39,1,1,,39729
34645,39,1,1,,39730
34646,39,1,1,,39731
34647,23,7,1,,39731
34648,39,1,1,,39732
34649,39,1,1,,39733
34650,39,1,1,,39734
34651,39,1,1,,39735
34652,39,1,1,,39736
34653,39,1,1,,39737
34654,39,1,1,,39738
34655,23,7,1,,39738
34656,39,1,1,,39739
34657,23,7,1,,39739
34658,39,1,1,,39740
34659,39,3,1,,39741
34660,39,3,1,,39742
34661,39,1,1,,39743
34662,23,7,1,,39743
34663,39,1,1,,39744
34664,23,5,1,,39744
34665,39,3,1,,39745
34666,23,5,1,,39746
34667,39,3,1,,39747
34668,39,1,1,,39748
34669,23,7,1,,39748
34670,39,1,2,,39749
34671,39,1,2,,39750
34672,39,1,1,,39751
34673,23,7,1,,39751
34674,39,1,2,,39752
34675,39,1,2,,39753
34676,39,1,1,,39754
34677,39,1,1,,39755
34678,23,7,1,,39755
34679,39,3,1,,39756
34680,39,1,2,,39757
34681,39,1,1,,39758
34682,39,3,1,,39759
34683,39,1,1,,39760
34684,39,3,1,,39761
34685,39,3,1,,39762
34686,39,1,1,,39763
34687,23,7,1,,39763
34688,39,3,1,,39764
34689,39,1,2,,39765
34690,39,1,2,,39766
34691,39,1,1,,39767
34692,39,1,1,,39768
34693,39,1,1,,39769
34694,39,1,1,,39770
34695,39,3,1,,39771
34696,39,1,1,,39772
34697,39,1,2,,39773
34698,36,,1,,39774
34699,36,,1,,39775
34700,39,1,1,,39776
34701,39,1,1,,39777
34702,39,1,1,,39778
34703,39,1,1,,39779
34704,39,1,1,,39780
34705,39,1,1,,39781
34706,39,1,1,,39782
34707,39,1,1,,39783
34708,11,,1,,39784
34709,11,,1,,39785
34710,11,,1,,39786
34711,11,,1,,39787
34712,39,3,1,,39788
34713,39,1,1,,39789
34714,39,1,1,,39790
34715,11,,1,,39791
34716,39,1,1,,39792
34717,39,1,1,,39793
34718,39,1,1,,39794
34719,23,7,1,,39794
34720,39,1,1,,39795
34721,39,1,1,,39796
34722,39,1,1,,39797
34723,39,3,1,,39798
34724,23,7,1,,39799
34725,39,1,1,,39800
34726,23,5,2,,39800
34727,39,1,2,,39801
34728,11,,1,,39802
34729,36,,1,,39803
34730,39,1,1,,39804
34731,11,,1,,39805
34732,39,1,1,,39806
34733,39,1,1,,39807
34734,23,5,2,,39808
34735,39,1,2,,39809
34736,39,1,1,,39810
34737,11,,1,,39811
34738,11,,1,,39812
34739,39,3,1,,39813
34740,39,3,1,,39814
34741,11,,1,,39815
34742,23,5,1,,39816
34743,39,1,1,,39817
34744,39,1,2,,39818
34745,39,1,1,,39819
34746,39,1,1,,39820
34747,39,1,1,,39821
34748,23,5,1,,39821
34749,39,1,1,,39822
34750,39,1,1,,39823
34751,39,1,1,,39824
34752,23,7,2,,39824
34753,39,1,2,,39825
34754,39,1,1,,39826
34755,39,1,1,,39827
34756,39,3,1,,39828
34757,39,3,1,,39829
34758,39,1,1,,39830
34759,11,,1,,39831
34760,11,,1,,39832
34761,11,,1,,39833
34762,39,1,1,,39834
34763,39,3,1,,39835
34764,39,1,1,,39836
34765,39,3,1,,39837
34766,39,1,1,,39838
34767,39,1,1,,39839
34768,23,7,1,,39839
34769,39,1,2,,39840
34770,11,,1,,39841
34771,39,1,2,,39842
34772,39,1,1,,39843
34773,39,3,1,,39844
34774,39,1,1,,39845
34775,39,3,1,,39846
34776,11,,1,,39847
34777,39,1,1,,39848
34778,39,1,1,,39849
34779,39,1,1,,39850
34780,39,1,1,,39851
34781,39,1,1,,39852
34782,39,1,1,,39853
34783,39,1,1,,39854
34784,39,1,1,,39855
34785,39,3,1,,39856
34786,39,3,1,,39857
34787,39,1,1,,39858
34788,39,1,2,,39859
34789,39,1,1,,39860
34790,39,3,1,,39861
34791,39,3,1,,39862
34792,39,3,1,,39863
34793,39,1,1,,39864
34794,39,1,1,,39865
34795,39,1,2,,39866
34796,39,1,1,,39867
34797,39,1,1,,39868
34798,39,1,2,,39869
34799,39,1,2,,39870
34800,39,1,2,,39871
34801,39,1,1,,39872
34802,39,1,1,,39873
34803,39,3,1,,39874
34804,39,3,1,,39875
34805,39,3,1,,39876
34806,39,1,1,,39877
34807,39,1,2,,39878
34808,39,1,1,,39879
34809,39,1,2,,39880
34810,39,1,2,,39881
34811,39,1,2,,39882
34812,39,1,1,,39883
34813,39,1,2,,39884
34814,39,1,2,,39885
34815,39,3,1,,39886
34816,11,,1,,39887
34817,39,3,1,,39888
34818,39,1,1,,39889
34819,39,3,1,,39890
34820,39,1,2,,39891
34821,23,5,2,,39891
34822,39,1,1,,39892
34823,39,1,1,,39893
34824,39,1,1,,39894
34825,39,1,1,,39895
34826,39,1,1,,39896
34827,39,1,1,,39897
34828,39,3,1,,39898
34829,39,1,2,,39899
34830,39,1,1,,39900
34831,39,1,2,,39901
34832,39,1,1,,39902
34833,39,3,1,,39903
34834,39,1,2,,39904
34835,39,1,2,,39905
34836,23,5,1,,39906
34837,39,1,1,,39907
34838,39,1,2,,39908
34839,39,1,1,,39909
34840,23,7,1,,39909
34841,39,1,1,,39910
34842,39,1,1,,39911
34843,39,1,2,,39912
34844,39,1,2,,39913
34845,39,1,1,,39914
34846,39,1,1,,39915
34847,39,1,2,,39916
34848,39,1,2,,39917
34849,11,,1,,39918
34850,39,1,1,,39919
34851,39,1,1,,39920
34852,39,1,1,,39921
34853,39,1,2,,39922
34854,39,1,2,,39923
34855,39,1,2,,39924
34856,39,1,1,,39925
34857,39,1,1,,39926
34858,39,1,2,,39927
34859,39,1,2,,39928
34860,39,1,1,,39929
34861,39,1,1,,39930
34862,39,1,2,,39931
34863,36,,3,,39932
34864,39,1,2,,39933
34865,39,1,1,,39934
34866,11,,1,,39935
34867,39,1,1,,39936
34868,39,1,1,,39937
34869,39,1,2,,39938
34870,39,1,2,,39939
34871,39,1,1,,39940
34872,39,1,1,,39941
34873,39,1,1,,39942
34874,39,1,1,,39943
34875,39,3,1,,39944
34876,39,1,1,,39945
34877,39,3,1,,39946
34878,11,,1,,39947
34879,39,3,1,,39948
34880,39,1,1,,39949
34881,39,1,1,,39950
34882,39,1,1,,39951
34883,39,1,1,,39952
34884,39,3,1,,39953
34885,39,1,1,,39954
34886,39,1,1,,39955
34887,23,7,1,,39955
34888,39,3,1,,39956
34889,39,1,1,,39957
34890,39,1,1,,39958
34891,11,,1,,39959
34892,39,3,1,,39960
34893,39,3,1,,39961
34894,39,1,1,,39962
34895,39,1,1,,39963
34896,39,1,2,,39964
34897,39,1,1,,39965
34898,39,3,1,,39966
34899,39,1,1,,39967
34900,23,5,1,,39967
34901,23,5,1,,39968
34902,39,1,2,,39969
34903,23,7,1,,39969
34904,39,1,2,,39970
34905,23,7,1,,39970
34906,39,3,1,,39971
34907,39,3,1,,39972
34908,11,,1,,39973
34909,39,3,1,,39974
34910,36,,1,,39975
34911,39,3,1,,39976
34912,11,,1,,39977
34913,39,3,1,,39978
34914,39,3,1,,39979
34915,39,1,1,,39980
34916,11,,1,,39981
34917,36,,1,,39982
34918,8,,1,,39983
34919,36,,1,,39984
34920,36,,1,,39985
34921,23,5,1,,39986
34922,39,1,2,,39987
34923,23,7,1,,39988
34924,39,1,1,,39989
34925,39,1,2,,39990
34926,39,1,1,,39991
34927,36,,1,,39992
34928,39,3,1,,39993
34929,11,,1,,39994
34930,39,3,1,,39995
34931,11,,1,,39996
34932,36,,1,,39997
34933,36,,1,,39998
34934,36,,1,,39999
34935,36,,2,,40000
34936,39,1,1,,40001
34937,39,1,1,,40002
34938,39,1,2,,40003
34939,39,1,1,,40004
34940,39,1,1,,40005
34941,11,,1,,40006
34942,39,1,1,,40007
34943,39,1,1,,40008
34944,23,7,1,,40008
34945,39,3,1,,40009
34946,39,1,1,,40010
34947,39,1,2,,40011
34948,39,1,2,,40012
34949,39,1,1,,40013
34950,11,,1,,40014
34951,39,1,1,,40015
34952,39,1,2,,40016
34953,39,1,3,,40017
34954,39,1,1,,40018
34955,39,1,2,,40019
34956,39,1,2,,40020
34957,39,1,1,,40021
34958,39,1,1,,40022
34959,39,3,1,,40023
34960,39,1,1,,40024
34961,39,1,1,,40025
34962,39,1,1,,40026
34963,39,1,1,,40027
34964,39,1,1,,40028
34965,39,1,2,,40029
34966,11,,1,,40030
34967,39,1,1,,40031
34968,39,1,1,,40032
34969,39,4,1,,40033
34970,66,,1,,40033
34971,39,1,1,,40034
34972,39,1,2,,40035
34973,39,3,1,,40036
34974,39,3,1,,40037
34975,39,1,1,,40038
34976,39,1,1,,40039
34977,39,1,2,,40040
34978,39,1,1,,40041
34979,39,1,1,,40042
34980,39,1,1,,40043
34981,39,1,1,,40044
34982,23,7,1,,40044
34983,39,1,1,,40045
34984,23,7,1,,40045
34985,39,1,1,,40046
34986,39,3,1,,40047
34987,39,3,1,,40048
34988,39,3,1,,40049
34989,39,1,1,,40050
34990,39,1,1,,40051
34991,39,3,1,,40052
34992,39,1,2,,40053
34993,39,1,2,,40054
34994,39,1,1,,40055
34995,23,7,1,,40055
34996,39,3,1,,40056
34997,39,1,1,,40057
34998,39,1,1,,40058
34999,23,7,1,,40058
35000,39,1,2,,40059
35001,39,1,1,,40060
35002,39,1,2,,40061
35003,39,1,1,,40062
35004,23,7,1,,40063
35005,39,1,2,,40064
35006,11,,1,,40065
35007,11,,1,,40066
35008,39,3,1,,40067
35009,39,1,1,,40068
35010,39,1,1,,40069
35011,39,1,1,,40070
35012,11,,1,,40071
35013,39,3,1,,40072
35014,39,1,1,,40073
35015,39,3,1,,40074
35016,39,1,2,,40075
35017,39,1,1,,40076
35018,39,1,1,,40077
35019,39,1,2,,40078
35020,39,1,1,,40079
35021,39,3,1,,40080
35022,39,1,2,,40081
35023,39,1,1,,40082
35024,39,1,1,,40083
35025,39,1,2,,40084
35026,11,,1,,40085
35027,36,,1,,40086
35028,36,,1,,40087
35029,39,1,1,,40088
35030,39,1,1,,40089
35031,39,1,1,,40090
35032,39,3,1,,40091
35033,39,1,1,,40092
35034,23,7,1,,40092
35035,39,1,2,,40093
35036,23,7,1,,40094
35037,23,7,2,,40095
35038,39,1,1,,40096
35039,39,1,1,,40097
35040,39,1,1,,40099
35041,39,1,1,,40098
35042,39,1,1,,40100
35043,39,1,2,,40101
35044,39,1,2,,40102
35045,39,1,1,,40104
35046,39,1,1,,40105
35047,39,3,1,,40106
35048,39,1,1,,40107
35049,39,3,1,,40108
35050,39,1,1,,40109
35051,39,1,1,,40110
35052,11,,1,,40111
35053,11,,1,,40112
35054,39,1,1,,40113
35055,39,1,1,,40114
35056,39,1,2,,40115
35057,39,1,1,,40116
35058,23,5,1,,40117
35059,39,1,1,,40118
35060,11,,1,,40119
35061,39,1,2,,40120
35062,39,1,2,,40121
35063,39,1,1,,40122
35064,39,3,1,,40123
35065,39,1,1,,40124
35066,39,3,1,,40125
35067,39,3,1,,40126
35068,39,3,1,,40127
35069,11,,1,,40128
35070,36,,1,,40129
35071,36,,1,,40130
35072,36,,1,,40131
35073,39,3,1,,40132
35074,39,3,1,,40133
35075,11,,1,,40134
35076,36,,1,,40135
35077,11,,1,,40136
35078,11,,1,,40137
35079,36,,1,,40138
35080,36,,1,,40139
35081,39,1,1,,40140
35082,39,3,1,,40141
35083,39,1,1,,40142
35084,39,1,1,,40143
35085,39,1,2,,40144
35086,39,1,1,,40145
35087,39,1,3,,40146
35088,39,1,2,,40147
35089,39,1,1,,40148
35090,23,5,1,,40149
35091,39,3,1,,40150
35092,39,1,2,,40151
35093,39,1,1,,40152
35094,39,1,1,,40153
35095,39,1,1,,40154
35096,39,1,1,,40155
35097,39,1,1,,40156
35098,39,1,1,,40157
35099,39,1,2,,40158
35100,36,,1,,40159
35101,11,,1,,40160
35102,11,,1,,40161
35103,11,,1,,40162
35104,11,,1,,40163
35105,39,1,1,,40164
35106,39,1,1,,40165
35107,39,1,1,,40166
35108,39,1,1,,40167
35109,39,1,1,,40168
35110,39,1,1,,40169
35111,39,1,2,,40170
35112,39,1,1,,40171
35113,39,1,2,,40172
35114,23,7,1,,40172
35115,39,1,2,,40173
35116,39,1,2,,40174
35117,39,1,1,,40175
35118,39,3,1,,40176
35119,39,3,1,,40177
35120,39,1,2,,40178
35121,39,1,2,,40179
35122,39,1,1,,40180
35123,39,4,1,,40181
35124,66,,1,,40181
35125,39,4,1,,40182
35126,66,,1,,40182
35127,39,1,1,,40183
35128,39,3,1,,40184
35129,39,3,1,,40185
35130,39,1,1,,40186
35131,39,1,1,,40187
35132,23,7,1,,40187
35133,39,1,1,,40188
35134,39,1,1,,40189
35135,23,7,2,,40190
35136,39,1,2,,40191
35137,39,3,1,,40192
35138,39,1,1,,40193
35139,39,1,1,,40194
35140,39,3,1,,40195
35141,39,3,1,,40196
35142,36,,1,,40197
35143,23,5,1,,40198
35144,39,3,1,,40199
35145,39,3,1,,40200
35146,11,,1,,40201
35147,11,,1,,40202
35148,39,3,1,,40203
35149,39,3,1,,40204
35150,39,3,1,,40205
35151,39,1,1,,40206
35152,23,7,1,,40206
35153,39,1,1,,40207
35154,39,1,1,,40208
35155,23,7,1,,40208
35156,39,3,1,,40209
35157,39,1,1,,40210
35158,23,7,1,,40210
35159,39,1,1,,40211
35160,39,1,1,,40212
35161,39,1,1,,40213
35162,23,7,1,,40213
35163,39,1,1,,40214
35164,39,3,1,,40215
35165,39,1,2,,40216
35166,11,,1,,40217
35167,39,1,1,,40218
35168,39,1,1,,40219
35169,39,1,1,,40220
35170,39,1,1,,40221
35171,39,1,1,,40222
35172,39,1,3,,40223
35173,11,,1,,40224
35174,39,3,1,,40225
35175,39,1,1,,40226
35176,36,,1,,40227
35177,36,,1,,40228
35178,39,1,1,,40229
35179,39,1,1,,40230
35180,39,1,1,,40231
35181,39,3,1,,40232
35182,11,,1,,40233
35183,39,1,2,,40234
35184,39,1,1,,40235
35185,39,1,1,,40236
35186,39,3,1,,40237
35187,39,1,2,,40238
35188,23,7,1,,40239
35189,39,1,1,,40240
35190,39,1,1,,40241
35191,39,1,1,,40242
35192,36,,1,,40243
35193,23,5,1,,40244
35194,39,1,2,,40245
35195,39,1,2,,40246
35196,39,1,2,,40247
35197,39,1,1,,40248
35198,39,1,1,,40249
35199,36,,1,,40250
35200,11,,1,,40251
35201,36,,1,,40252
35202,39,1,1,,40253
35203,39,1,1,,40254
35204,23,7,1,,40254
35205,39,1,1,,40255
35206,39,1,2,,40256
35207,39,1,1,,40257
35208,39,3,1,,40258
35209,39,1,1,,40259
35210,39,1,1,,40260
35211,23,5,1,,40261
35212,39,3,1,,40262
35213,39,1,1,,40263
35214,39,3,1,,40264
35215,39,3,1,,40265
35216,11,,1,,40266
35217,36,,1,,40267
35218,36,,1,,40268
35219,36,,1,,40269
35220,36,,1,,40270
35221,36,,1,,40271
35222,39,1,1,,40272
35223,39,1,1,,40273
35224,39,1,1,,40274
35225,39,1,2,,40275
35226,23,7,1,,40275
35227,39,1,2,,40276
35228,23,5,1,,40277
35229,39,1,1,,40278
35230,39,1,2,,40279
35231,39,3,1,,40280
35232,39,1,1,,40281
35233,39,1,1,,40282
35234,39,1,1,,40283
35235,55,,1,,40284
35236,39,1,1,,40285
35237,23,5,1,,40285
35238,39,1,1,,40286
35239,39,1,1,,40287
35240,11,,1,,40288
35242,39,1,1,,40289
35243,23,,1,,40289
35244,39,3,1,,40290
35245,39,1,1,,40291
35246,39,1,1,,40292
35247,39,1,1,,40293
35248,39,1,1,,40294
35249,23,7,1,,40294
35250,23,5,1,,40295
35251,39,1,1,,40296
35252,39,3,1,,40297
35253,39,3,1,,40298
35254,39,1,1,,40299
35255,39,1,2,,40300
35256,39,1,1,,40301
35257,39,3,1,,40302
35258,36,,1,,40303
35259,11,,1,,40304
35260,39,1,2,,40305
35261,39,1,1,,40306
35262,39,1,1,,40307
35263,39,1,1,,40308
35264,39,1,2,,40309
35265,39,1,1,,40310
35266,39,1,2,,40311
35267,39,1,1,,40312
35268,39,1,1,,40313
35269,39,1,2,,40314
35270,39,1,,,40315
35271,23,7,1,,40315
35272,39,1,1,,40316
35273,39,1,1,,40317
35274,23,7,1,,40317
35275,39,1,2,,40318
35276,39,1,1,,40319
35277,39,1,1,,40320
35278,39,1,1,,40321
35279,39,3,1,,40322
35280,39,3,1,,40323
35281,11,,1,,40324
35282,8,,1,,40325
35283,39,1,1,,40326
35284,39,3,1,,40327
35285,39,1,1,,40328
35286,39,1,1,,40329
35287,23,7,1,,40329
35288,39,1,1,,40330
35289,39,1,1,,40331
35290,39,1,1,,40332
35291,23,7,1,,40332
35292,39,1,1,,40333
35293,39,1,1,,40334
35294,39,1,1,,40335
35295,23,7,1,,40336
35296,39,1,2,,40337
35297,39,1,1,,40338
35298,23,5,1,,40338
35299,39,1,1,,40339
35300,39,1,3,,40340
35301,39,1,1,,40341
35302,39,1,1,,40342
35303,23,7,1,,40342
35304,39,1,3,,40343
35305,39,1,2,,40344
35306,39,1,1,,40345
35307,39,1,1,,40346
35308,39,1,1,,40347
35309,23,7,1,,40347
35310,39,1,1,,40348
35311,39,1,1,,40349
35312,39,1,1,,40350
35313,39,1,2,,40351
35314,39,1,1,,40352
35315,39,1,1,,40353
35316,39,1,1,,40354
35317,39,3,1,,40355
35318,39,3,1,,40356
35319,39,1,2,,40357
35320,23,7,1,,40357
35321,39,1,1,,40358
35322,11,,1,,40359
35323,39,1,1,,40360
35324,39,1,1,,40361
35325,39,1,1,,40362
35326,39,1,1,,40363
35327,39,1,1,,40364
35328,39,3,1,,40365
35329,39,1,1,,40366
35330,39,1,1,,40367
35331,23,7,1,,40367
35332,39,1,2,,40368
35333,39,3,1,,40369
35334,39,3,1,,40370
35335,39,1,1,,40371
35336,23,5,1,,40371
35337,39,1,1,,40372
35338,39,1,1,,40373
35339,39,3,1,,40374
35340,39,3,1,,40375
35341,11,,1,,40376
35342,39,1,2,,40377
35343,39,1,2,,40378
35344,39,1,1,,40379
35345,39,1,1,,40380
35346,39,1,3,,40381
35347,39,1,1,,40382
35348,39,1,2,,40383
35349,39,1,1,,40384
35350,23,7,1,,40384
35351,39,1,1,,40385
35352,39,3,1,,40386
35353,39,3,1,,40387
35354,39,1,1,,40388
35355,39,3,1,,40389
35356,39,1,2,,40390
35357,39,3,1,,40391
35358,39,1,1,,40392
35359,23,7,1,,40392
35360,39,1,2,,40393
35361,39,1,1,,40394
35362,39,3,1,,40395
35363,39,3,1,,40396
35364,39,1,1,,40397
35365,39,1,2,,40398
35366,39,3,1,,40399
35367,39,1,1,,40400
35368,39,1,1,,40401
35369,39,1,2,,40402
35370,39,1,1,,40403
35371,39,1,2,,40404
35372,39,1,2,,40405
35373,39,1,1,,40406
35374,39,1,1,,40407
35375,11,,1,,40408
35376,39,1,1,,40409
35377,39,1,1,,40410
35378,39,1,1,,40411
35379,23,5,1,,40412
35380,39,1,1,,40413
35381,39,1,1,,40414
35382,36,,1,,40415
35383,36,,1,,40416
35384,36,,1,,40417
35385,36,,2,,40418
35386,39,1,1,,40419
35387,23,5,1,,40419
35388,39,1,1,,40420
35389,39,1,1,,40421
35390,39,1,2,,40422
35391,39,3,1,,40423
35392,23,7,1,,40424
35393,39,1,1,,40425
35394,23,5,1,,40425
35395,39,1,1,,40426
35396,39,1,1,,40427
35397,39,1,1,,40428
35398,39,1,1,,40429
35399,39,6,1,,40430
35400,39,1,1,,40431
35401,39,1,1,,40432
35402,39,3,1,,40433
35403,39,1,1,,40434
35404,39,1,1,,40435
35405,39,3,1,,40436
35406,39,3,1,,40437
35407,23,5,1,,40438
35408,39,1,1,,40439
35409,39,1,1,,40440
35410,39,1,2,,40441
35411,39,1,1,,40442
35412,39,1,1,,40443
35413,23,7,1,,40444
35414,39,1,1,,40445
35415,23,7,1,,40445
35416,39,1,1,,40446
35417,39,1,1,,40447
35418,39,1,1,,40448
35419,39,1,2,,40449
35420,39,3,1,,40450
35421,11,,1,,40451
35422,36,,1,,40452
35423,36,,1,,40453
35424,36,,3,,40454
35425,36,,3,,40455
35426,39,1,1,,40456
35427,39,3,1,,40457
35428,39,3,1,,40458
35429,39,1,3,,40459
35430,39,1,1,,40460
35431,39,1,1,,40461
35432,39,3,1,,40462
35433,39,3,1,,40463
35434,39,1,2,,40464
35435,39,1,1,,40465
35436,39,3,1,,40466
35437,11,,1,,40467
35438,11,,1,,40468
35439,11,,1,,40469
35440,39,1,1,,40103
35441,39,1,1,,40470
35442,39,1,2,,40471
35443,39,1,1,,40472
35444,39,1,1,,40473
35445,39,1,1,,40474
35446,23,7,1,,40474
35447,39,1,1,,40475
35448,23,5,2,,40476
35449,39,1,3,,40477
35450,23,5,1,,40478
35451,11,,1,,40479
35452,23,5,1,,40480
35453,39,1,2,,40481
35454,23,5,1,,40482
35455,23,5,1,,40483
35456,39,1,3,,40484
35457,39,1,1,,40485
35458,23,5,1,,40485
35459,39,1,1,,40486
35460,23,7,1,,40486
35461,39,1,1,,40487
35462,23,7,2,,40487
35463,39,1,1,,40488
35464,39,1,1,,40489
35465,39,1,1,,40490
35466,23,7,1,,40490
35467,39,1,1,,40491
35468,39,3,2,,40492
35469,39,1,1,,40493
35470,39,1,1,,40494
35471,39,1,1,,40495
35472,39,1,1,,40496
35473,23,5,1,,40497
35474,39,1,1,,40498
35475,23,5,1,,40498
35476,39,1,1,,40499
35477,39,3,1,,40500
35478,39,1,1,,40501
35479,39,1,1,,40502
35480,23,7,1,,40502
35481,39,1,1,,40503
35482,23,5,1,,40504
35483,39,1,1,,40505
35484,11,,1,,40506
35485,39,1,1,,40507
35486,39,1,1,,40508
35487,23,5,1,,40508
35488,39,1,1,,40509
35489,39,1,1,,40510
35490,39,1,1,,40511
35491,23,5,2,,40511
35492,39,1,1,,40512
35493,39,1,1,,40513
35494,23,5,1,,40513
35495,39,1,2,,40514
35496,39,1,2,,40515
35497,39,1,1,,40516
35498,23,5,1,,40516
35499,23,7,1,,40517
35500,39,1,1,,40518
35501,23,5,1,,40519
35502,39,1,1,,40520
35503,39,1,1,,40521
35504,11,,1,,40522
35505,39,1,1,,40523
35506,39,1,1,,40524
35507,39,1,1,,40525
35508,39,1,1,,40526
35509,39,1,1,,40527
35510,39,1,1,,40528
35511,23,7,1,,40529
35512,39,1,1,,40530
35513,39,1,1,,40531
35514,39,3,1,,40532
35515,39,1,1,,40533
35516,23,5,1,,40533
35517,39,1,1,,40534
35518,23,5,2,,40534
35519,39,1,1,,40535
35520,39,1,1,,40536
35521,39,1,2,,40537
35522,23,7,1,,40537
35523,39,1,1,,40538
35524,36,,1,,40539
35525,22,,1,,40540
35526,23,5,1,,40541
35527,39,1,1,,40542
35528,39,3,1,,40543
35529,39,1,1,,40544
35530,39,1,1,,40545
35531,39,3,1,,40546
35532,39,1,2,,40547
35533,39,1,1,,40548
35534,23,,1,,40548
35535,39,1,1,,40549
35536,23,7,1,,40550
35537,39,3,1,,40551
35538,39,1,1,,40552
35539,23,7,1,,40552
35540,23,7,1,,40553
35541,39,1,1,,40554
35542,23,7,1,,40554
35543,39,1,1,,40555
35544,23,7,1,,40555
35545,39,1,3,,40556
35546,23,7,1,,40556
35547,23,5,1,,40557
35548,39,1,1,,40558
35549,39,1,1,,40559
35550,23,5,1,,40560
35551,39,1,1,,40561
35552,23,5,2,,40562
35553,39,1,1,,40563
35554,23,7,1,,40563
35555,39,1,1,,40564
35556,39,1,2,,40565
35557,39,3,1,,40566
35558,39,3,1,,40567
35559,39,3,1,,40568
35560,39,1,1,,40569
35561,23,5,1,,40570
35562,39,1,1,,40571
35563,23,5,1,,40572
35564,23,5,1,,40573
35565,11,,1,,40574
35566,39,1,1,,40575
35567,23,7,1,,40576
35568,39,1,1,,40577
35569,39,1,2,,40578
35570,23,7,1,,40578
35571,39,1,2,,40579
35572,39,1,1,,40580
35573,39,1,2,,40581
35574,11,,1,,40582
35575,39,1,1,,40583
35576,39,1,1,,40584
35577,39,1,1,,40585
35578,39,1,1,,40586
35579,23,7,1,,40587
35580,23,7,1,,40588
35581,39,1,1,,40589
35582,39,3,1,,40590
35583,39,1,1,,40591
35584,23,7,1,,40591
35585,39,1,1,,40592
35586,39,1,2,,40593
35587,23,7,1,,40594
35588,11,,1,,40595
35589,39,1,1,,40596
35590,39,1,1,,40597
35591,39,1,2,,40598
35592,39,1,2,,40599
35593,39,1,1,,40600
35594,11,,1,,40601
35595,39,1,2,,40602
35596,39,1,1,,40603
35597,39,1,1,,40604
35598,39,3,1,,40605
35599,39,1,1,,40606
35600,39,1,1,,40607
35601,39,1,3,,40608
35602,39,1,1,,40609
35603,11,,1,,40610
35604,39,1,1,,40611
35605,39,1,1,,40612
35606,39,1,1,,40613
35607,39,1,2,,40614
35608,23,7,1,,40615
35609,39,3,1,,40616
35610,39,1,1,,40617
35611,39,1,1,,40618
35612,23,5,1,,40619
35613,39,1,2,,40620
35614,39,1,1,,40621
35615,39,1,1,,40622
35616,39,1,1,,40623
35617,39,1,1,,40624
35618,39,1,1,,40625
35619,23,7,1,,40625
35620,39,6,1,,40626
35621,39,1,1,,40627
35622,39,1,2,,40628
35623,39,1,1,,40629
35624,39,1,2,,40630
35625,39,1,1,,40631
35626,39,1,1,,40632
35627,39,1,1,,40633
35628,23,7,1,,40633
35629,39,1,1,,40634
35630,22,,1,,40635
35631,39,1,1,,40636
35632,39,1,1,,40637
35633,39,1,1,,40638
35634,39,1,1,,40639
35635,39,1,1,,40640
35636,39,1,1,,40641
35637,23,7,1,,40641
35638,39,1,1,,40642
35639,23,7,1,,40642
35640,39,3,1,,40643
35641,39,1,1,,40644
35642,39,1,1,,40645
35643,39,1,1,,40646
35644,39,1,1,,40647
35645,39,1,1,,40648
35646,39,1,1,,40649
35647,39,1,1,,40650
35648,23,7,1,,40650
35649,39,1,1,,40651
35650,39,1,1,,40652
35651,39,3,1,unicycle,40653
35652,39,1,1,,40654
35653,39,1,2,,40655
35654,39,1,1,,40656
35655,39,1,1,,40657
35656,39,1,1,,40658
35657,39,1,3,,40659
35658,39,1,1,,40660
35659,39,1,2,,40661
35660,23,7,1,,40661
35661,39,1,1,,40662
35662,39,1,2,,40663
35663,39,1,1,,40664
35664,23,7,1,,40664
35665,39,1,1,,40665
35666,39,1,2,,40666
35667,23,5,1,,40666
35668,39,1,1,,40667
35669,39,1,2,,40668
35670,39,1,1,,40669
35671,39,1,1,,40670
35672,39,1,1,,40671
35673,39,1,3,,40672
35674,39,1,2,,40673
35675,39,1,1,,40674
35676,39,1,2,,40675
35677,39,1,2,,40676
35678,39,1,1,,40677
35679,39,3,1,,40678
35680,39,1,1,,40679
35681,39,1,1,,40680
35682,39,1,2,,40681
35683,39,1,2,,40682
35684,39,1,1,,40684
35685,39,1,2,,40685
35686,39,1,1,,40686
35687,39,1,1,,40687
35688,23,7,1,,40688
35689,39,1,2,,40689
35690,23,7,1,,40689
35691,39,1,1,,40690
35692,39,1,1,,40691
35693,39,1,1,,40692
35694,39,1,1,,40693
35695,39,1,2,,40694
35696,39,1,1,,40695
35697,39,1,1,,40696
35698,39,1,2,,40697
35699,39,1,3,,40698
35700,23,7,1,,40699
35701,39,1,1,,40700
35702,39,1,1,,40701
35703,23,7,1,,40701
35704,39,1,1,,40702
35705,39,1,1,,40703
35706,23,5,1,,40704
35707,39,1,1,,40705
35708,39,1,1,,40706
35709,39,1,2,,40707
35710,39,1,1,,40708
35711,39,1,1,,40709
35712,39,1,2,,40710
35713,39,1,2,,40711
35714,39,1,3,,40712
35715,23,5,1,,40713
35716,39,1,2,,40714
35717,39,1,2,,40715
35718,39,1,1,,40716
35719,39,1,2,,40717
35720,39,1,1,,40718
35721,39,1,1,,40719
35722,39,1,2,,40720
35723,39,1,1,,40721
35724,39,1,1,,40722
35725,39,1,1,,40723
35726,39,1,3,,40724
35727,39,1,1,,40725
35728,39,1,2,,40726
35729,39,1,2,,40727
35730,39,1,1,,40728
35731,39,1,3,,40729
35732,39,3,1,,40730
35733,11,,1,,40731
35734,39,1,1,,40732
35735,39,1,1,,40733
35736,39,1,2,,40734
35737,39,1,2,,40735
35738,39,1,1,,40736
35739,23,7,1,,40736
35740,39,1,2,,40737
35741,39,1,1,,40738
35742,39,1,1,,40739
35743,23,7,1,,40739
35744,39,1,2,,40740
35745,39,1,1,,40741
35746,11,,1,,40742
35747,39,1,1,,40743
35748,23,7,1,,40743
35749,39,1,1,,40744
35750,39,1,1,,40745
35751,39,1,1,,40746
35752,39,1,1,,40747
35753,39,1,1,,40748
35754,11,,1,,40749
35755,39,1,1,,40750
35756,23,7,1,,40750
35757,39,1,1,,40751
35758,39,1,3,,40752
35759,39,1,1,,40753
35760,39,1,1,,40754
35761,23,7,1,,40754
35762,39,1,2,,40755
35763,23,7,1,,40755
35764,39,1,2,,40756
35765,39,1,2,,40757
35766,39,1,2,,40758
35767,11,,1,,40759
35768,23,5,1,,40760
35769,39,1,1,,40761
35770,39,1,1,,40762
35771,39,1,1,,40763
35772,39,1,1,,40764
35773,39,1,1,,40765
35774,39,1,1,,40766
35775,39,1,1,,40767
35776,39,1,2,,40768
35777,39,1,1,,40769
35778,39,3,1,unicycle,40770
35779,39,1,1,,40771
35780,39,1,1,,40772
35781,39,1,1,,40773
35782,39,1,1,,40774
35783,39,1,1,,40775
35784,39,1,1,,40776
35785,39,1,1,,40777
35786,39,1,1,,40778
35787,23,5,1,,40779
35788,39,1,1,,40780
35789,39,1,2,,40781
35790,39,1,1,,40782
35791,39,1,2,,40783
35792,23,5,1,,40784
35793,39,1,1,,40785
35794,39,1,1,,40786
35795,39,1,1,,40787
35796,39,1,1,,40788
35797,39,1,1,,40789
35798,39,1,1,,40790
35799,39,1,1,,40791
35800,23,5,1,,40791
35801,39,1,1,,40792
35802,39,1,1,,40793
35803,39,1,1,,40794
35804,39,3,1,,40795
35805,39,1,2,,40796
35806,39,1,1,,40797
35807,39,1,1,,40798
35808,39,1,1,,40799
35809,39,1,1,,40800
35810,39,1,1,,40801
35811,39,1,1,,40802
35812,39,1,1,,40803
35813,23,5,1,,40804
35814,39,1,1,,40805
35815,39,1,1,,40806
35816,23,7,1,,40807
35817,39,1,1,,40808
35818,39,1,1,,40809
35819,23,7,1,,40809
35820,23,5,1,,40810
35821,39,1,1,,40811
35822,39,1,1,,40812
35823,39,1,1,,40813
35824,39,1,1,,40814
35825,11,,1,,40815
35826,39,1,1,,40816
35827,39,3,1,,40817
35828,39,3,1,,40818
35829,39,1,1,,40819
35830,39,1,2,,40820
35831,39,1,2,,40821
35832,39,1,1,,40822
35833,39,1,1,,40823
35834,39,1,2,,40824
35835,39,1,2,,40825
35836,39,1,2,,40826
35837,39,1,2,,40827
35838,39,1,1,,40828
35839,23,7,1,,40829
35840,39,1,1,,40830
35841,39,1,2,,40831
35842,23,5,1,,40832
35843,11,,1,,40833
35844,11,,1,,40834
35845,39,1,1,,40835
35846,39,1,1,,40836
35847,39,1,1,,40837
35848,23,7,1,,40837
35849,36,,1,,40838
35850,39,1,1,,40839
35851,23,7,1,,40840
35852,39,1,1,,40841
35853,39,1,1,,40842
35854,39,1,1,,40843
35855,39,1,1,,40844
35856,23,5,1,,40844
35857,39,1,1,,40845
35858,23,7,1,,40846
35859,39,1,2,,40847
35860,39,1,1,,40848
35861,39,1,1,,40849
35862,39,1,1,,40850
35863,39,1,1,,40851
35864,39,1,1,,40852
35865,39,1,1,,40853
35866,11,,1,,40854
35867,11,,1,,40855
35868,23,5,1,,40856
35869,11,,1,,40857
35870,39,1,2,,40858
35871,39,1,1,,40859
35872,39,1,1,,40860
35873,39,1,1,,40861
35874,39,1,1,,40862
35875,39,1,1,,40863
35876,39,1,1,,40864
35877,23,5,2,,40865
35878,39,1,2,,40866
35879,39,1,1,,40867
35880,39,1,1,,40868
35881,23,5,2,,40869
35882,23,5,1,,40870
35883,39,1,2,,40871
35884,39,1,1,,40872
35885,39,1,1,,40873
35886,39,1,2,,40874
35887,11,,1,,40875
35888,39,3,1,,40876
35889,39,1,3,,40877
35890,39,1,1,,40878
35891,39,1,1,,40879
35892,39,1,1,,40880
35893,23,7,1,,40880
35894,39,1,2,,40881
35895,11,,1,,40882
35896,39,1,1,,40883
35897,39,1,1,,40884
35898,39,1,2,,40885
35899,39,1,1,,40886
35900,39,1,2,,40887
35901,39,1,1,,40888
35902,39,1,1,,40889
35903,11,,1,,40890
35904,39,1,1,,40891
35905,39,1,1,,40892
35906,39,1,1,,40893
35907,39,1,2,,40894
35908,39,1,1,,40895
35909,39,1,1,,40896
35910,39,1,1,,40897
35911,39,1,1,,40898
35912,39,1,1,,40899
35913,39,1,2,,40900
35914,39,1,1,,40901
35915,39,1,1,,40902
35916,39,1,1,,40903
35917,39,1,1,,40904
35918,23,7,1,,40904
35919,39,1,1,,40905
35920,23,7,1,,40905
35921,39,1,1,,40906
35922,39,1,1,,40907
35923,39,1,1,,40908
35924,39,1,1,,40909
35925,39,1,2,,40910
35926,39,1,2,,40911
35927,39,1,1,,40912
35928,23,5,1,,40912
35929,39,1,1,,40913
35930,23,5,1,,40913
35931,39,1,1,,40914
35932,39,1,1,,40915
35933,23,7,1,,40915
35934,39,1,1,,40916
35935,39,1,1,,40917
35936,39,1,1,,40918
35937,39,1,1,,40919
35938,39,1,2,,40920
35939,39,1,2,,40921
35940,39,1,1,,40922
35941,39,1,4,,40923
35942,39,1,1,,40924
35943,39,1,1,,40925
35944,11,,1,,40926
35945,39,1,2,,40927
35946,39,1,1,,40928
35947,39,1,1,,40929
35948,39,1,1,,40930
35949,39,1,1,,40931
35950,39,1,2,,40932
35951,23,7,2,,40932
35952,39,1,1,,40933
35953,39,1,1,,40934
35954,11,,1,,40935
35955,39,1,1,,40936
35956,11,,1,,40937
35957,39,1,1,,40938
35958,39,1,1,,40939
35959,39,1,1,,40940
35960,39,1,1,,40941
35961,39,1,1,,40942
35962,39,3,1,,40943
35963,39,1,1,,40944
35964,39,1,1,,40945
35965,41,,1,,40946
35966,39,1,1,,40947
35967,23,7,1,,40948
35968,39,1,1,,40949
35969,39,1,3,,40950
35970,39,1,2,,40951
35971,39,1,2,,40952
35972,39,1,2,,40953
35973,39,1,1,,40954
35974,39,1,1,,40955
35975,39,1,1,,40956
35976,23,7,1,,40956
35977,39,1,1,,40957
35978,39,1,1,,40958
35979,23,7,1,,40958
35980,39,1,2,,40959
35981,23,7,1,,40960
35982,39,1,2,,40961
35983,39,1,1,,40962
35984,39,1,1,,40963
35985,39,1,1,,40964
35986,39,1,1,,40965
35987,39,1,1,,40966
35988,39,1,1,,40967
35989,39,1,1,,40968
35990,39,1,2,,40969
35991,11,,1,,40970
35992,11,,1,,40971
35993,39,1,1,,40972
35994,39,1,1,,40973
35995,39,1,1,,40974
35996,39,1,1,,40975
35997,39,1,1,,40976
35998,39,1,2,,40977
35999,39,1,1,,40978
36000,23,7,1,,40978
36001,39,1,1,,40979
36002,39,1,2,,40980
36003,39,1,1,,40981
36004,39,1,2,,40982
36005,39,1,1,,40983
36006,23,5,1,,40983
36007,11,,1,,40984
36008,39,1,1,,40985
36009,39,1,2,,40986
36010,39,1,1,,40987
36011,39,1,1,,40988
36012,39,1,1,,40989
36013,39,1,1,,40990
36014,39,1,1,,40991
36015,39,1,2,,40992
36016,39,1,1,,40993
36017,39,1,1,,40994
36018,39,1,2,,40995
36019,39,1,2,,40996
36020,39,1,1,,40997
36021,39,1,1,,40998
36022,39,1,1,,40999
36023,39,1,1,,41000
36024,39,1,1,,41001
36025,39,1,2,,41002
36026,39,1,2,,41003
36027,39,1,1,,41004
36028,39,1,1,,41005
36029,39,1,3,,41006
36030,39,3,1,,41007
36031,39,1,1,,41008
36032,39,1,1,,41009
36033,39,1,1,,41010
36034,39,1,2,,41011
36035,39,1,1,,41012
36036,23,7,1,,41012
36037,23,5,1,,41013
36038,11,,1,,41014
36039,11,,1,,41015
36040,39,1,1,,41016
36041,39,1,3,,41017
36042,39,1,1,,41018
36043,39,1,2,,41019
36044,23,7,1,,41019
36045,39,1,1,,41020
36046,11,,1,,41021
36047,11,,1,,41022
36048,39,1,1,,41023
36049,39,1,1,,41024
36050,39,1,1,,41025
36051,23,7,1,,41025
36052,39,1,1,,41026
36053,39,1,1,,41027
36054,39,1,1,,41028
36055,39,1,1,,41029
36056,23,7,1,,41029
36057,39,1,1,,41030
36058,11,,1,,41031
36059,39,1,1,,41032
36060,39,1,2,,41033
36061,39,1,1,,41034
36062,39,1,1,,41035
36063,39,1,2,,41036
36064,39,3,1,,41037
36065,39,1,1,,41038
36066,39,1,1,,41039
36067,39,1,1,,41040
36068,39,1,1,,41041
36069,39,1,1,,41042
36070,39,1,1,,41043
36071,39,1,2,,41044
36072,39,1,2,,41045
36073,11,,1,,41046
36074,11,,1,,41047
36075,39,3,1,,41048
36076,39,1,1,,41049
36077,39,1,1,,41050
36078,39,1,1,,41051
36079,23,7,1,,41051
36080,39,1,1,,41052
36081,23,7,1,,41052
36082,39,1,1,,41053
36083,23,7,1,,41053
36084,39,1,2,,41054
36085,39,1,1,,41055
36086,39,1,1,,41056
36087,39,1,1,,41057
36088,11,,1,,41058
36089,39,1,1,,41059
36090,23,7,1,,41059
36091,39,1,1,,41060
36092,11,,1,,41061
36093,39,1,1,,41062
36094,22,,1,,41063
36095,39,1,1,,41064
36096,39,1,1,,41065
36097,39,1,2,,41066
36098,39,1,1,,41067
36099,23,7,1,,41068
36100,39,1,1,,41069
36101,39,3,1,,41070
36102,39,3,1,,41071
36103,11,,1,,41072
36104,39,1,1,,41073
36105,39,1,2,,41074
36106,39,1,1,,41075
36107,39,1,2,,41076
36108,39,1,2,,41077
36109,39,1,2,,41078
36110,39,1,1,,41079
36111,39,1,2,,41080
36112,39,1,1,,41081
36113,23,7,1,,41081
36114,39,1,1,,41082
36115,11,,1,,41083
36116,11,,1,,41084
36117,39,1,1,,41085
36118,11,,1,,41086
36119,39,1,1,,41087
36120,39,1,1,,41088
36121,39,1,2,,41089
36122,39,6,1,,41090
36123,11,,1,,41091
36124,39,1,1,,41092
36125,39,1,2,,41093
36126,39,1,1,,41094
36127,39,1,2,,41095
36128,39,1,1,,41096
36129,23,5,2,,41096
36130,39,1,2,,41097
36131,39,1,1,,41098
36132,39,1,1,,41099
36133,39,1,2,,41100
36134,39,1,1,,41101
36135,39,1,2,,41102
36136,41,,1,,41103
36137,39,3,1,,41104
36138,39,1,1,,41105
36139,39,1,1,,41106
36140,23,7,1,,41106
36141,39,1,1,,41107
36142,23,7,2,,41107
36143,39,1,1,,41108
36144,39,1,1,,41109
36145,39,1,1,,41110
36146,39,1,1,,41111
36147,39,1,1,,41112
36148,39,1,1,,41113
36149,39,3,1,,41114
36150,39,1,1,,41115
36151,39,1,2,,41116
36152,39,1,1,,41117
36153,39,1,2,,41118
36154,39,1,1,,41119
36155,39,1,1,,41120
36156,39,1,1,,41121
36157,39,1,1,,41122
36158,39,1,1,,41123
36159,39,1,1,,41124
36160,39,1,1,,41125
36161,23,7,1,,41126
36162,39,1,1,,41127
36163,39,1,1,,41128
36164,39,1,1,,41129
36165,39,1,1,,41130
36166,39,1,1,,41131
36167,39,1,1,,41132
36168,39,1,1,,41133
36169,39,1,1,,41134
36170,39,1,1,,41135
36171,39,1,1,,41136
36172,39,1,2,,41137
36173,39,1,1,,41138
36174,39,1,2,,41139
36175,39,1,3,,41140
36176,39,3,1,,41141
36177,39,1,1,,41142
36178,39,1,2,,41143
36179,39,1,2,,41144
36180,39,1,2,,41145
36181,39,1,1,,41146
36182,39,1,1,,41147
36183,39,1,3,,41148
36184,39,1,2,,41149
36185,39,1,2,,41150
36186,39,1,2,,41151
36187,39,1,2,,41152
36188,39,1,1,,41153
36189,39,1,1,,41154
36190,39,1,1,,41155
36191,39,1,1,,41156
36192,39,1,1,,41157
36193,39,1,1,,41158
36194,39,1,1,,41159
36195,39,1,1,,41160
36196,39,1,1,,41161
36197,39,1,1,,41162
36198,39,1,1,,41163
36199,23,7,1,,41164
36200,39,1,1,,41165
36201,39,1,1,,41166
36202,23,7,1,,41166
36203,39,1,2,,41167
36204,39,1,1,,41168
36205,39,1,1,,41169
36206,39,1,1,,41170
36207,39,1,1,,41171
36208,39,1,1,,41172
36209,39,1,1,,41173
36210,39,1,1,,41174
36211,39,1,2,,41175
36212,39,1,1,,41176
36213,39,1,2,,41177
36214,39,1,1,,41178
36215,23,7,1,,41178
36216,23,5,1,,41179
36217,39,1,1,,41180
36218,39,3,1,,41181
36219,39,1,1,,41182
36220,39,1,1,,41183
36221,39,1,1,,41184
36222,39,1,2,,41185
36223,39,3,1,,41186
36224,39,1,1,,41187
36225,39,1,1,,41188
36226,39,1,1,,41189
36227,39,1,2,,41190
36228,39,1,2,,41191
36229,39,1,1,,41192
36230,39,1,1,,41193
36231,39,1,2,,41194
36232,39,1,1,,41195
36233,39,1,2,,41196
36234,39,1,1,,41197
36235,23,7,1,,41197
36236,39,1,2,,41198
36237,39,1,3,,41199
36238,39,1,1,,41200
36239,39,1,1,,41201
36240,39,1,1,,41202
36241,39,1,1,,41203
36242,39,1,1,,41204
36243,39,1,1,,41205
36244,39,1,1,,41206
36245,39,1,1,,41207
36246,39,1,1,,41208
36247,39,1,1,,41209
36248,39,1,1,,41210
36249,39,1,1,,41211
36250,39,1,1,,41212
36251,39,1,1,,41213
36252,39,1,2,,41214
36253,39,1,1,,41215
36254,39,1,1,,41216
36255,39,1,1,,41217
36256,39,1,2,,41218
36257,39,1,1,,41219
36258,39,1,1,,41220
36259,39,1,1,,41221
36260,39,1,1,,41222
36261,39,1,1,,41223
36262,39,1,1,,41224
36263,39,1,1,,41225
36264,23,7,1,,41225
36265,11,,1,,41226
36266,39,1,1,,41227
36267,39,1,1,,41228
36268,39,1,2,,41229
36269,39,1,2,,41230
36270,39,1,1,,41231
36271,39,1,1,,41232
36272,39,1,1,,41233
36273,39,1,1,,41234
36274,23,7,1,,41234
36275,39,1,1,,41235
36276,39,8,1,,41236
36277,39,8,1,,41237
36278,39,1,1,,41238
36279,39,1,1,,41239
36280,39,1,1,,41240
36281,39,1,1,,41241
36282,39,1,1,,41242
36283,39,1,1,,41243
36284,23,7,1,,41243
36285,39,1,1,,41244
36286,39,1,1,,41245
36287,39,1,1,,41246
36288,39,1,1,,41247
36289,39,1,2,,41248
36290,39,1,1,,41249
36291,39,1,2,,41250
36292,39,1,1,,41251
36293,39,1,1,,41252
36294,39,1,1,,41253
36295,39,1,1,,41254
36296,23,5,1,,41255
36297,39,1,2,,41256
36298,39,1,2,,41257
36299,23,7,1,,41257
36300,39,1,2,,41258
36301,39,1,2,,41259
36302,39,1,1,,41260
36303,39,1,1,,41261
36304,39,1,1,,41262
36305,39,1,1,,41263
36306,39,1,2,,41264
36307,39,1,2,,41265
36308,39,1,1,,41266
36309,39,1,1,,41267
36310,39,1,1,,41268
36311,39,1,1,,41269
36312,39,1,1,,41270
36313,23,7,1,,41271
36314,39,1,1,,41272
36315,39,1,1,,41273
36316,23,7,1,,41273
36317,39,1,2,,41274
36318,39,1,1,,41275
36319,23,7,1,,41275
36320,39,1,1,,41276
36321,39,1,1,,41277
36322,39,1,1,,41278
36323,39,1,1,,41279
36324,23,7,1,,41279
36325,39,1,1,,41280
36326,39,1,1,,41281
36327,39,1,1,,41282
36328,39,1,1,,41283
36329,39,1,2,,41284
36330,39,1,2,,41285
36331,39,1,1,,41286
36332,39,1,2,,41287
36333,39,1,1,,41288
36334,11,,1,,41289
36335,39,1,2,,41290
36336,23,7,1,,41291
36337,39,1,3,,41292
36338,39,1,1,,41293
36339,23,7,1,,41293
36340,39,1,1,,41294
36341,39,1,1,,41295
36342,23,7,1,,41295
36343,39,4,1,,41296
36344,66,,1,,41296
36345,39,1,1,,41297
36346,39,1,1,,41298
36347,39,4,1,,41299
36348,66,,1,,41299
36349,39,1,1,,41300
36350,39,1,1,,41301
36351,23,7,1,,41301
36352,39,1,3,,41302
36353,39,1,1,,41303
36354,39,1,1,,41304
36355,39,1,2,,41305
36356,39,1,2,,41306
36357,39,1,2,,41307
36358,39,1,1,,41308
36359,39,1,2,,41309
36360,39,1,1,,41310
36361,39,1,2,,41311
36362,41,,1,,41312
36363,39,1,1,,41313
36364,39,1,1,,41314
36365,23,7,1,,41314
36366,39,1,1,,41315
36367,23,7,2,,41316
36368,39,1,1,,41317
36369,39,1,1,,41318
36370,39,1,1,,41319
36371,39,1,1,,41320
36372,23,7,1,,41320
36373,39,1,1,,41321
36374,39,1,1,,41322
36375,39,1,1,,41323
36376,39,1,1,,41324
36377,39,1,1,,41325
36378,39,3,1,,41326
36379,39,1,2,,41327
36380,39,1,1,,41328
36381,39,1,1,,41329
36382,39,1,1,,41330
36383,39,1,2,,41331
36384,39,1,1,,41332
36385,39,1,1,,41333
36386,39,1,1,,41334
36387,39,3,1,,41335
36388,39,1,1,,41336
36389,39,1,2,,41337
36390,39,1,2,,41338
36391,39,1,1,,41339
36392,39,1,2,,41340
36393,39,1,1,,41341
36394,39,1,1,,41342
36395,39,1,2,,41343
36396,39,1,2,,41344
36397,39,1,1,,41345
36398,39,1,1,,41346
36399,39,1,2,,41347
36400,39,1,1,,41348
36401,39,1,1,,41349
36402,39,1,3,,41350
36403,39,1,2,,41351
36404,39,1,2,,41352
36405,39,1,2,,41353
36406,39,1,2,,41354
36407,39,1,2,,41355
36408,39,1,1,,41356
36409,39,1,1,,41357
36410,39,1,1,,41358
36411,23,7,1,,41358
36412,23,5,1,,41358
36413,39,1,1,,41359
36414,23,7,2,,41360
36415,39,1,1,,41361
36416,23,7,1,,41361
36417,23,5,1,,41362
36418,39,1,1,,41363
36419,39,1,1,,41364
36420,39,1,1,,41365
36421,39,1,1,,41366
36422,39,1,1,,41367
36423,39,1,2,,41368
36424,11,,1,,41369
36425,39,1,1,,41370
36426,23,5,2,,41370
36427,39,1,1,,41371
36428,39,1,1,,41372
36429,23,7,1,,41372
36430,11,,1,,41373
36431,39,1,1,,41374
36432,39,1,1,,41375
36433,39,1,1,,41376
36434,39,1,1,,41377
36435,23,5,1,,41377
36436,39,1,1,,41378
36437,23,5,1,,41378
36438,39,1,1,,41379
36439,39,1,1,,41380
36440,39,1,1,,41381
36441,23,5,1,,41382
36442,39,1,2,,41383
36443,39,1,1,,41384
36445,23,7,1,,41384
36446,39,1,1,,41385
36447,23,7,1,,41385
36448,39,1,1,,41386
36449,23,7,1,,41386
36450,39,1,1,,41387
36451,39,1,1,,41388
36452,23,7,2,,41388
36453,39,1,1,,41389
36454,39,1,1,,41390
36455,39,1,1,,41391
36456,39,1,1,,41392
36457,39,1,1,,41393
36458,23,5,1,,41394
36459,39,1,1,,41395
36460,23,5,1,,41395
36461,39,1,1,,41396
36462,39,1,1,,41397
36463,11,,1,,41398
36464,39,3,1,,41399
36465,39,1,2,,41400
36466,39,1,1,,41401
36467,23,7,1,,41401
36468,39,1,2,,41402
36469,39,1,1,,41403
36470,39,1,1,,41404
36471,39,1,1,,41405
36472,23,7,1,,41406
36473,39,1,1,,41407
36474,43,,1,,41408
36475,39,1,1,,41409
36476,39,1,1,,41410
36477,39,1,1,,41411
36478,39,1,1,,41412
36479,39,1,1,,41413
36480,39,1,2,,41414
36481,39,1,1,,41415
36482,39,1,1,,41416
36483,23,7,2,,41416
36484,39,1,1,,41417
36485,39,1,1,,41418
36486,39,1,1,,41419
36487,23,5,1,,41420
36488,39,1,1,,41421
36489,39,3,1,,41422
36490,39,1,1,,41423
36491,39,1,1,,41424
36492,39,1,1,,41425
36493,23,5,1,,41425
36494,39,1,1,,41426
36495,39,1,1,,41427
36496,39,1,2,,41428
36497,39,1,2,,41429
36498,39,1,3,,41430
36499,23,7,1,,41430
36500,39,1,1,,41431
36501,39,1,1,,41432
36502,23,7,1,,41432
36503,39,1,1,,41433
36504,39,1,1,,41434
36505,23,7,1,,41434
36506,39,1,1,,41435
36507,39,1,1,,41436
36508,39,1,2,,41437
36509,23,7,1,,41437
36510,23,5,1,,41438
36511,39,1,1,,41439
36512,39,1,1,,41440
36513,39,1,1,,41441
36514,39,1,2,,41442
36515,39,1,1,,41443
36516,39,1,2,,41444
36517,39,1,1,,41445
36518,39,1,3,,41446
36519,39,1,1,,41447
36520,39,3,1,,41448
36521,39,1,1,,41449
36522,23,5,1,,41450
36523,39,1,1,,41451
36524,23,7,1,,41451
36525,23,5,1,,41451
36526,39,1,2,,41452
36527,39,1,2,,41453
36528,39,1,1,,41454
36529,39,1,1,,41455
36530,23,5,1,,41456
36531,39,1,1,,41457
36532,39,1,2,,41458
36533,23,7,1,,41458
36534,39,1,1,,41459
36535,39,1,2,,41460
36536,39,1,2,,41461
36537,39,1,1,,41462
36538,39,1,1,,41463
36539,23,7,1,,41463
36540,39,6,1,,41464
36541,39,6,1,,41465
36542,39,1,1,,41466
36543,11,,1,,41467
36544,39,1,1,,41468
36545,39,1,3,,41469
36546,11,,1,,41470
36547,39,1,1,,41471
36548,23,5,1,,41471
36549,23,5,1,,41472
36550,23,5,2,,41473
36551,39,1,1,,41473
36552,39,1,1,,41474
36553,39,1,1,,41475
36554,39,4,1,,41476
36555,66,,1,,41476
36556,39,1,1,,41477
36557,39,1,2,,41478
36558,39,4,2,,41479
36559,66,,2,,41479
36560,39,1,1,,41480
36561,39,1,1,,41481
36562,39,1,1,,41482
36563,39,1,2,,41483
36564,39,1,2,,41484
36565,11,,1,,41485
36566,39,1,1,,41486
36567,39,1,1,,41487
36568,39,1,2,,41488
36569,39,1,2,,41489
36570,39,1,1,,41490
36571,39,1,1,,41491
36572,39,1,1,,41492
36573,39,1,1,,41493
36574,39,3,1,,41494
36575,39,1,2,,41495
36576,39,1,1,,41496
36577,23,7,1,,41496
36578,39,1,1,,41497
36579,39,1,1,,41498
36580,39,1,1,,41499
36581,39,1,1,,41500
36582,39,1,1,,41501
36583,23,5,1,,41502
36584,39,1,2,,41503
36585,23,5,1,,41504
36586,23,5,1,,41505
36587,39,1,1,,41506
36588,39,1,1,,41507
36589,39,1,1,,41508
36590,23,7,1,,41508
36591,39,1,1,,41509
36592,11,,1,,41510
36593,39,1,1,,41511
36594,39,1,1,,41512
36595,39,1,1,,41513
36596,39,1,1,,41514
36597,39,1,1,,41515
36598,39,1,1,,41516
36599,39,1,1,,41517
36600,39,1,1,,41518
36601,39,1,1,,41519
36602,39,1,1,,41520
36603,39,1,1,,41521
36604,39,1,1,,41522
36605,39,1,1,,41523
36606,39,1,1,,41524
36607,39,1,1,,41525
36608,39,1,1,,41526
36609,39,1,1,,41527
36610,39,1,1,,41528
36611,39,1,1,,41529
36612,39,1,1,,41530
36613,39,1,1,,41531
36614,39,1,1,,41532
36615,39,1,1,,41533
36616,39,1,1,,41534
36617,39,1,1,,41535
36618,39,1,1,,41536
36619,39,1,1,,41537
36620,39,1,1,,41538
36621,39,1,1,,41539
36622,39,1,2,,41540
36623,39,1,1,,41541
36624,39,1,1,,41542
36625,39,1,1,,41543
36626,39,1,1,,41544
36627,39,1,1,,41545
36628,39,1,1,,41546
36629,39,1,2,,41547
36630,39,1,1,,41548
36631,39,1,1,,41549
36632,39,1,1,,41550
36633,39,1,1,,41551
36634,39,1,2,,41552
36635,39,1,1,,41553
36636,39,1,1,,41554
36637,39,1,2,,41555
36638,39,1,1,,41556
36639,39,1,1,,41557
36640,39,1,1,,41558
36641,39,1,1,,41559
36642,39,1,2,,41560
36643,39,1,1,,41561
36644,39,1,1,,41562
36645,39,1,1,,41563
36646,39,1,1,,41564
36647,39,1,1,,41565
36648,39,1,1,,41566
36649,39,1,1,,41567
36650,39,1,1,,41568
36651,39,1,1,,41569
36652,39,1,1,,41570
36653,39,1,1,,41571
36654,39,1,1,,41572
36655,39,1,3,,41573
36656,39,1,1,,41574
36657,39,1,1,,41575
36658,39,1,2,,41576
36659,39,1,2,,41577
36660,39,1,1,,41578
36661,39,1,2,,41579
36662,39,1,2,,41580
36663,39,1,1,,41581
36664,39,1,1,,41582
36665,39,1,1,,41583
36666,39,1,1,,41584
36667,39,1,1,,41585
36668,39,1,1,,41586
36669,39,1,1,,41587
36670,39,1,1,,41588
36671,39,1,2,,41589
36672,39,3,1,,41590
36673,39,1,1,,41591
36674,23,5,1,,41591
36675,39,1,1,,41592
36676,39,1,1,,41593
36677,39,1,1,,41594
36678,39,1,1,,41595
36679,39,1,2,,41596
36680,39,1,1,,41597
36681,39,1,1,,41598
36682,39,1,1,,41599
36683,39,1,1,,41600
36684,39,1,1,,41601
36685,39,1,1,,41602
36686,39,1,1,,41603
36687,39,1,1,,41604
36688,39,1,1,,41605
36689,39,1,1,,41606
36690,39,1,1,,41607
36691,39,1,1,,41608
36692,39,1,1,,41609
36693,39,1,1,,41610
36694,39,1,1,,41611
36695,39,1,1,,41612
36696,39,1,1,,41613
36697,39,1,1,,41614
36698,39,1,2,,41615
36699,39,1,1,,41616
36700,39,1,1,,41617
36701,39,1,1,,41618
36702,39,1,1,,41619
36703,39,1,1,,41620
36704,39,1,1,,41621
36705,39,1,1,,41622
36706,39,1,1,,41623
36707,39,1,1,,41624
36708,39,1,2,,41625
36709,39,1,2,,41626
36710,39,1,1,,41627
36711,39,1,1,,41628
36712,39,1,1,,41629
36713,39,1,1,,41630
36714,39,1,1,,41631
36715,39,1,1,,41632
36716,39,1,1,,41633
36717,39,1,1,,41634
36718,39,1,1,,41635
36719,39,1,1,,41636
36720,39,1,1,,41637
36721,39,1,1,,41638
36722,39,1,1,,41639
36723,39,1,1,,41640
36724,39,1,1,,41641
36725,39,1,1,,41642
36726,39,1,1,,41643
36727,39,1,1,,41644
36728,39,1,1,,41645
36729,39,1,1,,41646
36730,39,1,1,,41647
36731,39,1,1,,41648
36732,39,1,1,,41649
36733,39,1,1,,41650
36734,39,1,1,,41651
36735,39,1,1,,41652
36736,39,1,1,,41653
36737,23,7,1,,41653
36738,39,1,1,,41654
36739,39,1,1,,41655
36740,39,1,1,,41656
36741,39,1,1,,41657
36742,39,1,1,,41658
36743,39,1,1,,41659
36744,39,1,1,,41660
36745,39,1,1,,41661
36746,39,1,1,,41662
36747,39,1,1,,41663
36748,39,1,1,,41664
36749,39,1,1,,41665
36750,39,1,1,,41666
36751,39,1,2,,41667
36752,39,1,1,,41668
36753,39,1,1,,41669
36754,39,1,1,,41670
36755,39,1,1,,41671
36756,39,1,1,,41672
36757,39,1,1,,41673
36758,39,1,1,,41674
36759,39,1,1,,41675
36760,39,1,1,,41676
36761,39,1,1,,41677
36762,39,1,1,,41678
36763,39,1,1,,41679
36764,39,1,1,,41680
36765,39,1,1,,41681
36766,39,1,1,,41682
36767,39,1,1,,41683
36768,39,1,1,,41684
36769,39,1,1,,41685
36770,39,1,1,,41686
36771,39,1,1,,41687
36772,39,1,1,,41688
36773,39,1,1,,41689
36774,39,1,1,,41690
36775,39,1,1,,41691
36776,39,1,1,,41692
36777,39,1,1,,41693
36778,39,1,1,,41694
36779,39,1,1,,41695
36780,39,1,1,,41696
36781,39,1,1,,41697
36782,23,7,1,,41698
36783,39,1,1,,41699
36784,39,1,1,,41700
36785,39,1,2,,41701
36786,11,,1,,41702
36787,39,1,1,,41703
36788,39,1,1,,41704
36789,23,7,1,,41704
36790,39,1,1,,41705
36791,39,1,1,,41706
36792,39,1,1,,41707
36793,39,1,1,,41708
36794,41,,1,,41709
36795,39,1,1,,41710
36796,39,1,1,,41711
36797,39,1,1,,41712
36798,39,1,1,,41713
36799,23,5,1,,41714
36800,39,1,1,,41715
36801,39,1,1,,41716
36802,11,,1,,41717
36803,39,1,2,,41718
36804,39,1,1,,41719
36805,39,1,4,,41720
36806,39,1,1,,41721
36807,39,1,1,,41722
36808,11,,1,,41723
36809,39,1,2,,41724
36810,23,5,1,,41725
36811,39,1,1,,41726
36812,39,1,1,,41727
36813,39,1,1,,41728
36814,39,1,2,,41729
36815,39,1,1,,41730
36816,23,7,1,,41730
36817,39,1,1,,41731
36818,39,1,2,,41732
36819,39,1,1,,41733
36820,39,1,2,,41734
36821,39,1,1,,41735
36822,39,1,1,,41736
36823,23,7,1,,41736
36824,39,1,1,,41737
36825,23,7,1,,41737
36826,39,1,2,,41738
36827,39,1,1,,41739
36828,39,1,1,,41740
36829,39,1,1,,41741
36830,23,7,1,,41742
36831,39,1,1,,41743
36832,39,1,1,,41744
36833,39,1,1,,41745
36834,39,1,1,,41746
36835,39,1,2,,41747
36836,39,1,1,,41748
36837,39,1,2,,41749
36839,39,1,1,,40683
36840,39,1,1,,41750
36841,23,7,1,,41750
36842,39,1,1,,41751
36843,39,1,2,,41752
36844,39,1,2,,41753
36845,39,1,1,,41754
36846,23,7,1,,41754
36847,39,1,2,,41755
36848,39,1,2,,41756
36849,39,1,2,,41757
36850,39,1,2,,41758
36851,39,1,2,,41759
36852,39,1,2,,41760
36853,39,1,3,,41761
36854,39,1,1,,41762
36855,39,1,1,,41763
36856,23,7,1,,41763
36857,39,1,1,,41764
36858,39,1,1,,41765
36859,39,1,1,,41766
36860,23,7,1,,41766
36861,39,1,1,,41767
36862,39,1,1,,41768
36863,39,1,2,,41769
36864,39,1,1,,41770
36865,39,1,1,,41771
36866,39,1,2,,41772
36867,39,1,1,,41773
36868,39,1,1,,41774
36869,39,1,1,,41775
36871,39,4,1,,41777
36872,66,,1,,41777
36873,39,1,1,,41778
36874,23,7,2,,41778
36875,39,1,1,,41779
36876,39,1,1,,41780
36877,23,7,1,,41780
36878,39,1,1,,41781
36879,39,1,2,,41782
36880,39,1,2,,41783
36881,39,1,1,,41784
36882,23,7,1,,41784
36883,39,1,1,,41785
36884,39,4,1,,41786
36885,66,,1,,41786
36886,39,1,2,,41787
36887,66,,2,,41787
36888,39,1,1,,41788
36889,39,1,1,,41789
36890,39,1,2,,41790
36891,39,1,2,,41791
36892,39,1,1,,41792
36893,39,1,2,,41793
36894,39,1,3,,41794
36895,39,1,2,,41795
36896,39,1,1,,41796
36897,39,1,2,,41797
36898,39,1,1,,41798
36899,39,1,1,,41799
36900,39,1,2,,41800
36901,39,1,1,,41801
36902,39,1,1,,41802
36903,39,1,1,,41803
36904,39,1,1,,41804
36905,23,5,1,,41804
36906,11,,1,,41805
36907,39,,1,,41806
36908,39,1,1,,41807
36909,39,1,2,,41808
36910,39,1,2,,41809
36911,39,1,1,,41810
36912,39,1,1,,41811
36913,23,7,1,,41811
36914,23,5,1,,41812
36915,39,1,2,,41813
36916,39,3,1,,41814
36917,23,7,1,,41815
36918,23,7,1,,41816
36919,39,1,1,,41817
36920,39,1,1,,41818
36921,39,1,1,,41819
36922,39,1,2,,41820
36923,39,1,2,,41821
36924,39,1,2,,41822
36925,39,1,1,,41823
36926,39,1,1,,41824
36927,39,1,1,,41825
36928,39,1,2,,41826
36929,23,7,1,,41826
36930,39,1,1,,41827
36931,39,1,1,,41828
36932,39,1,1,,41829
36933,39,1,1,,41830
36934,39,1,1,,41831
36935,39,1,1,,41832
36936,23,7,1,,41832
36937,39,1,2,,41833
36938,11,,1,,41834
36939,39,1,2,,41835
36940,39,1,1,,41836
36941,39,1,1,,41837
36942,23,5,1,,41837
36943,39,1,1,,41838
36944,39,1,1,,41839
36945,39,1,1,,41840
36946,23,5,1,,41840
36947,39,1,2,,41841
36948,39,1,1,,41842
36949,23,7,1,,41842
36950,39,1,2,,41843
36951,23,7,1,,41843
36952,39,1,1,,41844
36953,23,5,1,,41844
36954,39,1,1,,41845
36955,39,1,1,,41846
36956,39,1,1,,41847
36957,23,7,1,,41847
36958,39,1,2,,41848
36959,39,1,2,,41849
36960,39,1,1,,41850
36961,39,1,1,,41851
36962,23,5,2,,41851
36963,39,1,2,,41852
36964,39,1,1,,41853
36965,11,,1,,41854
36966,39,1,2,,41855
36967,39,1,1,,41856
36968,11,,1,,41857
36969,39,1,2,,41858
36970,39,1,2,,41859
36971,39,1,1,,41860
36972,11,,1,,41861
36973,39,1,1,,41862
36974,39,1,2,,41863
36975,39,1,3,,41864
36976,39,1,1,,41865
36977,23,7,2,,41865
36978,39,1,1,,41866
36979,39,1,2,,41867
36980,39,1,1,,41868
36981,23,5,1,,41869
36982,39,1,1,,41870
36983,39,1,1,,41871
36984,39,1,1,,41872
36985,39,1,1,,41873
36986,39,1,1,,41874
36987,39,1,1,,41875
36988,39,1,1,,41876
36989,39,1,1,,41877
36990,39,1,1,,41878
36991,39,1,1,,41879
36992,39,1,2,,41880
36993,39,1,1,,41881
36994,39,1,2,,41882
36995,39,1,1,,41883
36996,39,1,2,,41884
36997,39,1,1,,41885
36998,39,1,1,,41886
36999,39,1,2,,41887
37000,39,1,2,,41888
37001,39,1,1,,41889
37002,39,1,2,,41890
37003,39,1,2,,41891
37004,11,,1,,41892
37005,39,1,1,,41893
37006,39,1,2,,41894
37007,39,1,1,,41895
37008,39,1,1,,41896
37009,39,1,1,,41897
37010,39,1,1,,41898
37011,39,1,1,,41899
37012,39,1,1,,41900
37013,39,1,1,,41901
37014,39,1,3,,41902
37015,39,1,3,,41903
37016,39,1,1,,41904
37017,39,1,3,,41905
37018,39,3,2,,41906
37019,39,1,1,,41907
37020,39,1,2,,41908
37021,39,1,1,,41909
37022,39,1,1,,41910
37023,39,1,1,,41911
37024,23,7,2,,41912
37025,39,1,2,,41913
37026,39,1,1,,41914
37027,39,3,1,,41915
37028,39,1,1,,41916
37029,39,1,2,,41917
37030,39,1,1,,41918
37031,11,,1,,41919
37032,39,3,1,,41920
37033,11,,1,,41921
37034,39,1,1,,41922
37035,39,1,1,,41923
37036,39,1,1,,41924
37037,39,1,1,,41925
37038,11,,1,,41926
37039,39,1,2,,41927
37040,39,1,1,,41928
37041,39,1,1,,41929
37042,39,1,2,,41930
37043,39,1,1,,41931
37044,11,,1,,41932
37045,39,1,1,,41933
37046,23,7,1,,41933
37047,39,1,2,,41934
37048,23,7,1,,41934
37049,39,1,1,,41935
37050,39,1,2,,41936
37051,39,1,2,,41937
37052,39,1,2,,41938
37053,11,,1,,41939
37054,39,1,1,,41940
37055,39,1,1,,41941
37056,39,1,1,,41942
37057,39,1,1,,41943
37058,23,5,1,,41943
37059,39,1,1,,41944
37060,39,1,1,,41945
37061,39,1,1,,41946
37062,39,1,1,,41947
37063,39,1,1,,41948
37064,23,7,2,,41948
37065,39,1,2,,41949
37066,39,1,1,,41950
37067,39,1,1,,41951
37068,39,1,1,,41952
37069,39,1,1,,41953
37070,39,1,1,,41954
37071,23,5,1,,41954
37072,11,,1,,41955
37073,39,1,1,,41956
37074,11,,1,,41957
37075,39,1,1,,41958
37076,39,4,2,,41959
37077,66,,2,,41959
37078,23,5,1,,41960
37079,39,1,2,,41961
37080,39,1,1,,41962
37081,23,5,2,,41962
37082,39,1,1,,41963
37083,23,7,1,,41963
37084,11,,1,,41964
37085,11,,1,,41965
37086,39,1,3,,41966
37087,23,5,1,,41967
37088,11,,1,,41968
37089,39,1,2,,41969
37090,39,1,1,,41970
37091,39,1,1,,41971
37092,39,1,2,,41972
37093,39,1,1,,41973
37094,39,1,1,,41974
37095,39,1,1,,41975
37096,39,1,1,,41976
37097,23,7,1,,41976
37098,39,1,1,,41977
37099,11,,1,,41978
37100,39,1,2,,41979
37101,39,1,1,,41980
37102,39,1,3,,41981
37103,39,1,1,,41982
37104,39,1,3,,41983
37105,39,1,2,,41984
37106,39,1,2,,41985
37107,39,1,1,,41986
37108,39,1,1,,41987
37109,23,5,1,,41988
37110,39,1,2,,41989
37111,23,5,1,,41989
37112,39,1,2,,41990
37113,23,7,1,,41990
37114,39,1,1,,41991
37115,39,1,2,,41992
37116,39,1,1,,41993
37117,39,1,1,,41994
37118,39,1,1,,41995
37119,39,1,1,,41996
37120,39,1,1,,41997
37121,39,1,1,,41998
37122,39,1,2,,41999
37123,39,1,1,,42000
37124,39,1,1,,42001
37125,39,1,1,,42002
37126,39,1,1,,42003
37127,39,3,1,,42004
37128,39,1,1,,42005
37129,39,1,1,,42006
37130,39,1,1,,42007
37131,39,1,1,,42008
37132,39,1,2,,42009
37133,39,1,1,,42010
37134,23,7,1,,42010
37135,39,1,1,,42011
37136,39,1,1,,42012
37137,23,5,2,,42013
37138,39,1,1,,42014
37139,39,1,1,,42015
37140,39,1,2,,42016
37141,11,,1,,42017
37142,39,1,1,,42018
37143,23,7,2,,42018
37144,39,1,1,,42019
37145,39,1,1,,42020
37146,39,1,2,,42021
37147,39,1,1,,42022
37148,23,7,1,,42022
37149,39,1,1,,42023
37150,23,7,1,,42023
37151,39,1,2,,42024
37152,39,1,1,,42025
37153,39,1,1,,42026
37154,39,1,2,,42027
37155,39,1,1,,42028
37156,39,1,1,,42029
37157,39,1,1,,42030
37158,39,1,1,,42031
37159,39,1,1,,42032
37160,39,1,1,,42033
37161,39,1,2,,42034
37162,39,1,4,,42035
37163,39,1,1,,42036
37164,39,1,1,,42037
37165,39,1,1,,42038
37166,39,1,2,,42039
37167,39,1,2,,42040
37168,11,,1,,42041
37169,39,1,2,,42042
37170,39,1,2,,42043
37171,39,1,1,,42044
37172,39,1,1,,42045
37173,39,1,2,,42046
37174,23,7,1,,42046
37175,39,1,1,,42047
37176,23,7,1,,42047
37177,39,1,1,,42048
37178,11,,1,,42049
37179,39,1,1,,42050
37180,39,1,1,,42051
37181,39,1,1,,42052
37182,39,1,1,,42053
37183,39,1,2,,42054
37184,39,1,2,,42055
37185,39,1,2,,42056
37186,39,1,1,,42057
37187,23,7,1,,42057
37188,39,1,1,,42058
37189,39,1,2,,42059
37190,39,1,2,,42060
37191,39,1,1,,42061
37192,39,1,1,,42062
37193,39,1,1,,42063
37194,39,1,2,,42064
37195,39,1,1,,42065
37196,39,1,2,,42066
37197,39,1,1,,42067
37198,39,1,1,,42068
37199,39,1,1,,42069
37200,39,1,1,,42070
37201,39,1,1,,42071
37202,39,1,1,,42072
37203,23,7,2,,42072
37204,39,1,2,,42073
37205,39,1,2,,42074
37206,39,1,1,,42075
37207,39,1,1,,42076
37208,39,1,1,,42077
37209,39,1,1,,42078
37210,39,1,1,,42079
37211,39,1,2,,42080
37212,39,1,2,,42081
37213,39,1,1,,42082
37214,39,1,1,,42083
37215,39,1,1,,42084
37216,23,7,1,,42084
37217,39,1,2,,42085
37218,11,,1,,42086
37219,23,5,2,,42087
37220,39,1,2,,42088
37221,39,1,1,,42089
37222,39,1,2,,42090
37223,23,7,1,,42090
37224,23,7,1,,42091
37225,39,1,1,,42092
37226,23,7,1,,42092
37227,39,1,2,,42093
37228,39,1,2,,42094
37229,39,1,2,,42095
37230,11,,1,,42096
37231,39,1,1,,42097
37232,39,1,2,,42098
37233,39,1,2,,42099
37234,39,3,1,,42100
37235,39,1,1,,42101
37236,39,1,1,,42102
37237,39,1,1,,42103
37238,39,1,1,,42104
37239,11,,1,,42105
37240,39,4,1,,42106
37241,66,,1,,42106
37242,39,1,1,,42107
37243,39,1,2,,42108
37244,39,1,2,,42109
37245,39,3,2,,42110
37246,39,1,2,,42111
37247,11,,1,,42112
37248,39,1,2,,42113
37249,39,1,1,,42114
37250,23,7,1,,42114
37251,39,1,1,,42115
37252,39,1,2,,42116
37253,39,1,1,,42117
37254,11,,1,,42118
37255,39,1,2,,42119
37256,39,3,1,,42120
37257,39,1,1,,42121
37258,39,1,1,,42122
37259,39,1,1,,42123
37260,39,1,1,,42124
37261,39,1,1,,42125
37262,39,1,1,,42126
37263,39,1,1,,42127
37264,39,1,1,,42128
37265,39,1,2,,42129
37266,23,7,1,,42129
37267,39,1,2,,42130
37268,11,,1,,42131
37269,39,1,1,,42132
37270,23,7,1,,42132
37271,39,1,1,,42133
37272,23,7,1,,42133
37273,39,1,1,,42134
37274,11,,1,,42135
37275,39,1,1,,42136
37276,39,1,1,,42137
37277,39,1,2,,42138
37278,23,7,1,,42138
37279,39,1,1,,42139
37280,39,1,1,,42140
37281,39,1,2,,42141
37282,39,1,1,,42142
37283,39,1,1,,42143
37284,39,1,2,,42144
37285,39,1,1,,42145
37286,39,1,1,,42146
37287,39,1,2,,42147
37288,39,1,1,,42148
37289,39,1,2,,42149
37290,39,1,1,,42150
37291,23,7,1,,42150
37292,39,1,1,,42151
37293,39,1,2,,42152
37294,39,1,2,,42153
37295,39,1,1,,42154
37296,39,1,2,,42155
37297,39,1,1,,42156
37298,39,1,1,,42157
37299,39,1,1,,42158
37300,23,7,1,,42158
37301,39,1,1,,42159
37302,39,1,1,,42160
37303,39,1,1,,42161
37304,39,1,2,,42162
37305,39,1,1,,42163
37306,39,1,1,,42164
37307,39,1,1,,42165
37308,39,1,1,,42166
37309,39,1,1,,42167
37310,39,1,1,,42168
37311,39,1,3,,42169
37312,39,1,1,,42170
37313,39,1,1,,42171
37314,39,1,1,,42172
37315,39,1,1,,42173
37316,39,1,1,,42174
37317,23,7,1,,42174
37318,39,1,1,,42175
37319,39,1,1,,42176
37320,39,1,1,,42177
37321,39,1,1,,42178
37322,39,1,1,,42179
37323,39,1,1,,42180
37324,39,1,1,,42181
37325,39,1,2,,42182
37326,39,1,1,,42183
37327,39,1,1,,42184
37328,39,1,1,,42185
37329,23,7,1,,42186
37330,39,1,1,,42187
37331,39,1,1,,42188
37332,39,1,1,,42189
37333,39,1,1,,42190
37334,39,1,1,,42191
37335,39,1,1,,42192
37336,39,1,2,,42193
37337,39,1,2,,42194
37338,39,1,1,,42195
37339,39,1,1,,42196
37340,39,1,1,,42197
37341,11,,1,,42198
37342,39,1,1,,42199
37343,23,7,1,,42199
37344,39,1,2,,42200
37345,23,5,1,,42200
37346,39,1,2,,42201
37347,11,,1,,42202
37348,39,1,1,,42203
37349,11,,1,,42204
37350,39,1,1,,42205
37351,39,1,2,,42206
37352,11,,1,,42207
37353,39,1,1,,42208
37354,23,7,1,,42208
37355,11,,1,,42209
37356,39,3,1,,42210
37357,39,1,1,,42211
37358,39,1,1,,42212
37359,23,7,1,,42212
37360,39,1,1,,42213
37361,39,1,1,,42214
37362,39,1,2,,42215
37363,39,1,2,,42216
37364,39,1,2,,42217
37365,39,1,1,,42218
37366,23,5,1,,42218
37367,39,1,2,,42219
37368,39,1,1,,42220
37369,39,1,1,,42221
37370,11,,1,,42222
37371,11,,1,,42223
37372,23,5,1,,42224
37373,39,1,2,,42225
37374,39,1,3,,42226
37375,23,5,1,,42226
37376,39,1,3,,42227
37377,39,1,1,,42228
37378,23,5,1,,42228
37379,39,1,1,,42229
37380,39,1,3,,42230
37381,39,1,2,,42231
37382,39,1,1,,42232
37383,11,,1,,42233
37384,11,,1,,42234
37385,39,1,2,,42235
37386,39,1,1,,42236
37387,39,1,2,,42237
37388,39,1,2,,42238
37389,39,1,1,,42239
37390,39,1,1,,42240
37391,39,1,1,,42241
37392,39,1,1,,42242
37393,39,1,1,,42243
37394,39,1,1,,42244
37395,23,5,2,,42245
37396,39,1,1,,42246
37397,39,1,1,,42247
37398,39,1,1,,42248
37399,39,1,1,,42249
37400,39,1,2,,42250
37401,39,1,2,,42251
37402,39,1,1,,42252
37403,11,,1,,42253
37404,39,1,1,,42254
37405,23,5,1,,42254
37406,39,1,1,,42255
37407,23,5,1,,42255
37408,39,1,1,,42256
37409,23,5,1,,42256
37410,39,1,1,,42257
37411,11,,1,,42258
37412,39,1,1,,42259
37413,23,5,1,,42259
37414,39,1,1,,42260
37415,39,1,1,,42261
37416,39,3,1,,42262
37417,39,1,2,,42263
37418,39,1,2,,42264
37419,39,1,2,,42265
37420,11,,1,,42266
37421,11,,1,,42267
37422,36,,1,,42268
37423,11,,1,,42269
37424,11,,1,,42270
37425,39,6,1,,42271
37426,39,6,1,,42272
37427,39,6,2,,42273
37428,39,1,1,,42274
37429,39,1,1,,42275
37430,11,,1,,42276
37431,11,,1,,42277
37432,39,1,2,,42278
37433,39,3,1,,42279
37434,39,1,2,,42280
37435,11,,1,,42281
37436,39,1,1,,42282
37437,23,5,1,,42282
37438,39,1,1,,42283
37439,39,1,1,,42284
37440,39,1,1,,42285
37441,39,1,2,,42286
37442,39,1,1,,42287
37443,39,3,1,,42288
37444,39,3,1,,42289
37445,11,,1,,42290
37446,39,1,1,,42291
37447,39,1,1,,42292
37448,41,,1,,42293
37449,39,1,2,,42294
37450,39,1,1,,42295
37451,39,1,1,,42296
37452,39,1,1,,42297
37453,39,1,2,,42298
37454,39,1,2,,42299
37455,39,1,1,,42300
37456,39,1,1,,42301
37457,39,1,1,,42302
37458,11,,1,,42303
37459,39,3,1,,42304
37460,39,3,1,,42305
37461,39,1,1,,42306
37462,39,1,2,,42307
37463,39,1,1,,42308
37464,39,1,1,,42309
37465,11,,1,,42310
37466,39,3,1,,42311
37467,39,1,1,,42312
37468,23,7,2,,42312
37469,23,5,1,,42313
37470,39,3,1,,42314
37471,23,5,1,,42315
37472,39,1,1,,42316
37473,39,1,1,,42317
37474,39,1,1,,42318
37475,39,1,1,,42319
37476,39,1,2,,42320
37477,39,1,2,,42321
37478,39,1,1,,42322
37479,39,1,1,,42323
37480,39,1,1,,42324
37481,39,1,1,,42325
37482,39,1,1,,42326
37483,39,1,1,,42327
37484,39,1,2,,42328
37485,39,1,2,,42329
37486,39,1,1,,42330
37487,39,1,1,,42331
37488,11,,1,,42332
37489,39,1,2,,42333
37490,39,1,1,,42334
37491,39,1,1,,42335
37492,39,1,1,,42336
37493,39,3,1,,42337
37494,23,5,1,,42338
37495,39,3,1,,42339
37496,39,1,1,,42340
37497,39,1,2,,42341
37498,39,1,2,,42342
37499,39,1,2,,42343
37500,36,,1,,42344
37501,39,3,1,,42345
37502,39,1,2,,42346
37503,39,1,1,,42347
37504,23,7,1,,42347
37505,39,1,1,,42348
37506,39,1,1,,42349
37507,39,3,1,,42350
37508,39,1,1,,42351
37509,39,1,2,,42352
37510,39,1,2,,42353
37511,39,1,1,,42354
37512,39,1,2,,42355
37513,39,1,2,,42356
37514,39,1,1,,42357
37515,39,1,2,,42358
37516,39,3,1,,42359
37517,39,1,1,,42360
37518,23,7,2,,42360
37519,39,1,1,,42361
37520,39,1,1,,42362
37521,39,3,1,,42363
37522,39,1,2,,42364
37523,23,7,1,,42364
37524,39,1,1,,42365
37525,39,1,1,,42366
37526,39,4,1,,42367
37527,66,,1,,42367
37528,39,1,1,,42368
37529,39,1,2,,42369
37530,39,1,2,,42370
37531,39,1,1,,42371
37532,23,5,1,,42372
37533,39,1,1,,42373
37534,39,1,1,,42374
37535,23,7,1,,42374
37536,11,,1,,42375
37537,39,,1,,42376
37538,39,1,1,,42377
37539,39,1,1,,42378
37540,39,1,1,,42379
37541,39,1,2,,42380
37542,39,1,1,,42381
37543,39,1,1,,42382
37544,39,1,1,,42383
37545,11,,1,,42384
37546,39,1,1,,42385
37547,23,7,1,,42385
37548,11,,1,,42386
37549,39,1,1,,42387
37550,39,1,1,,42388
37551,39,1,2,,42389
37552,39,1,2,,42390
37553,39,1,1,,42391
37554,39,3,1,,42392
37555,39,3,1,,42393
37556,39,1,1,,42394
37557,39,1,1,,42395
37558,39,1,1,,42396
37559,39,1,1,,42397
37560,23,7,2,,42397
37561,39,1,1,,42398
37562,23,5,1,,42399
37563,39,1,2,,42400
37564,39,1,1,,42401
37565,23,7,1,,42401
37566,39,1,1,,42402
37567,39,8,1,,42403
37568,23,7,1,,42403
37569,39,1,1,,42404
37570,39,1,2,,42405
37571,39,1,1,,42406
37572,36,,1,,42407
37573,36,,1,,42408
37574,39,1,1,,42409
37575,39,3,1,,42410
37576,39,3,1,,42411
37577,39,1,1,,42412
37578,39,1,1,,42413
37579,39,1,1,,42414
37580,39,1,1,,42415
37581,39,1,1,,42416
37582,36,,1,,42417
37583,39,1,1,,42418
37584,39,3,1,,42419
37585,39,3,1,,42420
37586,39,1,1,,42421
37587,39,1,1,,42422
37588,39,1,1,,42423
37589,39,1,1,,42424
37590,39,1,1,,42425
37591,39,1,1,,42426
37592,39,1,1,,42427
37593,11,,1,,42428
37594,39,3,1,,42429
37595,39,1,1,,42430
37596,39,1,1,,42431
37597,39,1,1,,42432
37598,39,1,1,,42433
37599,39,1,2,,42434
37600,39,1,2,,42435
37601,39,1,1,,42437
37602,39,1,1,,42436
37603,23,7,1,,42437
37604,39,1,1,,42438
37605,39,1,2,,42439
37606,39,1,1,,42440
37607,11,,1,,42441
37608,39,1,1,,42442
37609,39,1,1,,42443
37610,23,7,1,,42443
37611,11,,1,,42444
37612,39,3,1,,42445
37613,39,1,1,,42446
37614,23,5,1,,42446
37615,39,1,2,,42447
37616,23,7,1,,42448
37617,39,1,1,,42449
37618,11,,1,,42450
37619,39,1,1,,42451
37620,39,4,1,,42452
37621,66,,1,,42452
37622,39,1,1,,42453
37623,39,3,1,,42454
37624,39,3,1,,42455
37625,39,1,2,,42456
37626,39,1,2,,42457
37627,39,1,2,,42458
37628,39,1,1,,42459
37629,39,1,1,,42460
37630,39,1,1,,42461
37631,39,3,1,,42462
37632,39,1,2,,42463
37633,11,,1,,42464
37634,39,1,1,,42465
37635,39,1,1,,42466
37636,39,1,1,,42467
37637,39,1,2,,42468
37638,39,1,2,,42469
37639,11,,1,,42470
37640,41,,1,,42471
37641,39,1,1,,42472
37642,39,1,1,,42473
37643,39,1,2,,42474
37644,11,,1,,42475
37645,39,1,1,,42476
37646,39,1,2,,42477
37647,23,7,1,,42477
37648,11,,1,,42478
37649,39,1,1,,42479
37650,23,7,2,,42479
37651,39,1,2,,42480
37652,11,,1,,42481
37653,39,1,1,,42482
37654,39,1,1,,42483
37655,8,,1,,42484
37656,41,,1,,42485
37657,11,,1,,42486
37658,39,3,1,,42487
37659,39,3,1,,42488
37660,39,8,1,,42489
37661,39,1,1,,42490
37662,39,3,1,,42491
37663,39,1,1,,42492
37664,39,1,1,,42493
37665,39,3,1,,42494
37666,11,,1,,42495
37667,39,3,1,,42496
37668,39,1,1,,42497
37669,23,7,1,,42497
37670,39,1,1,,42498
37671,39,1,1,,42499
37672,39,1,1,,42500
37673,11,,1,,42501
37674,39,1,2,,42502
37675,11,,1,,42503
37676,39,1,1,,42504
37677,39,1,1,,42505
37678,11,,1,,42506
37679,39,1,1,,42507
37680,23,5,1,,42507
37681,39,1,1,,42508
37682,11,,1,,42509
37683,39,1,1,,42510
37684,39,1,1,,42511
37685,11,,1,,42512
37686,39,3,1,,42513
37687,39,3,1,,42514
37688,39,1,1,,42515
37689,39,1,1,,42516
37690,39,1,2,,42517
37691,39,1,2,,42518
37692,39,1,1,,42519
37693,66,,1,,42520
37694,39,4,1,,42520
37695,39,8,1,,42521
37696,39,1,1,,42522
37697,39,1,1,,42523
37698,11,,1,,42524
37699,36,,1,,42525
37700,23,5,1,,42526
37701,39,1,1,,42527
37702,39,1,1,,42528
37703,39,1,1,,42529
37704,39,1,2,,42530
37705,39,1,1,,42531
37706,23,5,1,,42532
37707,39,1,1,,42533
37708,23,7,1,,42533
37709,39,1,1,,42534
37710,39,1,1,,42535
37711,39,3,1,,42536
37712,39,3,1,,42537
37713,39,1,1,,42538
37714,39,1,1,,42539
37715,39,1,1,,42540
37716,39,1,2,,42541
37717,39,1,1,,42542
37718,39,1,2,,42543
37719,39,1,2,,42544
37720,11,,1,,42545
37721,11,,1,,42546
37722,39,1,2,,42547
37723,23,7,1,,42547
37724,39,1,1,,42548
37725,23,7,1,,42548
37726,39,1,2,,42549
37727,39,1,1,,42550
37728,39,1,2,,42551
37729,23,7,1,,42551
37730,39,1,2,,42552
37731,39,1,2,,42553
37732,39,1,2,,42554
37733,39,3,1,,42555
37734,39,1,1,,42556
37735,39,1,1,,42557
37736,39,1,1,,42558
37737,23,7,1,,42558
37738,39,1,1,,42559
37739,23,7,1,,42559
37740,39,1,1,,42560
37741,39,1,1,,42561
37742,39,1,1,,42562
37743,39,1,1,,42563
37744,39,1,1,,42564
37745,39,1,1,,42565
37746,23,7,1,,42565
37747,39,1,1,,42566
37748,23,7,1,,42566
37749,39,1,1,,42567
37750,39,3,1,,42568
37751,23,5,1,,42569
37752,39,1,1,,42570
37753,23,7,1,,42570
37754,39,3,1,,42571
37755,39,1,2,,42572
37756,23,7,1,,42572
37757,39,1,1,,42573
37758,23,7,1,,42573
37759,39,1,2,,42574
37760,39,1,1,,42575
37761,23,7,1,,42575
37762,39,1,2,,42576
37763,39,1,2,,42577
37764,39,1,1,,42578
37765,23,7,1,,42578
37766,39,1,2,,42579
37767,39,1,2,,42580
37768,11,,1,,42581
37769,39,1,1,,42582
37770,23,7,1,,42582
37771,39,1,1,,42583
37772,39,1,2,,42584
37773,39,1,1,,42585
37774,39,1,1,,42586
37775,39,1,1,,42587
37776,39,1,2,,42588
37777,36,,1,,42589
37778,39,1,1,,42590
37779,39,1,1,,42591
37780,39,1,1,,42592
37781,39,1,1,,42593
37782,39,1,1,,42594
37783,39,1,1,,42595
37784,39,1,1,,42596
37785,11,,1,,42597
37786,39,1,1,,42598
37787,39,1,1,,42599
37788,39,1,1,,42600
37789,39,1,1,,42601
37790,39,1,1,,42602
37791,39,1,1,,42603
37792,39,1,1,,42604
37793,39,3,1,,42605
37794,23,7,1,,42606
37795,39,1,1,,42607
37796,23,7,1,,42607
37797,39,1,2,,42608
37798,36,,1,,42609
37799,36,,1,,42610
37800,39,1,1,,42611
37801,39,1,1,,42612
37802,39,1,1,,42613
37803,39,1,1,,42614
37804,23,5,1,,42614
37805,39,1,1,,42615
37806,39,3,1,,42616
37807,39,3,1,,42617
37808,39,1,1,,42618
37809,23,5,1,,42618
37810,39,1,2,,42619
37811,39,1,1,,42620
37812,39,1,2,,42621
37813,39,1,1,,42622
37814,23,7,1,,42622
37815,39,1,1,,42623
37816,39,1,1,,42624
37817,39,1,1,,42625
37818,23,7,2,,42625
37819,39,1,2,,42626
37820,39,1,1,,42627
37821,39,1,1,,42628
37822,39,3,1,,42629
37823,39,3,1,,42630
37824,39,1,1,,42631
37825,11,,1,,42632
37826,39,1,1,,42633
37827,39,3,1,,42634
37828,39,1,1,,42635
37829,39,3,1,,42636
37830,39,1,1,,42637
37831,39,1,1,,42638
37832,23,7,1,,42638
37833,39,1,1,,42639
37834,39,1,1,,42640
37835,39,1,1,,42641
37836,23,7,1,,42641
37837,39,1,1,,42642
37838,11,,1,,42643
37839,39,1,1,,42644
37840,39,1,1,,42645
37841,39,1,1,,42646
37842,39,1,1,,42647
37843,39,1,1,,42648
37844,39,1,1,,42649
37845,39,1,1,,42650
37846,39,1,1,,42651
37847,39,1,1,,42652
37848,39,1,1,,42653
37849,39,3,1,,42654
37850,39,1,2,,42655
37851,39,1,1,,42656
37852,39,1,1,,42657
37853,39,1,2,,42658
37854,11,,1,,42659
37855,39,1,1,,42660
37856,39,1,2,,42661
37857,39,1,2,,42662
37858,39,1,2,,42663
37859,39,1,1,,42664
37860,39,1,2,,42665
37861,39,1,1,,42666
37862,39,1,1,,42667
37863,39,3,1,,42668
37864,11,,1,,42669
37865,39,3,1,,42670
37866,39,1,2,,42671
37867,39,1,2,,42672
37868,39,1,2,,42673
37869,39,1,1,,42674
37870,39,1,2,,42675
37871,39,1,2,,42676
37872,11,,1,,42677
37873,39,1,1,,42678
37874,39,1,4,,42679
37875,39,1,4,,42680
37876,11,,1,,42681
37877,39,1,1,,42682
37878,11,,1,,42683
37879,39,1,2,,42684
37880,23,,1,,42684
37881,39,1,1,,42685
37882,39,1,1,,42686
37883,39,1,1,,42687
37884,39,1,1,,42688
37885,39,1,1,,42689
37886,39,1,1,,42690
37887,39,1,2,,42691
37888,39,1,1,,42692
37889,39,1,2,,42693
37890,39,1,1,,42694
37891,39,3,1,,42695
37892,39,1,1,,42696
37893,39,1,3,,42697
37894,39,1,1,,42698
37895,39,1,1,,42699
37896,39,1,2,,42700
37897,39,1,2,,42701
37898,23,7,1,,42701
37900,39,1,2,,42702
37901,39,1,1,,42703
37902,39,1,2,,42704
37903,39,1,2,,42705
37904,39,1,2,,42706
37905,39,1,1,,42707
37906,39,1,1,,42708
37907,39,1,2,,42709
37908,39,1,1,,42710
37909,39,1,1,,42711
37910,39,1,1,,42712
37911,39,1,1,,42713
37912,39,1,1,,42714
37913,39,1,2,,42715
37914,39,1,1,,42716
37915,39,1,1,,42717
37916,39,1,1,,42718
37917,39,1,2,,42719
37918,39,1,2,,42720
37919,39,1,1,,42721
37920,39,1,2,,42722
37921,23,7,1,,42722
37922,36,,2,,42723
37923,39,1,1,,42724
37924,39,1,1,,42725
37925,39,1,1,,42726
37926,39,1,1,,42727
37927,39,1,2,,42728
37928,39,1,2,,42729
37929,39,1,1,,42730
37930,39,1,1,,42731
37931,39,1,1,,42732
37932,39,1,1,,42733
37933,39,1,1,,42734
37934,39,1,1,,42735
37935,39,1,1,,42736
37936,39,3,1,,42737
37937,39,1,1,,42738
37938,23,5,1,,42738
37939,23,5,1,,42739
37940,39,1,1,,42740
37941,39,1,1,,42741
37942,39,1,1,,42742
37943,23,7,2,,42743
37944,39,3,1,,42744
37945,39,1,2,,42745
37946,39,1,2,,42746
37947,39,3,1,,42747
37948,39,1,1,,42748
37949,39,1,1,,42749
37950,39,1,2,,42750
37951,39,1,1,,42751
37952,23,5,1,,42752
37953,23,5,1,,42753
37954,39,1,2,,42754
37955,23,7,1,,42754
37956,39,1,2,,42755
37957,23,7,1,,42755
37958,39,3,1,,42756
37959,39,3,1,,42757
37960,39,3,1,,42758
37961,39,3,1,,42759
37962,39,1,1,,42760
37963,36,,1,,42761
37964,36,,1,,42762
37965,36,,1,,42763
37966,39,1,1,,42764
37967,39,1,2,,42765
37968,23,7,1,,42765
37969,39,1,1,,42766
37970,39,1,2,,42767
37971,39,1,1,,42768
37972,36,,1,,42769
37973,39,3,1,,42770
37974,39,3,1,,42771
37975,36,,1,,42772
37976,39,1,1,,42773
37977,39,1,1,,42774
37978,39,1,1,,42775
37979,39,1,1,,42776
37980,39,1,1,,42777
37981,39,1,1,,42778
37982,39,1,1,,42779
37983,39,1,1,,42780
37984,23,7,1,,42780
37985,39,1,1,,42781
37986,39,1,1,,42782
37987,39,1,2,,42783
37988,39,1,1,,42784
37989,39,1,2,,42785
37990,39,1,2,,42786
37991,39,1,3,,42787
37992,39,1,1,,42788
37993,39,1,2,,42789
37994,39,1,2,,42790
37995,39,1,2,,42791
37996,39,1,1,,42792
37997,39,1,1,,42793
37998,11,,1,,42794
37999,39,1,1,,42795
38000,39,1,1,,42796
38001,39,1,1,,42797
38002,39,1,1,,42798
38003,39,1,1,,42799
38004,39,1,2,,42800
38005,11,,1,,42801
38006,39,1,1,,42802
38007,39,1,1,,42803
38008,66,,1,,42804
38009,39,4,1,,42804
38010,39,1,2,,42805
38011,39,1,1,,42806
38012,39,3,1,,42807
38013,39,3,1,,42808
38014,39,1,1,,42809
38015,39,1,1,,42810
38016,39,1,2,,42811
38017,39,1,1,,42812
38018,39,1,1,,42813
38019,39,1,1,,42814
38020,39,1,1,,42815
38021,23,7,1,,42815
38022,39,1,1,,42816
38023,39,3,1,,42817
38024,39,1,1,,42818
38025,39,1,1,,42819
38026,39,1,2,,42820
38027,39,1,1,,42821
38028,23,7,1,,42821
38029,39,1,1,,42822
38030,23,7,1,,42822
38031,39,1,1,,42823
38032,39,1,2,,42824
38033,39,1,1,,42825
38034,23,7,1,,42825
38035,39,1,1,,42826
38036,39,1,2,,42827
38037,23,7,1,,42827
38038,39,1,2,,42828
38039,11,,1,,42829
38040,11,,1,,42830
38041,39,1,1,,42831
38042,39,1,1,,42832
38043,11,,1,,42833
38044,39,3,1,,42834
38045,39,1,1,,42835
38046,39,1,2,,42836
38047,39,1,1,,42837
38048,39,1,1,,42838
38049,39,1,1,,42839
38050,11,,1,,42840
38051,39,1,2,,42841
38052,39,1,1,,42842
38053,39,1,1,,42843
38054,39,1,2,,42844
38055,36,,1,,42845
38056,39,1,1,,42846
38057,11,,1,,42847
38058,11,,1,,42848
38059,39,1,1,,42849
38060,39,1,1,,42850
38061,39,3,1,,42851
38062,23,7,1,,42852
38063,39,1,1,,42853
38064,23,5,1,,42854
38065,39,1,1,,42855
38066,23,7,1,,42855
38067,39,1,1,,42856
38068,39,1,1,,42857
38069,23,5,1,,42857
38070,39,1,2,,42858
38071,39,1,1,,42859
38072,39,1,1,,42860
38073,39,1,1,,42861
38074,39,1,1,,42862
38075,39,1,1,,42863
38076,39,1,1,,42864
38077,39,1,1,,42865
38078,39,1,2,,42866
38079,39,1,1,,42867
38080,23,7,1,,42867
38081,39,1,2,,42868
38082,39,1,2,,42869
38083,39,1,2,,42870
38084,39,1,1,,42871
38085,39,1,1,,42872
38086,39,1,1,,42873
38087,39,3,1,,42874
38088,11,,1,,42875
38089,39,3,1,,42876
38090,39,3,1,,42877
38091,11,,1,,42878
38092,36,,1,,42879
38093,39,1,1,,42880
38094,23,5,1,,42880
38095,39,3,1,,42881
38096,39,1,1,,42882
38097,39,1,1,,42883
38098,39,1,2,,42884
38099,39,1,2,,42885
38100,39,1,2,,42886
38101,39,1,4,,42887
38102,39,1,1,,42888
38103,39,1,1,,42889
38104,39,1,2,,42890
38105,39,1,2,,42891
38106,39,1,1,,42892
38107,39,1,1,,42893
38108,39,1,1,,42894
38109,39,1,1,,42895
38110,39,1,1,,42896
38111,39,1,1,,42897
38112,39,1,2,,42898
38113,39,1,1,,42899
38114,39,1,1,,42900
38115,39,1,1,,42901
38116,39,1,1,,42902
38117,23,5,1,,42902
38118,39,1,1,,42903
38119,39,1,1,,42904
38120,39,1,1,,42905
38121,39,1,2,,42906
38122,39,1,1,,42907
38123,23,7,1,,42908
38124,39,1,2,,42909
38125,23,7,1,,42909
38126,39,1,1,,42910
38127,39,1,1,,42911
38128,11,,1,,42912
38129,39,1,3,,42913
38130,39,1,1,,42914
38131,39,1,1,,42915
38132,23,7,1,,41776
38133,39,4,1,,42916
38134,66,,1,,42916
38135,39,1,1,,42917
38136,39,3,1,,42918
38137,39,3,1,,42919
38138,39,1,1,,42920
38139,39,1,1,,42921
38140,23,7,1,,42921
38141,39,1,1,,42922
38142,39,1,1,,42923
38143,23,7,2,,42924
38144,39,1,2,,42925
38145,39,3,1,,42926
38146,39,1,1,,42927
38147,39,1,1,,42928
38148,39,1,1,,42929
38149,39,3,1,,42930
38150,36,,1,,42931
38151,23,7,1,,42932
38152,39,3,1,,42933
38153,39,3,1,,42934
38154,39,3,1,,42935
38155,11,,1,,42936
38156,11,,1,,42937
38157,39,3,1,,42938
38158,39,3,1,,42939
38159,39,1,1,,42940
38160,23,7,1,,42940
38161,39,1,1,,42941
38162,39,1,1,,42942
38163,23,7,1,,42942
38164,23,7,1,,42943
38165,39,1,1,,42944
38166,39,1,1,,42945
38167,39,1,1,,42946
38168,23,7,1,,42946
38169,39,1,1,,42947
38170,39,3,1,,42948
38171,39,1,2,,42949
38172,39,1,1,,42950
38173,39,1,1,,42951
38174,39,1,1,,42952
38175,39,1,1,,42953
38176,39,1,1,,42954
38177,36,,1,,42955
38178,39,3,1,,42956
38179,39,1,1,,42957
38180,36,,1,,42958
38181,36,,2,,42959
38182,36,,2,,42960
38183,39,1,1,,42961
38184,39,1,1,,42962
38185,39,1,1,,42963
38186,39,1,1,,42964
38187,39,1,1,,42965
38188,39,1,1,,42966
38189,39,3,1,,42967
38190,39,1,1,,42968
38191,23,7,1,,42968
38192,23,7,1,,42969
38193,39,1,1,,42970
38194,39,1,1,,42971
38195,39,1,1,,42972
38196,11,,1,,42973
38197,11,,1,,42974
38198,39,1,2,,42975
38199,39,1,2,,42976
38200,39,1,2,,42977
38201,39,1,1,,42978
38202,36,,1,,42979
38203,39,1,1,,42980
38204,23,7,1,,42981
38205,39,1,1,,42982
38206,39,1,2,,42983
38207,39,1,1,,42984
38208,39,3,1,,42985
38209,39,1,1,,42986
38210,39,1,1,,42987
38211,23,5,1,,42988
38212,39,3,1,,42989
38213,39,1,1,,42990
38214,11,,1,,42991
38215,39,3,1,,42992
38216,36,,1,,42993
38217,39,1,1,,42994
38218,39,1,1,,42995
38219,39,1,1,,42996
38220,39,1,1,,42997
38221,23,7,1,,42997
38222,39,1,1,,42998
38223,23,5,1,,42999
38224,23,5,2,,43000
38225,39,1,2,,43001
38226,39,1,1,,43002
38227,39,1,1,,43003
38228,39,1,1,,43004
38229,39,1,1,,43005
38230,23,5,1,,43005
38231,39,1,1,,43006
38232,23,5,1,,43006
38233,39,1,1,,43007
38234,39,1,2,,43008
38235,39,1,1,,43009
38236,39,1,2,,43010
38237,23,7,1,,43010
38238,39,1,1,,43011
38239,39,1,1,,43012
38240,23,7,1,,43012
38241,23,5,1,,43013
38242,39,1,1,,43014
38243,39,3,1,,43015
38244,11,,1,,43016
38245,39,1,1,,43017
38246,39,1,2,,43018
38247,39,1,1,,43019
38248,39,3,2,,43020
38249,36,,1,,43021
38250,11,,1,,43022
38251,11,,1,,43023
38252,11,,1,,43024
38253,43,,1,,43025
38254,11,,1,,43026
38255,11,,1,,43027
38256,11,,1,,43028
38257,11,,1,,43029
38258,11,,1,,43030
38259,11,,1,,43031
38260,36,,1,,43032
38261,11,,1,,43033
38262,11,,1,,43034
38263,11,,1,tree falling,43035
38264,11,,1,,43036
38265,11,,1,,43037
38266,11,,1,,43038
38267,11,,1,,43039
38268,11,,1,,43040
38269,11,,1,,43041
38270,11,,1,,43042
38271,11,,1,,43043
38272,11,,1,,43044
38273,11,,1,,43045
38274,11,,1,,43046
38275,11,,1,,43047
38277,11,,1,,43049
38278,11,,1,,43050
38279,11,,1,,43051
38280,11,,1,,43052
38281,11,,1,,43053
38282,11,,1,,43054
38283,11,,1,,43055
38284,11,,1,,43056
38285,11,,1,,43057
38286,11,,1,,43058
38287,11,,1,,43059
38288,11,,1,,43060
38289,11,,1,,43061
38290,11,,1,,43062
38291,11,,1,,43063
38292,11,,1,,43064
38293,11,,1,,43065
38294,11,,1,,43066
38295,11,,1,,43067
38296,11,,1,,43068
38297,11,,1,,43069
38298,11,,1,,43070
38299,11,,1,,43071
38300,11,,1,,43072
38301,11,,1,,43073
38302,11,,1,,43074
38303,11,,1,,43075
38304,11,,1,,43076
38305,11,,1,,43077
38306,11,,1,,43078
38307,11,,1,,43079
38308,11,,1,,43080
38309,11,,1,,43081
38310,11,,1,,43082
38311,11,,1,,43083
38312,11,,1,,43084
38313,11,,1,,43085
38314,11,,1,,43086
38315,11,,1,,43087
38316,11,,1,,43088
38317,11,,1,,43089
38318,11,,1,,43090
38319,11,,1,,43091
38320,11,,1,,43092
38321,11,,1,,43093
38322,11,,1,,43094
38323,11,,1,,43095
38324,11,,1,new view,43096
38325,11,,1,,43097
38326,11,,1,,43098
38327,36,,1,,43099
38328,36,,2,,43100
38329,36,,1,,43101
38330,36,,1,,43102
38331,36,,1,,43103
38332,36,,1,,43104
38333,36,,1,,43105
38334,36,,1,,43106
38335,39,6,1,,43107
38336,36,,1,,43108
38337,36,,1,,43109
38338,36,,1,,43110
38339,36,,2,,43111
38340,39,1,1,,43112
38341,36,,1,,43113
38342,36,,1,,43114
38343,36,,1,,43115
38344,36,,3,,43116
38345,36,,3,,43117
38346,36,,1,,43118
38347,39,6,2,,43119
38348,36,,1,,43120
38349,36,,2,,43121
38350,39,1,2,,43122
38351,39,1,2,,43123
38352,36,,2,,43124
38353,36,,2,,43125
38354,36,,1,,43126
38355,36,,1,,43127
38356,36,,1,,43128
38357,36,,1,,43129
38358,36,,1,,43130
38359,36,,1,,43131
38360,36,,1,,43132
38361,11,,1,,43133
38362,11,,1,,43134
38363,11,,1,,43135
38364,11,,1,,43136
38365,11,,1,,43137
38366,11,,1,,43138
38367,36,,1,,43139
38368,36,,1,,43140
38369,36,,1,,43141
38370,36,,1,,43142
38371,36,,1,,43143
38372,36,,1,,43144
38373,36,,1,,43145
38374,36,,1,,43146
38375,36,,1,,43147
38376,36,,2,,43148
38377,36,,1,,43149
38378,36,,1,,43150
38379,36,,1,,43151
38380,36,,1,,43152
38381,36,,1,,43153
38382,36,,1,,43154
38383,11,,1,,43155
38384,36,,1,,43156
38385,36,,1,,43157
38386,11,,1,,43158
38387,11,,1,,43159
38388,11,,1,,43160
38389,39,6,1,,43161
38390,39,6,1,,43162
38391,39,6,1,,43163
38392,39,6,2,,43164
38393,11,,1,,43165
38394,11,,1,,43166
38395,11,,1,,43167
38396,36,,1,,43168
38397,36,,1,,43169
38398,36,,2,,43170
38399,25,,1,,43171
38400,36,,1,,43172
38401,11,,1,,43173
38402,36,,1,,43174
38403,36,,1,,43175
38404,36,,1,,43176
38405,36,,1,,43177
38406,36,,4,,43178
38407,36,,1,,43179
38408,36,,2,,43180
38409,39,6,1,,43181
38410,39,6,1,,43182
38411,39,6,1,,43183
38412,39,6,2,,43184
38413,11,,1,,43185
38414,11,,1,,43186
38415,11,,1,,43187
38416,36,,1,,43188
38417,36,,1,,43189
38418,36,,2,,43190
38419,25,,1,,43191
38420,36,,1,,43192
38421,11,,1,,43193
38422,36,,1,,43194
38423,36,,1,,43195
38424,36,,1,,43196
38425,36,,1,,43197
38426,36,,4,,43198
38427,36,,1,,43199
38428,36,,2,,43200
38429,39,6,1,,43201
38430,39,6,1,,43202
38431,39,6,2,,43203
38432,39,6,1,,43204
38433,39,6,1,,43205
38434,39,6,2,,43206
38435,39,6,1,,43207
38436,11,,1,,43208
38437,39,6,1,,43209
38438,11,,1,,43210
38439,39,6,1,,43211
38440,11,,1,,43212
38441,39,6,1,,43213
38442,36,,1,,43214
38443,39,6,1,,43215
38444,36,,1,,43216
38445,39,6,1,,43217
38446,36,,2,,43218
38447,39,6,2,,43219
38448,25,,1,,43220
38449,39,6,1,,43221
38450,36,,1,,43222
38451,39,6,1,,43223
38452,11,,1,,43224
38453,39,6,1,,43225
38454,36,,1,,43226
38455,39,6,1,,43227
38456,36,,1,,43228
38457,39,6,1,,43229
38458,36,,1,,43230
38459,11,,1,,43231
38460,36,,1,,43232
38461,39,6,1,,43233
38462,36,,4,,43234
38463,39,6,2,,43235
38464,36,,1,,43236
38465,39,6,1,,43237
38466,36,,2,,43238
38467,39,6,1,,43239
38468,39,6,1,,43240
38469,39,6,1,,43241
38470,39,6,1,,43242
38471,39,6,2,,43243
38472,39,6,2,,43244
38473,39,6,2,,43245
38474,39,6,1,,43246
38475,39,6,1,,43247
38476,39,6,1,,43248
38477,39,6,1,,43249
38478,39,6,1,,43250
38479,39,6,1,,43251
38480,39,6,1,,43252
38481,39,6,2,,43253
38482,39,6,1,,43254
38483,39,6,2,,43255
38484,39,6,1,,43256
38485,39,6,1,,43257
38486,39,6,1,,43258
38487,11,,1,,43259
38488,39,1,1,,43260
38489,39,6,1,,43261
38490,39,6,2,,43262
38491,55,,1,,24648
38492,55,,1,,24649
38493,55,,1,,24650
38494,39,6,1,,43263
38495,39,6,1,,43264
38496,11,,1,,43265
38497,11,,1,,43266
38498,11,,1,,43267
38499,36,,1,,43268
38500,36,,1,,43269
38501,36,,1,,43270
38502,36,,1,,43271
38503,36,,1,,43272
38504,36,,1,,43273
38505,36,,1,,43274
38506,36,,1,,43275
38507,36,,1,,43276
38508,36,,1,,43277
38509,36,,1,,43278
38510,36,,1,,43279
38511,36,,1,,43280
38512,36,,1,,43281
38513,36,,1,,43282
38514,36,,1,,43283
38515,36,,1,,43284
38516,36,,1,,43285
38517,36,,1,,43286
38518,36,,1,,43287
38519,36,,1,,43288
38520,36,,1,,43289
38521,36,,1,,43290
38522,36,,1,,43291
38523,36,,1,,43292
38524,36,,1,,43293
38525,36,,2,,43294
38526,36,,2,,43295
38527,36,,2,,43296
38528,36,,2,,43297
38529,36,,2,,43298
38530,36,,1,,43299
38531,36,,1,,43300
38532,36,,1,,43301
38533,36,,1,,43302
38534,36,,1,,43303
38535,36,,1,,43304
38536,36,,1,,43305
38537,36,,1,,43306
38538,36,,1,,43307
38539,36,,2,,43308
38540,36,,2,,43309
38541,36,,2,,43310
38542,36,,1,,43311
38543,11,,1,,43312
38544,11,,1,,43313
38545,36,,1,,43314
38546,36,,1,,43315
38547,36,,1,,43316
38548,36,,1,,43317
38549,36,,1,,43318
38550,36,,1,,43319
38551,36,,1,,43320
38552,36,,1,,43321
38553,36,,1,,43322
38554,36,,3,,43323
38555,36,,3,,43324
38556,36,,3,,43325
38557,36,,3,,43326
38558,36,,3,,43327
38559,36,,3,,43328
38560,36,,3,,43329
38561,36,,3,,43330
38562,36,,3,,43331
38563,36,,1,,43332
38564,36,,1,,43333
38565,36,,1,,43334
38566,36,,1,,43335
38567,36,,1,,43336
38568,36,,1,,43337
38569,11,,1,,43338
38570,11,,1,,43339
38571,11,,1,,43340
38572,36,,1,,43341
38573,36,,1,,43342
38574,36,,1,,43343
38575,36,,1,,43344
38576,36,,1,,43345
38577,36,,1,,43346
38578,36,,1,,43347
38579,36,,1,,43348
38580,36,,1,,43349
38581,36,,1,,43350
38582,36,,1,,43351
38583,36,,1,,43352
38584,36,,1,,43353
38585,36,,1,,43354
38586,36,,1,,43355
38587,36,,1,,43356
38588,36,,1,,43357
38589,36,,1,,43358
38590,36,,1,,43359
38591,11,,1,,43360
38592,11,,1,,43361
38593,36,,1,,43362
38594,36,,1,,43363
38595,36,,1,,43364
38596,36,,1,,43365
38597,36,,1,,43366
38598,36,,1,,43367
38599,36,,1,,43368
38600,36,,1,,43369
38601,36,,1,,43370
38602,36,,1,,43371
38603,36,,1,,43372
38604,36,,1,,43373
38605,36,,2,,43374
38606,36,,2,,43375
38607,36,,2,,43376
38608,36,,2,,43377
38609,36,,3,,43378
38610,36,,3,,43379
38611,36,,3,,43380
38612,36,,3,,43381
38613,36,,3,,43382
38614,36,,2,,43383
38615,36,,2,,43384
38616,36,,2,,43385
38617,36,,2,,43386
38618,36,,2,,43387
38619,36,,2,,43388
38620,36,,1,,43389
38621,36,,1,,43390
38622,36,,1,,43391
38623,36,,1,,43392
38624,36,,1,,43393
38625,11,,1,,43394
38626,36,,1,,43395
38627,11,,1,,43396
38628,11,,1,,43397
38629,36,,1,,43398
38630,36,,1,,43399
38631,36,,1,,43400
38632,36,,1,,43401
38633,36,,1,,43402
38634,36,,1,,43403
38635,36,,1,,43404
38636,36,,1,,43405
38637,36,,1,,43406
38638,36,,1,,43407
38639,36,,1,,43408
38640,36,,1,,43409
38641,36,,1,,43410
38642,36,,1,,43411
38643,36,,1,,43412
38644,36,,1,,43413
38645,36,,1,,43414
38646,36,,1,,43415
38647,11,,1,,43416
38648,11,,1,,43417
38649,36,,1,,43418
38650,36,,2,,43419
38651,36,,2,,43420
38652,36,,2,,43421
38653,36,,2,,43422
38654,36,,3,,43423
38655,36,,3,,43424
38656,36,,3,,43425
38657,36,,3,,43426
38658,36,,3,,43427
38659,36,,3,,43428
38660,36,,3,,43429
38661,36,,3,,43430
38662,36,,2,,43431
38663,36,,2,,43432
38664,36,,2,,43433
38665,36,,3,,43434
38666,36,,3,,43435
38667,36,,3,,43436
38668,36,,2,,43437
38669,36,,2,,43438
38670,36,,1,,43439
38671,36,,1,,43440
38672,36,,2,,43441
38673,36,,2,,43442
38674,36,,2,,43443
38675,36,,1,,43444
38676,36,,1,,43445
38677,36,,1,,43446
38678,36,,2,,43447
38679,36,,2,,43448
38680,36,,2,,43449
38681,36,,1,,43450
38682,36,,1,,43451
38683,36,,1,,43452
38684,36,,1,,43453
38685,36,,1,,43454
38686,36,,1,,43455
38687,36,,1,,43456
38688,36,,1,,43457
38689,36,,1,,43458
38690,36,,1,,43459
38691,36,,1,,43460
38692,36,,1,,43461
38693,36,,1,,43462
38694,36,,1,,43463
38695,36,,1,,43464
38696,36,,3,,43465
38697,36,,2,,43466
38698,36,,2,,43467
38699,36,,2,,43468
38700,36,,2,,43469
38701,36,,2,,43470
38702,36,,2,,43471
38703,36,,1,,43472
38704,36,,1,,43473
38705,36,,1,,43474
38706,36,,2,,43475
38707,36,,2,,43476
38708,36,,1,,43477
38709,36,,1,,43478
38710,11,,1,,43479
38711,36,,1,,43480
38712,36,,1,,43481
38713,36,,1,,43482
38714,36,,1,,43483
38715,36,,1,,43484
38716,36,,1,,43485
38717,36,,1,,43486
38718,36,,1,,43487
38719,36,,1,,43488
38720,55,,1,,43489
38721,55,,1,,43490
38722,55,,1,,43491
38723,36,,6,,43492
38724,36,,6,,43493
38725,36,,5,,43494
38726,36,,1,,43495
38727,36,,1,,43496
38728,36,,1,,43497
38729,36,,1,,43498
38730,36,,1,,43499
38731,36,,1,,43500
38732,36,,1,,43501
38733,36,,2,,43502
38734,36,,2,,43503
38735,39,6,1,,43504
38736,36,,2,,43505
38737,36,,2,,43506
38738,36,,2,,43507
38739,36,,2,,43508
38740,36,,2,,43509
38741,36,,1,,43510
38742,36,,1,,43511
38743,36,,1,,43512
38744,36,,1,,43513
38745,36,,1,,43514
38746,36,,1,,43515
38747,36,,1,,43516
38748,36,,1,,43517
38749,36,,1,,43518
38750,36,,1,,43519
38751,36,,1,,43520
38752,36,,1,,43521
38753,36,,1,,43522
38754,36,,1,,43523
38755,36,,1,,43524
38756,36,,1,,43525
38757,36,,1,,43526
38758,36,,2,,43527
38759,36,,2,,43528
38760,36,,2,,43529
38761,36,,1,,43530
38762,36,,1,,43531
38763,36,,2,,43532
38764,36,,2,,43533
38765,36,,2,,43534
38766,36,,2,,43535
38767,36,,1,,43536
38768,36,,1,,43537
38769,36,,1,,43538
38770,36,,1,,43539
38771,36,,2,,43540
38772,36,,2,,43541
38773,36,,1,,43542
38774,36,,1,,43543
38775,36,,1,,43544
38776,36,,1,,43545
38777,36,,1,,43546
38778,36,,2,,43547
38779,36,,1,,43548
38780,36,,1,,43549
38781,36,,1,,43550
38782,36,,1,,43551
38783,36,,1,,43552
38784,36,,1,,43553
38785,36,,2,,43554
38786,36,,2,,43555
38787,36,,2,,43556
38788,36,,1,,43557
38789,36,,1,,43558
38790,36,,1,,43559
38791,36,,2,,43560
38792,36,,2,,43561
38793,36,,2,,43562
38794,36,,2,,43563
38795,36,,2,,43564
38796,36,,2,,43565
38797,36,,1,,43566
38798,11,,1,,43567
38799,11,,1,,43568
38800,36,,1,,43569
38801,36,,1,,43570
38802,36,,1,,43571
38803,36,,1,,43572
38804,36,,1,,43573
38805,36,,2,,43574
38806,36,,2,,43575
38807,36,,2,,43576
38808,36,,2,,43577
38809,36,,1,,43578
38810,36,,1,,43580
38811,36,,1,,43581
38812,36,,1,,43582
38813,36,,1,,43583
38814,36,,1,,43584
38815,36,,1,,43585
38816,36,,1,,43586
38817,36,,1,,43587
38818,36,,1,,43588
38819,36,,1,,43589
38820,36,,1,,43590
38821,36,,1,,43591
38822,36,,1,,43592
38823,36,,1,,43593
38824,36,,1,,43594
38825,36,,1,,43595
38826,36,,1,,43596
38827,36,,1,,43597
38828,36,,1,,43598
38829,36,,1,,43599
38830,36,,1,,43600
38831,36,,1,,43601
38832,36,,1,,43602
38833,36,,1,,43603
38834,36,,1,,43604
38835,36,,1,,43605
38836,36,,1,,43606
38837,36,,1,,43607
38838,36,,1,,43608
38839,36,,1,,43609
38840,36,,1,,43610
38841,36,,1,,43611
38842,36,,1,,43612
38843,36,,1,,43613
38844,36,,1,,43614
38845,36,,1,,43615
38846,36,,1,,43616
38847,36,,1,,43617
38848,36,,1,,43618
38849,36,,1,,43619
38850,36,,1,,43620
38851,36,,1,,43621
38852,36,,1,,43622
38853,36,,1,,43623
38854,36,,1,,43624
38855,36,,1,,43625
38856,36,,1,,43626
38857,36,,1,,43627
38858,36,,1,,43628
38859,36,,1,,43629
38860,36,,1,,43630
38861,36,,1,,43631
38862,36,,1,,43632
38863,36,,1,,43633
38864,36,,1,,43634
38865,36,,1,,43635
38866,36,,1,,43636
38867,36,,1,,43637
38868,36,,1,,43638
38869,11,,1,,43639
38870,11,,1,,43640
38871,11,,1,,43641
38872,11,,1,,43642
38873,36,,1,,43643
38874,36,,1,,43644
38875,36,,1,,43645
38876,36,,1,,43646
38877,36,,1,,43647
38878,36,,1,,43648
38879,39,44,1,,43649
38880,39,44,1,,43650
38881,39,44,1,,43651
38882,39,44,1,,43652
38883,39,44,1,,43653
38884,39,44,1,,43654
38885,39,44,1,,43655
38886,36,,1,,43656
38887,36,,1,,43657
38888,36,,1,,43658
38889,36,,2,,43659
38890,36,,2,,43660
38891,36,,2,,43661
38892,36,,3,,43662
38893,36,,3,,43663
38894,36,,3,,43664
38895,36,,1,,43665
38896,36,,1,,43666
38897,36,,1,,43667
38898,36,,5,,43668
38899,36,,5,,43669
38900,36,,5,,43670
38901,36,,5,,43671
38902,36,,5,,43672
38903,36,,5,,43673
38904,36,,4,,43674
38905,36,,4,,43675
38906,36,,4,,43676
38907,36,,4,,43677
38908,36,,4,,43678
38909,36,,4,,43679
38910,36,,4,,43680
38911,36,,4,,43681
38912,36,,4,,43682
38913,36,,4,,43683
38914,36,,4,,43684
38915,36,,4,,43685
38916,36,,4,,43686
38917,36,,4,,43687
38918,36,,4,,43688
38919,36,,4,,43689
38920,36,,4,,43690
38921,36,,4,,43691
38922,36,,4,,43692
38923,36,,3,,43693
38924,36,,3,,43694
38925,36,,3,,43695
38926,36,,3,,43696
38927,36,,3,,43697
38928,36,,2,,43698
38929,36,,2,,43699
38930,36,,2,,43700
38931,36,,3,,43701
38932,36,,3,,43702
38933,36,,3,,43703
38934,36,,3,,43704
38935,36,,3,,43705
38936,36,,3,,43706
38937,36,,3,,43707
38938,36,,3,,43708
38939,36,,3,,43709
38940,36,,2,,43710
38941,36,,2,,43711
38942,36,,2,,43712
38943,36,,1,,43713
38944,36,,1,,43714
38945,36,,1,,43715
38946,36,,4,,43716
38947,36,,4,,43717
38948,36,,4,,43718
38949,36,,4,,43719
38950,36,,5,,43720
38951,36,,6,,43721
38952,36,,5,,43722
38953,36,,5,,43723
38954,36,,5,,43724
38955,36,,4,,43725
38956,36,,4,,43726
38957,36,,4,,43727
38958,36,,4,,43728
38959,36,,4,,43729
38960,36,,4,,43730
38961,36,,4,,43731
38962,36,,4,,43732
38963,36,,4,,43733
38964,36,,4,,43734
38965,36,,4,,43735
38966,36,,4,,43736
38967,36,,4,,43737
38968,36,,4,,43738
38969,36,,4,,43739
38970,36,,1,,43740
38971,36,,1,,43741
38972,11,,1,,43742
38973,11,,1,,43743
38974,11,,1,,43744
38975,36,,1,,43745
38976,36,,1,,43746
38977,36,,1,,43747
38978,36,,1,,43748
38979,36,,1,,43749
38980,36,,1,,43750
38981,36,,1,,43751
38982,36,,1,,43752
38983,36,,1,,43753
38984,36,,1,,43754
38985,36,,1,,43755
38986,36,,1,,43756
38987,36,,1,,43757
38988,36,,1,,43758
38989,36,,1,,43759
38990,36,,1,,43760
38991,36,,1,,43761
38992,36,,1,,43762
38993,36,,1,,43763
38994,36,,1,,43764
38995,36,,1,,43765
38996,36,,1,,43766
38997,36,,1,,43767
38998,36,,1,,43768
38999,36,,1,,43769
39000,36,,1,,43770
39001,36,,1,,43771
39002,36,,1,,43772
39003,36,,1,,43773
39004,36,,1,,43774
39005,36,,1,,43775
39006,36,,1,,43776
39007,36,,1,,43777
39008,39,6,1,,43778
39009,36,,1,,43779
39010,36,,1,,43780
39011,36,,1,,43781
39012,36,,1,,43782
39013,36,,1,,43783
39014,36,,1,,43784
39015,36,,1,,43785
39016,36,,1,,43786
39017,36,,1,,43787
39018,36,,1,,43788
39019,36,,1,,43789
39020,36,,1,,43790
39021,36,,1,,43791
39022,36,,1,,43792
39023,36,,1,,43793
39024,36,,1,,43794
39025,36,,1,,43795
39026,36,,1,,43796
39027,36,,1,,43797
39028,36,,1,,43798
39029,36,,1,,43799
39030,36,,1,,43800
39031,36,,1,,43801
39032,36,,1,,43802
39033,36,,1,,43803
39034,36,,1,,43804
39035,36,,1,,43805
39036,36,,1,,43806
39037,36,,1,,43807
39038,36,,1,,43808
39039,36,,1,,43809
39040,36,,1,,43810
39041,36,,1,,43811
39042,36,,1,,43812
39043,36,,1,,43813
39044,36,,1,,43814
39045,36,,1,,43815
39046,36,,1,,43816
39047,36,,1,,43817
39048,36,,1,,43818
39049,36,,1,,43819
39050,36,,1,,43820
39051,36,,1,,43821
39052,36,,1,,43822
39053,36,,1,,43823
39054,36,,1,,43824
39055,36,,2,,43825
39056,36,,2,,43826
39057,36,,2,,43827
39058,36,,2,,43828
39059,36,,2,,43829
39060,36,,2,,43830
39061,36,,2,,43831
39062,36,,2,,43832
39063,36,,2,,43833
39064,36,,2,,43834
39065,36,,2,,43835
39066,36,,1,,43836
39067,36,,1,,43837
39068,36,,1,,43838
39069,11,,1,,43839
39070,36,,3,,43840
39071,36,,3,,43841
39072,36,,2,,43842
39073,36,,2,,43843
39074,36,,1,,43844
39075,36,,1,,43845
39076,36,,1,,43846
39077,36,,1,,43847
39078,36,,1,,43848
39079,36,,1,,43849
39080,36,,4,,43850
39081,36,,4,,43851
39082,36,,2,,43852
39083,36,,4,,43853
39084,36,,4,,43854
39085,36,,3,,43855
39086,36,,4,,43856
39087,36,,5,,43857
39088,36,,5,,43858
39089,36,,4,,43859
39090,36,,4,,43860
39091,36,,3,,43861
39092,36,,5,,43862
39093,36,,4,,43863
39094,36,,4,,43864
39095,36,,4,,43865
39096,36,,4,,43866
39097,36,,4,,43867
39098,36,,5,,43868
39099,36,,5,,43869
39100,36,,4,,43870
39101,36,,4,,43871
39102,36,,3,,43872
39103,36,,2,,43873
39104,36,,4,,43874
39105,36,,4,,43875
39106,36,,4,,43876
39107,36,,4,,43877
39108,36,,4,,43878
39109,36,,4,,43879
39110,36,,3,,43880
39111,36,,3,,43881
39112,36,,5,,43882
39113,36,,5,,43883
39114,36,,5,,43884
39115,36,,5,,43885
39116,36,,5,,43886
39117,36,,5,,43887
39118,36,,3,,43888
39119,36,,4,,43889
39120,36,,4,,43890
39121,36,,3,,43891
39122,36,,3,,43892
39123,36,,3,,43893
39124,36,,3,,43894
39125,36,,2,,43895
39126,36,,2,,43896
39127,36,,1,,43897
39128,36,,1,,43898
39129,36,,1,,43899
39130,36,,1,,43900
39131,36,,2,,43901
39132,36,,2,,43902
39133,36,,2,,43903
39134,36,,2,,43904
39135,36,,2,,43905
39136,36,,2,,43906
39137,36,,2,,43907
39138,36,,2,,43908
39139,36,,2,,43909
39140,36,,2,,43910
39141,36,,2,,43911
39142,36,,2,,43912
39143,36,,2,,43913
39144,36,,2,,43914
39145,36,,2,,43915
39146,36,,2,,43916
39147,36,,2,,43917
39148,36,,2,,43918
39149,36,,2,,43919
39150,36,,2,,43920
39154,36,,2,,43924
39155,36,,2,,43925
39156,36,,2,,43926
39157,11,,1,,43927
39158,11,,1,,43928
39159,11,,1,,43929
39160,11,,1,,43930
39161,11,,1,,43931
39162,36,,1,,43932
39163,11,,1,,43933
39164,11,,1,,43934
39165,11,,1,,43935
39166,36,,1,,43936
39167,36,,1,,43937
39168,36,,1,,43938
39169,11,,1,,43939
39170,11,,1,,43940
39171,11,,1,,43941
39172,11,,1,,43942
39173,11,,1,,43943
39174,36,,1,,43944
39175,36,,1,,43945
39176,36,,1,,43946
39177,36,,1,,43947
39178,36,,1,,43948
39179,36,,1,,43949
39180,36,,1,,43950
39181,36,,1,,43951
39182,36,,1,,43952
39183,36,,1,,43953
39184,36,,1,,43954
39185,36,,1,,43955
39186,36,,1,,43956
39187,36,,1,,43957
39188,36,,1,,43958
39189,36,,1,,43959
39190,36,,1,,43960
39191,36,,1,,43961
39192,36,,1,,43962
39193,36,,1,,43963
39194,36,,1,,43964
39195,36,,1,,43965
39196,36,,1,,43966
39197,36,,1,,43967
39198,36,,1,,43968
39199,36,,1,,43969
39200,36,,1,,43970
39201,36,,1,,43971
39202,36,,1,,43972
39203,36,,1,,43973
39204,36,,1,,43974
39205,36,,1,,43975
39206,36,,1,,43976
39207,36,,1,,43977
39208,36,,1,,43978
39209,36,,1,,43979
39210,36,,1,,43980
39211,36,,1,,43981
39212,36,,1,,43982
39213,36,,1,,43983
39214,36,,1,,43984
39215,36,,1,,43985
39216,36,,1,,43986
39217,36,,1,,43987
39218,36,,1,,43988
39219,36,,1,,43989
39220,36,,1,,43990
39221,36,,1,,43991
39222,36,,1,,43992
39223,36,,1,,43993
39224,36,,1,,43994
39225,36,,1,,43995
39226,36,,1,,43996
39227,36,,1,,43997
39228,36,,1,,43998
39229,36,,1,,43999
39230,36,,1,,44000
39231,36,,1,,44001
39232,36,,1,,44002
39233,36,,1,,44003
39234,36,,1,,44004
39235,36,,1,,44005
39236,36,,1,,44006
39237,36,,1,,44007
39238,36,,1,,44008
39239,36,,1,,44009
39240,36,,1,,44010
39241,36,,1,,44011
39242,36,,1,,44012
39243,36,,1,,44013
39244,36,,2,,44014
39245,36,,2,,44015
39246,36,,2,,44016
39247,36,,1,,44017
39248,36,,1,,44018
39249,36,,1,,44019
39250,36,,1,,44020
39251,36,,2,,44021
39252,36,,2,,44022
39253,36,,2,,44023
39254,36,,2,,44024
39255,36,,2,,44025
39256,36,,2,,44026
39257,36,,2,,44027
39258,36,,2,,44028
39259,36,,2,,44029
39260,36,,2,,44030
39261,36,,2,,44031
39262,36,,2,,44032
39263,36,,2,,44033
39264,36,,2,,44034
39265,36,,2,,44035
39266,36,,2,,44036
39267,36,,2,,44037
39268,36,,1,,44038
39269,36,,1,,44039
39270,36,,1,,44040
39271,36,,1,,44041
39272,36,,1,,44042
39273,36,,1,,44043
39274,36,,1,,44044
39275,36,,1,,44045
39276,36,,1,,44046
39277,36,,1,,44047
39278,36,,1,,44048
39279,36,,1,,44049
39280,36,,1,,44050
39281,36,,1,,44051
39282,36,,1,,44052
39283,36,,1,,44053
39284,36,,1,,44054
39285,36,,1,,44055
39286,36,,1,,44056
39287,36,,1,,44058
39288,36,,1,,44059
39289,36,,1,,44060
39290,36,,1,,44061
39291,36,,2,,44062
39292,36,,2,,44063
39293,36,,2,,44064
39294,36,,2,,44065
39295,36,,2,,44066
39296,36,,2,,44067
39297,36,,2,,44068
39298,36,,2,,44069
39299,36,,2,,44070
39300,36,,2,,44071
39301,36,,2,,44072
39302,36,,2,,44073
39303,36,,2,,44074
39304,36,,2,,44075
39305,36,,2,,44076
39306,36,,2,,44077
39307,36,,2,,44078
39308,36,,2,,44079
39309,36,,1,,44080
39310,36,,1,,44081
39311,36,,1,,44082
39312,36,,1,,44083
39313,36,,1,,44084
39314,36,,1,,44085
39315,36,,1,,44086
39316,36,,1,,44087
39317,36,,1,,44088
39318,36,,1,,44089
39319,36,,1,,44090
39320,36,,1,,44091
39321,36,,1,,44092
39322,36,,1,,44093
39323,36,,1,,44094
39324,36,,1,,44095
39325,36,,1,,44096
39326,36,,1,,44097
39327,36,,1,,44098
39328,36,,1,,44099
39329,36,,1,,44100
39330,36,,1,,44101
39331,36,,1,,44102
39332,36,,1,,44103
39333,36,,1,,44104
39334,36,,1,,44105
39335,36,,1,,44106
39336,36,,1,,44107
39337,36,,1,,44108
39338,36,,1,,44109
39339,36,,1,,44110
39340,36,,1,,44111
39341,36,,1,,44112
39342,36,,1,,44113
39343,36,,1,,44114
39344,36,,1,,44115
39345,36,,1,,44116
39346,36,,1,,44117
39347,36,,1,,44118
39348,36,,1,,44119
39349,36,,1,,44120
39350,36,,1,,44121
39351,36,,1,,44122
39352,36,,1,,44123
39353,36,,1,,44124
39354,36,,1,,44125
39355,36,,1,,44126
39356,36,,1,,44127
39357,11,,1,,44128
39358,11,,1,,44129
39359,11,,1,,44130
39360,36,,1,,44131
39361,36,,1,,44132
39362,36,,1,,44133
39363,36,,1,,44134
39364,36,,1,,44135
39365,36,,1,,44136
39366,36,,1,,44137
39367,36,,1,,44138
39368,36,,1,,44139
39369,36,,1,,44140
39370,36,,1,,44141
39371,36,,1,,44142
39372,36,,1,,44143
39373,36,,1,,44144
39374,36,,1,,44145
39375,36,,1,,44146
39376,36,,1,,44147
39377,36,,1,,44148
39378,36,,1,,44149
39379,36,,1,,44150
39380,36,,1,,44151
39381,36,,1,,44152
39382,36,,1,,44153
39383,36,,1,,44154
39384,36,,1,,44155
39385,36,,1,,44156
39386,36,,2,,44157
39387,36,,1,,44158
39388,36,,2,,44159
39389,36,,2,,44160
39390,36,,1,,44161
39391,36,,1,,44162
39392,36,,1,,44163
39393,36,,1,,44164
39394,36,,1,,44165
39395,36,,1,,44166
39396,36,,1,,44167
39397,36,,1,,44168
39398,36,,1,,44169
39399,36,,1,,44170
39400,36,,1,,44171
39401,36,,1,,44172
39402,36,,1,,44173
39403,36,,2,,44174
39404,36,,2,,44175
39405,36,,1,,44176
39406,36,,1,,44177
39407,36,,1,,44178
39408,36,,2,,44179
39409,36,,2,,44180
39410,36,,2,,44181
39411,36,,2,,44182
39412,36,,2,,44183
39413,36,,2,,44184
39414,36,,2,,44185
39415,36,,2,,44186
39416,36,,2,,44187
39417,36,,2,,44188
39418,36,,2,,44189
39419,36,,2,,44190
39420,36,,3,,44191
39421,36,,3,,44192
39422,36,,3,,44193
39423,36,,3,,44194
39424,36,,3,,44195
39425,36,,2,,44196
39426,36,,2,,44197
39427,36,,2,,44198
39428,36,,2,,44199
39429,36,,2,,44200
39430,36,,2,,44201
39431,36,,1,,44202
39432,36,,1,,44203
39433,36,,1,,44204
39434,36,,1,,44205
39435,36,,1,,44206
39436,36,,1,,44207
39437,36,,1,,44208
39438,36,,1,,44209
39439,36,,1,,44210
39440,36,,1,,44211
39441,36,,1,,44212
39442,36,,1,,44213
39443,36,,1,,44214
39444,36,,1,,44215
39445,36,,1,,44216
39446,36,,1,,44217
39447,36,,1,,44218
39448,36,,1,,44219
39449,36,,1,,44220
39450,36,,1,,44221
39451,36,,1,,44222
39452,36,,1,,44223
39453,36,,1,,44224
39454,36,,1,,44225
39455,11,,1,,44226
39456,11,,1,,44227
39457,11,,1,,44228
39458,11,,1,,44229
39459,11,,1,,44230
39460,11,,1,,44231
39461,11,,1,,44232
39462,36,,1,,44233
39463,36,,1,,44234
39464,36,,1,,44235
39465,36,,1,,44236
39466,36,,2,,44237
39467,36,,2,,44238
39468,36,,2,,44239
39469,36,,2,,44240
39470,36,,2,,44241
39471,36,,4,,44242
39472,36,,4,,44243
39473,36,,4,,44244
39474,36,,4,,44245
39475,36,,4,,44246
39476,36,,4,,44247
39477,36,,4,,44248
39478,36,,3,,44249
39479,36,,3,,44250
39480,36,,3,,44251
39481,36,,3,,44252
39482,36,,3,,44253
39483,36,,2,,44254
39484,36,,2,,44255
39485,36,,2,,44256
39486,36,,2,,44257
39487,36,,2,,44258
39488,36,,2,,44259
39489,36,,1,,44260
39490,36,,1,,44261
39491,36,,1,,44262
39492,36,,1,,44263
39493,11,,1,,44264
39494,11,,1,,44265
39495,36,,1,,44266
39496,36,,1,,44267
39497,36,,1,,44268
39498,11,,1,,44269
39499,11,,1,,44270
39500,11,,1,,44271
39501,11,,1,,44272
39502,11,,1,,44273
39503,11,,1,,44274
39504,11,,1,,44275
39505,11,,1,,44276
39506,36,,1,,44277
39507,36,,1,,44278
39508,36,,1,,44279
39509,39,6,1,,44280
39510,39,6,1,,44281
39511,39,6,1,,44282
39512,59,,1,,44283
39513,59,,1,,44284
39514,59,,1,,44285
39515,36,,1,,44286
39516,36,,1,,44287
39517,36,,1,,44288
39518,36,,1,,44289
39519,36,,1,,44290
39520,36,,1,,44291
39521,36,,1,,44292
39522,36,,1,,44293
39523,36,,1,,44294
39524,36,,1,,44295
39525,36,,1,,44296
39526,36,,2,,44297
39527,36,,2,,44298
39528,36,,2,,44299
39529,36,,1,,44300
39530,36,,1,,44301
39531,36,,1,,44302
39532,36,,2,,44303
39533,36,,2,,44304
39534,36,,2,,44305
39535,36,,1,,44306
39536,36,,1,,44307
39537,36,,1,,44308
39538,36,,1,,44309
39539,36,,1,,44310
39540,36,,1,,44311
39541,36,,1,,44312
39542,36,,1,,44313
39543,36,,1,,44314
39544,36,,1,,44315
39545,11,,1,,44316
39546,11,,1,,44317
39547,11,,1,,44318
39548,36,,1,,44319
39549,36,,1,,44320
39550,36,,1,,44321
39551,36,,1,,44322
39552,36,,1,,44323
39553,36,,1,,44324
39554,36,,1,,44325
39555,36,,3,,44326
39556,36,,3,,44327
39557,36,,1,,44328
39558,36,,1,,44329
39559,36,,1,,44330
39560,36,,1,,44331
39561,36,,1,,44332
39562,36,,1,,44333
39563,36,,2,,44334
39564,36,,1,,44335
39565,36,,1,,44336
39566,36,,1,,44337
39567,36,,1,,44338
39568,36,,1,,44339
39569,36,,1,,44340
39570,36,,2,,44341
39571,36,,2,,44342
39572,36,,1,,44343
39573,36,,1,,44344
39574,36,,1,,44345
39575,36,,1,,44346
39576,36,,1,,44347
39577,36,,1,,44348
39578,36,,1,,44349
39579,36,,1,,44350
39580,36,,1,,44351
39581,36,,1,,44352
39582,36,,1,,44353
39583,36,,1,,44354
39584,36,,1,,44355
39585,36,,1,,44356
39586,36,,1,,44357
39587,36,,1,,44358
39588,36,,1,,44359
39589,36,,1,,44360
39590,36,,1,,44361
39591,36,,1,,44362
39592,36,,1,,44363
39593,36,,1,,44364
39594,36,,1,,44365
39595,36,,1,,44366
39596,36,,1,,44367
39597,36,,1,,44368
39598,36,,1,,44369
39599,36,,1,,44370
39600,36,,1,,44371
39601,36,,1,,44372
39602,36,,1,,44373
39603,36,,1,,44374
39604,36,,1,,44375
39605,36,,1,,44376
39606,36,,1,,44377
39607,36,,1,,44378
39608,36,,1,,44379
39609,36,,1,,44380
39610,36,,1,,44381
39611,36,,1,,44382
39612,36,,1,,44383
39613,36,,1,,44384
39614,36,,1,,44385
39615,36,,1,,44386
39616,36,,1,,44387
39617,36,,1,,44388
39618,36,,1,,44389
39619,36,,1,,44390
39620,36,,1,,44391
39621,36,,1,,44392
39622,36,,1,,44393
39623,36,,1,,44394
39624,36,,1,,44395
39625,36,,1,,44396
39626,36,,1,,44397
39627,36,,1,,44398
39628,36,,1,,44399
39629,36,,1,,44400
39630,36,,1,,44401
39631,36,,1,,44402
39632,36,,1,,44403
39633,36,,1,,44404
39634,36,,1,,44405
39635,36,,1,,44406
39636,36,,1,,44407
39637,36,,1,,44408
39638,36,,1,,44409
39639,36,,1,,44410
39640,36,,1,,44411
39641,36,,1,,44412
39642,36,,1,,44413
39643,36,,1,,44414
39644,11,,1,,44415
39645,36,,1,,44416
39646,36,,1,,44417
39647,36,,1,,44418
39648,59,,1,,44419
39649,59,,1,,44420
39650,59,,1,,44421
39651,36,,1,,44422
39652,36,,1,,44423
39653,36,,1,,44424
39654,36,,1,,44425
39655,36,,1,,44426
39656,36,,1,,44427
39657,36,,1,,44428
39658,36,,1,,44429
39659,36,,1,,44430
39660,36,,1,,44431
39661,36,,1,,44432
39662,36,,1,,44433
39663,11,,1,,44434
39664,36,,1,,44435
39665,36,,1,,44436
39666,36,,1,,44437
39667,36,,1,,44438
39668,36,,1,,44439
39669,36,,1,,44440
39670,36,,1,,44441
39671,36,,1,,44442
39672,36,,1,,44443
39673,36,,1,,44444
39674,36,,1,,44445
39675,36,,1,,44446
39676,11,,1,,44447
39677,11,,1,,44448
39678,11,,1,,44449
39679,36,,1,,44450
39680,36,,1,,44451
39681,36,,1,,44452
39682,36,,1,,44453
39683,36,,1,,44454
39684,36,,1,,44455
39685,36,,1,,44456
39686,36,,1,,44457
39687,36,,1,,44458
39688,36,,1,,44459
39689,36,,1,,44460
39690,36,,1,,44461
39691,36,,1,,44462
39692,36,,1,,44463
39693,36,,1,,44464
39694,36,,1,,44465
39695,36,,1,,44466
39696,36,,1,,44467
39697,36,,1,,44468
39698,36,,1,,44469
39699,36,,1,,44470
39700,36,,1,,44471
39701,11,,1,,44472
39702,11,,1,,44473
39703,36,,1,,44474
39704,36,,1,,44475
39705,36,,1,,44476
39706,11,,1,,44477
39707,11,,1,,44478
39708,11,,1,,44479
39709,36,,1,,44480
39710,36,,1,,44481
39711,36,,1,,44482
39712,36,,1,,44483
39713,36,,1,,44484
39714,36,,1,,44485
39715,36,,1,,44486
39716,36,,1,,44487
39717,36,,1,,44488
39718,36,,1,,44489
39719,36,,1,,44490
39720,36,,1,,44491
39721,36,,1,,44492
39722,36,,1,,44493
39723,36,,1,,44494
39724,36,,1,,44495
39725,36,,1,,44496
39726,36,,1,,44497
39727,36,,1,,44498
39728,36,,1,,44499
39729,36,,1,,44500
39730,11,,1,,44501
39731,59,,5,,44502
39732,59,,5,,44503
39733,59,,5,,44504
39734,59,,3,,44505
39735,59,,3,,44506
39736,59,,3,,44507
39737,59,,3,,44508
39738,59,,2,,44509
39739,59,,2,,44510
39740,36,,1,,44511
39741,36,,1,,44512
39742,36,,1,,44513
39743,36,,1,,44514
39744,36,,1,,44515
39745,36,,1,,44516
39746,36,,1,,44517
39747,36,,1,,44518
39748,36,,1,,44519
39749,36,,1,,44520
39750,36,,1,,44521
39751,36,,1,,44522
39752,36,,1,,44523
39753,36,,1,,44524
39754,36,,1,,44525
39755,36,,1,,44526
39756,36,,1,,44527
39757,36,,1,,44528
39758,36,,1,,44529
39759,36,,1,,44530
39760,36,,1,,44531
39761,36,,1,,44532
39762,36,,1,,44533
39763,36,,1,,44534
39764,36,,1,,44535
39765,36,,1,,44536
39766,36,,1,,44537
39767,36,,1,,44538
39768,36,,1,,44539
39769,36,,1,,44540
39770,36,,1,,44541
39771,36,,1,,44542
39772,36,,1,,44543
39773,36,,1,,44544
39774,11,,1,,44545
39775,11,,1,,44546
39776,36,,1,,44547
39777,36,,1,,44548
39778,36,,1,,44549
39779,36,,1,,44550
39780,36,,1,,44551
39781,11,,1,,44552
39782,11,,1,,44553
39783,36,,1,,44554
39784,36,,1,,44555
39785,36,,1,,44556
39786,36,,1,,44557
39787,36,,1,,44558
39788,36,,1,,44559
39789,36,,1,,44560
39790,36,,1,,44561
39791,36,,1,,44562
39792,36,,1,,44563
39793,36,,2,,44564
39794,36,,2,,44565
39795,36,,2,,44566
39796,36,,2,,44567
39797,36,,2,,44568
39798,36,,1,,44569
39799,36,,1,,44570
39800,36,,1,,44571
39801,36,,1,,44572
39802,36,,1,,44573
39803,36,,1,,44574
39804,36,,2,,44575
39805,36,,2,,44576
39806,36,,2,,44577
39807,36,,1,,44578
39808,36,,1,,44579
39809,36,,1,,44580
39810,36,,1,,44581
39811,36,,1,,44582
39812,36,,1,,44583
39813,36,,6,,44584
39814,36,,3,,44585
39815,36,,2,,44586
39816,36,,1,,44587
39817,36,,1,,44588
39818,36,,1,,44589
39819,36,,1,,44590
39820,36,,1,,44591
39821,36,,1,,44592
39822,36,,1,,44593
39823,36,,1,,44594
39824,36,,1,,44595
39825,36,,1,,44596
39826,36,,1,,44597
39827,36,,1,,44598
39828,36,,1,,44599
39829,36,,1,,44600
39830,36,,1,,44601
39831,36,,1,,44602
39832,36,,1,,44603
39833,36,,1,,44604
39834,36,,1,,44605
39835,36,,1,,44606
39836,36,,1,,44607
39837,36,,1,,44608
39838,36,,1,,44609
39839,36,,1,,44610
39840,36,,1,,44611
39841,36,,1,,44612
39842,36,,1,,44613
39843,36,,1,,44614
39844,36,,1,,44615
39845,36,,1,,44616
39846,36,,1,,44617
39847,36,,1,,44618
39848,36,,1,,44619
39849,36,,1,,44620
39850,36,,1,,44621
39851,36,,1,,44622
39852,36,,1,,44623
39853,8,,1,,44624
39854,8,,1,,44625
39855,8,,1,,44626
39856,36,,1,,44627
39857,36,,1,,44628
39858,36,,1,,44629
39859,36,,1,,44630
39860,36,,1,,44631
39861,36,,1,,44632
39862,36,,1,,44633
39863,36,,1,,44634
39864,36,,1,,44635
39865,36,,1,,44636
39866,36,,1,,44637
39867,36,,1,,44638
39868,36,,1,,44639
39869,36,,1,,44640
39870,11,,1,,44641
39871,36,,1,,44642
39872,36,,1,,44643
39873,36,,1,,44644
39874,36,,1,,44645
39875,36,,1,,44646
39876,36,,1,,44647
39877,36,,1,,44648
39878,11,,1,,44649
39879,11,,1,,44650
39880,36,,1,,44651
39881,36,,1,,44652
39882,36,,1,,44653
39883,36,,1,,44654
39884,36,,1,,44655
39885,36,,1,,44656
39886,36,,1,,44657
39887,36,,1,,44658
39888,36,,1,,44659
39889,36,,1,,44660
39890,36,,2,,44661
39891,36,,3,,44662
39892,36,,3,,44663
39893,36,,2,,44664
39894,36,,2,,44665
39895,36,,2,,44666
39896,36,,2,,44667
39897,36,,2,,44668
39898,11,,1,,44669
39899,11,,1,,44670
39900,11,,1,,44671
39901,36,,1,,44672
39902,36,,1,,44673
39903,36,,1,,44674
39904,36,,1,,44675
39905,36,,1,,44676
39906,36,,1,,44677
39907,36,,1,,44678
39908,36,,1,,44679
39909,36,,1,,44680
39910,36,,1,,44681
39911,36,,1,,44682
39912,36,,1,,44683
39913,36,,1,,44684
39914,36,,1,,44685
39915,36,,1,,44686
39916,36,,1,,44687
39917,36,,1,,44688
39918,36,,1,,44689
39919,36,,1,,44690
39920,36,,1,,44691
39921,36,,1,,44692
39922,36,,1,,44693
39923,36,,1,,44694
39924,36,,1,,44695
39925,36,,1,,44696
39926,36,,1,,44697
39927,36,,1,,44698
39928,36,,1,,44699
39929,36,,1,,44700
39930,36,,1,,44701
39931,36,,1,,44702
39932,36,,1,,44703
39933,36,,1,,44704
39934,36,,1,,44705
39935,36,,1,,44706
39936,36,,1,,44707
39937,36,,1,,44708
39938,36,,1,,44709
39939,36,,1,,44710
39940,36,,1,,44711
39941,36,,1,,44712
39942,36,,1,,44713
39943,36,,1,,44714
39944,36,,1,,44715
39945,36,,1,,44716
39946,36,,1,,44717
39947,36,,1,,44718
39948,36,,1,,44719
39949,36,,1,,44720
39950,11,,1,,44721
39951,11,,1,,44722
39952,11,,1,,44723
39953,36,,1,,44724
39954,36,,1,,44725
39955,11,,1,,44726
39956,11,,1,,44727
39957,36,,2,,44728
39958,36,,1,,44729
39959,36,,1,,44730
39960,36,,1,,44731
39961,36,,1,,44732
39962,36,,1,,44733
39963,36,,1,,44734
39964,36,,1,,44735
39965,36,,1,,44736
39966,36,,1,,44737
39967,36,,1,,44738
39968,36,,1,,44739
39969,36,,1,,44740
39970,36,,1,,44741
39971,36,,1,,44742
39972,36,,1,,44743
39973,36,,1,,44744
39974,36,,1,,44745
39975,36,,1,,44746
39976,11,,1,,44747
39977,11,,1,,44748
39978,36,,1,,44749
39979,36,,1,,44750
39980,36,,1,,44751
39981,39,6,1,,44752
39982,39,6,1,,44753
39983,39,6,2,,44754
39984,39,6,2,,44755
39985,39,6,2,,44756
39986,39,6,2,,44757
39987,39,6,1,,44758
39988,39,6,1,,44759
39989,39,6,1,,44760
39990,36,,1,,44761
39991,36,,1,,44762
39992,36,,1,,44763
39993,36,,1,,44764
39994,36,,1,,44765
39995,36,,1,,44766
39996,36,,1,,43579
39997,36,,1,,44057
39998,11,,1,,27056
39999,36,,1,,43921
40000,36,,1,,43922
40001,36,,1,,43923
40002,11,,1,,44768
40003,11,,1,,44769
40004,11,,1,,44770
40005,39,3,1,,44771
40006,39,1,1,,44772
40007,39,1,1,,44773
40008,23,5,1,,44773
40009,39,8,1,,44774
40010,23,7,1,,44774
40011,39,1,3,,44775
40012,23,7,1,,44775
40013,39,3,1,,44776
40014,39,3,1,,44777
40015,39,1,2,,44778
40016,39,1,2,,44779
40017,23,5,1,,44780
40018,23,5,2,,44781
40019,11,,1,,44782
40020,11,,1,,44783
40021,11,,1,,44784
40022,11,,1,,44785
40023,11,,1,,44786
40024,11,,1,,44787
40025,11,,1,,44788
40026,11,,1,,44789
40027,11,,1,,44790
40028,11,,1,,44791
40029,11,,1,,44792
40030,11,,1,,44793
40031,11,,1,,44794
40032,11,,1,,44795
40033,11,,1,,44796
40034,11,,1,,44797
40035,11,,1,,44798
40036,11,,1,,44799
40037,11,,1,,44800
40038,11,,1,,44801
40039,11,,1,,44802
40040,11,,1,,44803
40041,11,,1,,44804
40042,11,,1,,44805
40043,11,,1,,44806
40044,11,,1,,44807
40045,11,,1,,44808
40046,11,,1,,44809
40047,11,,1,,44810
40048,11,,1,,44811
40049,11,,1,,44812
40050,11,,1,,44813
40051,11,,1,,44814
40052,36,,2,,44815
40053,11,,1,,44816
40054,11,,1,,44817
40055,11,,1,,44818
40056,11,,1,,44819
40057,11,,1,,44820
40058,11,,1,,44821
40059,11,,1,,44822
40060,11,,1,,44823
40061,11,,1,,44824
40062,11,,1,,44825
40063,11,,1,,44826
40064,11,,1,,44827
40065,11,,1,,44828
40066,11,,1,,44829
40067,11,,1,,44830
40068,39,3,1,,44831
40069,11,,1,,44832
40070,11,,1,,44833
40071,11,,1,,44834
40072,11,,1,,44835
40073,11,,1,,44767
40074,11,,1,,44836
40075,11,,1,,44837
40076,11,,1,,44838
40077,11,,1,,44839
40078,11,,1,,44840
40079,11,,1,,44841
40080,11,,1,,44842
40081,11,,1,,44843
40082,11,,1,,44844
40083,11,,1,,44845
40084,11,,1,,44846
40085,11,,1,,44847
40086,11,,1,,44848
40087,11,,1,,44849
40088,11,,1,,44850
40089,11,,1,,44851
40090,11,,1,,44852
40091,11,,1,,44853
40092,11,,1,,44854
40093,11,,1,,44855
40094,11,,1,,44856
40095,11,,1,,44857
40096,11,,1,,44858
40097,11,,1,,44859
40098,11,,1,,44860
40099,11,,1,,44861
40100,11,,1,,44862
40101,11,,1,,44863
40102,11,,1,,44864
40103,11,,1,,44865
40104,11,,1,,44866
40105,11,,1,,44867
40106,11,,1,,44868
40107,11,,1,,44869
40108,11,,1,,44870
40109,11,,1,,44871
40110,11,,1,,44872
40111,11,,1,,44873
40112,11,,1,,44874
40113,11,,1,,44875
40114,11,,1,,44876
40115,11,,1,,44877
40116,11,,1,,44878
40117,11,,1,,44879
40118,11,,1,,44880
40119,11,,1,,44881
40120,11,,1,,44882
40121,11,,1,,44883
40122,11,,1,,44884
40123,11,,1,,44885
40124,11,,1,,44886
40125,11,,1,,44887
40126,11,,1,,44888
40127,11,,1,,44889
40128,11,,1,,44890
40129,11,,1,,44891
40130,11,,1,,44892
40131,11,,1,,44893
40132,11,,1,,44894
40133,11,,1,,44895
40134,11,,1,,44896
40135,11,,1,,44897
40136,11,,1,,44898
40137,11,,1,,44899
40138,11,,1,,44900
40139,11,,1,,44901
40140,11,,1,,44902
40141,11,,1,,44903
40142,11,,1,,44904
40143,11,,1,,44905
40144,11,,1,,44906
40145,11,,1,,44907
40146,11,,1,,44908
40147,11,,1,,44909
40148,11,,1,,44910
40149,11,,1,,44911
40150,11,,1,,44912
40151,11,,1,,44913
40152,11,,1,,44914
40153,11,,1,,44915
40154,11,,1,,44916
40155,11,,1,,44917
40156,11,,1,,44918
40157,11,,1,,44919
40158,11,,1,,44920
40159,11,,1,,44921
40160,11,,1,,44922
40161,11,,1,,44923
40162,11,,1,,44924
40163,11,,1,,44925
40164,11,,1,,44926
40165,11,,1,,44927
40166,11,,1,,44928
40167,11,,1,,44929
40168,11,,1,,44930
40169,11,,1,,44931
40170,11,,1,,44932
40171,11,,1,,44933
40172,11,,1,,44934
40173,11,,1,,44935
40174,11,,1,,44936
40175,11,,1,,44937
40176,11,,1,,44938
40177,11,,1,,44939
40178,11,,1,,44940
40179,11,,1,,44941
40180,11,,1,,44942
40181,11,,1,,44943
40182,11,,1,,44944
40183,11,,1,,44945
40184,11,,1,,44946
40185,11,,1,,44947
40186,11,,1,,44948
40187,11,,1,,44949
40188,11,,1,,44950
40189,11,,1,,44951
40190,11,,1,,44952
40191,11,,1,,44953
40192,11,,1,,44954
40193,11,,1,,44955
40194,11,,1,,44956
40195,11,,1,,44957
40196,11,,1,,44958
40197,11,,1,,44959
40198,11,,1,,44960
40199,11,,1,,44961
40200,11,,1,,44962
40201,11,,1,,44963
40202,11,,1,,44964
40203,11,,1,,44965
40204,11,,1,,44966
40205,11,,1,,44967
40206,11,,1,,44968
40207,11,,1,,44969
40208,11,,1,,44970
40209,11,,1,,44971
40210,11,,1,,44972
40211,11,,1,,44973
40212,11,,1,,44974
40213,11,,1,,44975
40214,11,,1,,44976
40215,11,,1,,44977
40216,11,,1,,44978
40217,11,,1,,44979
40218,11,,1,,44980
40219,11,,1,,44981
40220,11,,1,,44982
40221,11,,1,,44983
40222,11,,1,,44984
40223,11,,1,,44985
40224,11,,1,,44986
40225,11,,1,,44987
40226,11,,1,,44988
40227,11,,1,,44989
40228,11,,1,,44990
40229,11,,1,,44991
40230,11,,1,,44992
40231,11,,1,,44993
40232,11,,1,,44994
40233,11,,1,,44995
40234,11,,1,,44996
40235,11,,1,,44997
40236,11,,1,,44998
40237,11,,1,,44999
40238,11,,1,,45000
40239,11,,1,,45001
40240,11,,1,,45002
40241,11,,1,,45003
40242,11,,1,,45004
40243,11,,1,,45005
40244,11,,1,,45006
40245,11,,1,,45007
40246,11,,1,,45008
40247,11,,1,,45009
40248,11,,1,,45010
40249,11,,1,,45011
40250,11,,1,,45012
40251,11,,1,,45013
40252,11,,1,,45014
40253,11,,1,,45015
40254,11,,1,,45016
40255,11,,1,,45017
40256,11,,1,,45018
40257,11,,1,,45019
40258,11,,1,,45020
40259,11,,1,,45021
40260,11,,1,,45022
40261,11,,1,,45023
40262,11,,1,,45024
40263,11,,1,,45025
40264,11,,1,,45026
40265,11,,1,,45027
40266,11,,1,,45028
40267,11,,1,,45029
40268,11,,1,,45030
40269,11,,1,,45031
40270,11,,1,,45032
40271,11,,1,,45033
40272,11,,1,,45034
40273,11,,1,,45035
40274,11,,1,,45036
40275,11,,1,,45037
40276,11,,1,,45038
40277,11,,1,,45039
40278,11,,1,,45040
40279,11,,1,,45041
40280,11,,1,,45042
40281,39,3,1,,45043
40282,11,,1,,45044
40283,11,,1,,45045
40284,11,,1,,45046
40285,11,,1,,45047
40286,11,,1,,45048
40287,11,,1,,45049
40288,11,,1,,45050
40289,11,,1,,45051
40290,11,,1,,45052
40291,11,,1,,45053
40292,11,,1,,45054
40293,11,,1,,45055
40294,11,,1,,45056
40295,11,,1,,45057
40296,11,,1,,45058
40297,11,,1,,45059
40298,11,,1,,45060
40299,11,,1,,45061
40300,11,,1,,45062
40301,11,,1,,45063
40302,11,,1,,45064
40303,11,,1,,45065
40304,11,,1,,45066
40305,11,,1,,45067
40306,11,,1,,45068
40307,11,,1,,45069
40308,11,,1,,45070
40309,11,,1,,45071
40310,11,,1,,45072
40311,11,,1,,45073
40312,11,,1,,45074
40313,11,,1,,45075
40314,11,,1,,45076
40315,11,,1,,45077
40316,11,,1,,45078
40317,11,,1,,45079
40318,11,,1,,45080
40319,11,,1,,45081
40320,11,,1,,45082
40321,11,,1,,45083
40322,11,,1,,45084
40323,11,,1,,45085
40324,11,,1,,45086
40325,11,,1,,45087
40326,11,,1,,45088
40327,11,,1,,45089
40328,11,,1,,45090
40329,11,,1,,45091
40330,11,,1,,45092
40331,11,,1,,45093
40332,11,,1,,45094
40333,11,,1,,45095
40334,11,,1,,45096
40335,11,,1,,45097
40336,11,,1,,45098
40337,11,,1,,45099
40338,11,,1,,45100
40339,11,,1,,45101
40340,11,,1,,45102
40341,11,,1,,45103
40342,11,,1,,45104
40343,11,,1,,45105
40344,11,,1,,45106
40345,11,,1,,45107
40346,11,,1,,45108
40347,11,,1,,45109
40348,11,,1,,45110
40349,11,,1,,45111
40350,11,,1,,45112
40351,11,,1,,45113
40352,11,,1,,45114
40353,11,,1,,45115
40354,11,,1,,45116
40355,11,,1,,45117
40356,11,,1,,45118
40357,11,,1,,45119
40358,11,,1,,45120
40359,11,,1,,45121
40360,11,,1,,45122
40361,11,,1,,45123
40362,11,,1,,45124
40363,11,,1,,45125
40364,11,,1,,45126
40365,11,,1,,45127
40366,11,,1,,45128
40367,11,,1,,45129
40368,11,,1,,45130
40369,11,,1,,45131
40370,11,,1,,45132
40371,11,,1,,45133
40372,11,,1,,45134
40373,11,,1,,45135
40374,11,,1,,45136
40375,11,,1,,45137
40376,11,,1,,45138
40377,11,,1,,45139
40378,11,,1,,45140
40379,11,,1,,45141
40380,11,,1,,45142
40381,11,,1,,45143
40382,11,,1,,45144
40383,11,,1,,45145
40384,11,,1,,45146
40385,11,,1,,45147
40386,11,,1,,45148
40387,11,,1,,45149
40388,11,,1,,45150
40389,11,,1,,45151
40390,11,,1,,45152
40391,11,,1,,45153
40392,11,,1,,45154
40393,11,,1,,45155
40394,11,,1,,45156
40395,11,,1,,45157
40396,11,,1,,45158
40397,11,,1,,45159
40398,11,,1,,45160
40399,11,,1,,45161
40400,11,,1,,45162
40401,11,,1,,45163
40402,11,,1,,45164
40403,11,,1,,45165
40404,11,,1,,45166
40405,11,,1,,45167
40406,11,,1,,45168
40407,11,,1,,45169
40408,11,,1,,45170
40409,11,,1,,45171
40410,11,,1,,45172
40411,11,,1,,45173
40412,11,,1,,45174
40413,11,,1,,45175
40414,11,,1,,45176
40415,11,,1,,45177
40416,11,,1,,45178
40417,11,,1,,45179
40418,11,,1,,45180
40419,11,,1,,45181
40420,11,,1,,45182
40421,11,,1,,45183
40422,11,,1,,45184
40423,11,,1,,45185
40424,11,,1,,45186
40425,11,,1,,45187
40426,11,,1,,45188
40427,11,,1,,45189
40428,11,,1,,45190
40429,11,,1,,45191
40430,11,,1,,45192
40431,11,,1,,45193
40432,11,,1,,45194
40433,11,,1,,45195
40434,11,,1,,45196
40435,11,,1,,45197
40436,11,,1,,45198
40437,11,,1,,45199
40438,11,,1,,45200
40439,11,,1,,45201
40440,11,,1,,45202
40441,11,,1,,45203
40442,11,,1,,45204
40443,11,,1,,45205
40444,11,,1,,45206
40445,11,,1,,45207
40446,11,,1,,45208
40447,11,,1,,45209
40448,11,,1,,45210
40449,11,,1,,45211
40450,11,,1,,45212
40451,11,,1,,45213
40452,11,,1,,45214
40453,11,,1,,45215
40454,11,,1,,45216
40455,11,,1,,45217
40456,11,,1,,45218
40457,11,,1,,45219
40458,11,,1,,45220
40459,11,,1,,45221
40460,11,,1,,45222
40461,11,,1,,45223
40462,11,,1,,45224
40463,11,,1,,45225
40464,11,,1,,45226
40465,11,,1,,45227
40466,11,,1,,45228
40467,11,,1,,45229
40468,11,,1,,45230
40469,11,,1,,45231
40470,11,,1,,45232
40471,11,,1,,45233
40472,11,,1,,45234
40473,11,,1,,45235
40474,11,,1,,45236
40475,11,,1,,45237
40476,11,,1,,45238
40477,11,,1,,45239
40478,11,,1,,45240
40479,11,,1,,45241
40480,11,,1,,45242
40481,11,,1,,45243
40482,11,,1,,45244
40483,11,,1,,45245
40484,11,,1,,45246
40485,11,,1,,45247
40486,11,,1,,45248
40487,11,,1,,45249
40488,11,,1,,45250
40489,11,,1,,45251
40490,11,,1,,45252
40491,11,,1,,45253
40492,11,,1,,45254
40493,11,,1,,45255
40494,23,5,1,,45256
40495,39,3,1,,45257
40496,23,5,1,,45258
40497,39,1,2,,45259
40498,11,,1,,45260
40499,11,,1,,45261
40500,11,,1,,45262
40501,11,,1,,45263
40502,11,,1,,45264
40503,11,,1,,45265
40504,11,,1,,45266
40505,11,,1,,45267
40506,11,,1,,45268
40507,11,,1,,45269
40508,11,,1,,45270
40509,11,,1,,45271
40510,11,,1,,45272
40511,11,,1,,45273
40512,11,,1,,45274
40513,11,,1,,45275
40514,11,,1,,45276
40515,11,,1,,45277
40516,11,,1,,45278
40517,11,,1,,45279
40518,11,,1,,45280
40519,11,,1,,45281
40520,11,,1,,45282
40521,11,,1,,45283
40522,11,,1,,45284
40523,11,,1,,45285
40524,11,,1,,45286
40525,11,,1,,45287
40526,11,,1,,45288
40527,11,,1,,45289
40528,11,,1,,45290
40529,11,,1,,45291
40530,11,,1,,45292
40531,11,,1,,45293
40532,11,,1,,45294
40533,11,,1,,45295
40534,11,,1,,45296
40535,11,,1,,45297
40536,11,,1,,45298
40537,11,,1,,45299
40538,11,,1,,45300
40539,11,,1,,45301
40540,11,,1,,45302
40541,11,,1,,45303
40542,11,,1,,45304
40543,11,,1,,45305
40544,11,,1,,45306
40545,11,,1,,45307
40546,11,,1,,45308
40547,11,,1,,45309
40548,11,,1,,45310
40549,11,,1,,45311
40550,11,,1,,45312
40551,11,,1,,45313
40552,11,,1,,45314
40553,11,,1,,45315
40554,11,,1,,45316
40555,11,,1,,45317
40556,11,,1,,45318
40557,11,,1,,45319
40558,11,,1,,45320
40559,11,,1,,45321
40560,11,,1,,45322
40561,11,,1,,45323
40562,11,,1,,45324
40563,11,,1,,45325
40564,11,,1,,45326
40565,11,,1,,45327
40566,11,,1,,45328
40567,11,,1,,45329
40568,11,,1,,45330
40569,11,,1,,45331
40570,11,,1,,45332
40571,11,,1,,45333
40572,11,,1,,45334
40573,11,,1,,45335
40574,11,,1,,45336
40575,11,,1,,45337
40576,11,,1,,45338
40577,11,,1,,45339
40578,11,,1,,45340
40579,11,,1,,45341
40580,11,,1,,45342
40581,11,,1,,45343
40582,11,,1,,45344
40583,11,,1,,45345
40584,11,,1,,45346
40585,11,,1,,45347
40586,11,,1,,45348
40587,11,,1,,45349
40588,11,,1,,45350
40589,11,,1,,45351
40590,11,,1,,45352
40591,11,,1,,45353
40592,11,,1,,45354
40593,11,,1,,45355
40594,11,,1,,45356
40595,11,,1,,45357
40596,11,,1,,45358
40597,11,,1,,45359
40598,11,,1,,45360
40599,11,,1,,45361
40600,11,,1,,45362
40601,11,,1,,45363
40602,11,,1,,45364
40603,11,,1,,45365
40604,11,,1,,45366
40605,11,,1,,45367
40606,11,,1,,45368
40607,11,,1,,45369
40608,11,,1,,45370
40609,11,,1,,45371
40610,11,,1,,45372
40611,11,,1,,45373
40612,11,,1,,45374
40613,11,,1,,45375
40614,11,,1,,45376
40615,11,,1,,45377
40616,11,,1,,45378
40617,11,,1,,45379
40618,11,,1,,45380
40619,11,,1,,45381
40620,11,,1,,45382
40621,11,,1,,45383
40622,11,,1,,45384
40623,11,,1,,45385
40624,11,,1,,45386
40625,11,,1,,45387
40626,39,6,1,,45388
40627,39,,2,,45389
40628,39,1,2,,45390
40629,39,3,1,,45391
40630,39,3,1,,45392
40631,39,3,1,,45393
40632,39,3,1,,45394
40633,39,3,1,,45395
40634,39,3,1,,45396
40635,39,3,1,,45397
40636,39,3,1,,45398
40637,39,1,2,,45399
40638,39,1,1,,45400
40639,23,5,2,,45400
40640,39,1,1,,45401
40641,39,3,1,,45402
40642,39,1,1,,45403
40643,23,7,1,,45403
40644,39,1,1,,45404
40645,39,1,1,,45405
40646,23,7,2,,45405
40648,39,3,1,,45406
40649,39,1,1,,45407
40650,39,1,2,,45408
40651,39,1,2,,45409
40652,23,7,2,,45409
40653,39,1,2,,45410
40654,39,3,1,,45411
40655,39,3,1,,45412
40656,39,1,2,,45413
40657,23,5,2,,45413
40658,39,1,1,,45414
40659,39,1,1,,45415
40660,23,7,1,,45415
40661,23,7,1,,45416
40662,39,1,1,,45417
40663,23,5,1,,45417
40664,39,8,1,,45418
40665,23,5,1,,45418
40666,39,1,1,,45419
40667,23,5,1,,45419
40668,39,1,1,,45420
40669,39,3,1,,45421
40670,39,3,1,,45422
40671,39,3,1,,45423
40672,39,3,1,,45424
40673,39,3,1,,45425
40674,39,6,1,,45426
40675,39,1,1,,45427
40676,39,1,2,,45428
40677,39,3,1,,45429
40678,39,3,1,,45430
40679,39,3,1,,45431
40680,36,,1,,45432
40681,39,3,1,,45433
40682,39,1,1,,45434
40683,39,3,1,,45435
40684,66,,2,,45436
40685,39,4,2,,45436
40686,39,1,1,,45437
40687,23,5,1,,45437
40688,39,1,1,,45438
40689,23,5,1,,45438
40690,39,4,1,,45439
40691,66,,1,,45439
40692,36,,1,,45440
40693,39,1,2,,45441
40694,39,1,2,,45442
40695,39,1,2,,45443
40696,39,4,1,,45444
40697,66,,1,,45444
40698,39,1,1,,45445
40699,39,1,1,,45446
40700,39,1,1,,45447
40701,39,1,1,,45448
40702,23,7,1,,45448
40703,39,1,1,,45449
40704,39,3,1,,45450
40705,39,3,1,,45451
40707,39,1,1,,45452
40708,23,7,1,,45452
40709,39,3,1,,45453
40710,39,1,2,,45454
40711,39,1,1,,45455
40712,23,7,2,,45455
40713,39,1,1,,45456
40714,39,1,1,,45457
40715,39,1,1,,45458
40716,39,1,1,,45459
40717,39,1,1,,45460
40718,39,1,2,,45461
40719,23,7,1,,45461
40720,39,1,1,,45462
40721,23,7,1,,45462
40722,39,3,1,,45463
40723,39,6,1,,45464
40724,39,6,1,,45465
40725,55,,1,,31323
40726,11,,1,,31721
40727,55,,1,,31777
40728,55,,1,,31780
40729,11,,1,,31882
40730,11,,1,,29187
40731,11,,1,,29188
40732,69,,1,,29189
40733,69,,1,,29190
40734,69,,1,,29191
40735,69,,1,,29192
40736,39,3,1,,29193
40737,23,5,1,,29194
40738,11,,1,,29195
40739,39,1,2,,29196
40740,39,1,1,,29197
40741,39,1,1,,29198
40742,39,1,2,,29199
40743,23,5,1,,29199
40744,39,1,1,,29200
40745,39,1,2,,29201
40746,39,1,2,,29202
40747,23,5,1,,29203
40748,39,1,1,,29204
40749,39,1,1,,29205
40750,39,1,1,,29206
40751,39,1,1,,29207
40752,39,1,1,,29208
40753,39,1,2,,29209
40754,39,1,1,,29210
40755,39,1,1,,29211
40756,39,3,1,,29212
40757,39,3,1,,29213
40758,39,1,1,,29214
40759,11,,1,,29215
40760,39,1,1,,29216
40761,11,,1,,29217
40762,39,1,2,,29218
40763,39,1,1,,29219
40764,39,1,1,,29220
40765,39,3,1,,29221
40766,23,5,1,,29221
40767,11,,1,,29222
40768,39,1,1,,29223
40769,39,4,1,,29224
40770,66,,1,,29224
40771,39,4,1,,29225
40772,66,,1,,29225
40773,39,4,2,,29226
40774,66,,2,,29226
40775,39,1,2,,29227
40776,66,,2,,29227
40777,39,4,1,,29228
40778,66,,1,,29228
40779,39,4,1,,29229
40780,66,,1,,29229
40781,39,1,1,,29230
40782,39,1,1,,29231
40783,39,1,1,,29232
40784,39,3,1,,29233
40785,23,5,1,,29234
40786,39,1,1,,29235
40787,39,3,1,,29236
40788,11,,1,,45466
40789,39,6,1,,45467
40790,36,,1,,45468
40791,36,,1,,45469
40792,36,,1,,45470
40793,36,,1,,45471
40794,36,,1,,45472
40795,39,44,1,,45473
40796,39,44,1,,45474
40797,22,,1,,45475
40798,36,,1,,45476
40799,36,,1,,45477
40800,36,,1,,45478
40801,59,,6,,45479
40802,36,,1,,45480
40803,36,,1,,45481
40804,36,,1,,45482
40805,36,,1,,45483
40806,36,,1,,45484
40807,36,,1,,45485
40808,22,,1,,45486
40809,22,,1,,45487
40810,36,,1,,45488
40811,36,,1,,45489
40812,36,,2,,45490
40813,36,,1,,45491
40814,36,,1,,45492
40815,36,,1,,45493
40816,63,,2,,45494
40817,63,,2,,45495
40818,36,,1,,45496
40819,22,,1,,45497
40820,36,,1,,45498
40821,36,,1,,45499
40822,69,,1,,45500
40823,69,,1,,45501
40824,36,,1,,45502
40825,36,,1,,45503
40826,36,,1,,45504
40827,69,,1,,45505
40828,69,,1,,45506
40829,69,,1,,45507
40830,36,,1,,45508
40831,69,,1,,45509
40832,36,,4,,45510
40833,36,,2,,45511
40834,36,,1,,45512
40835,63,,2,,45513
40836,63,,2,,45514
40837,36,,1,,45515
40838,39,,1,,45516
40839,39,44,1,,45517
40840,39,44,1,,45518
40841,69,,1,,45519
40842,69,,1,,45520
40843,63,,5,,45521
40844,63,,3,,45522
40845,63,,2,,45523
40846,63,,3,,45524
40847,63,,2,,45525
40848,63,,3,,45526
40849,63,,1,,45527
40850,63,,1,,45528
40851,63,,1,,45529
40852,63,,1,,45530
40853,63,,1,,45531
40854,63,,2,,45532
40855,63,,2,,45533
40856,36,,1,,45534
40857,36,,1,,45535
40858,13,,1,,45536
40859,22,,1,,45537
40860,69,,1,,45538
40861,69,,1,,45539
40862,63,,1,,45540
40863,63,,1,,45541
40864,22,,1,,45543
40865,36,,1,,45542
40866,69,,1,,45544
40867,69,,1,,45545
40868,22,,1,,45546
40869,22,,1,,45547
40870,69,,1,,45548
40871,69,,1,,45549
40872,22,,1,,45550
40873,22,,1,,45551
40874,36,,1,,45552
40875,22,,1,,45553
40876,22,,1,,45554
40877,13,,1,,45555
40878,13,,1,,45556
40879,13,,1,Fresh caught prey,45557
40880,69,,1,,45558
40881,36,,2,,45559
40882,69,,1,,45560
40883,69,,1,,45561
40884,36,,1,,45562
40885,69,,1,,45563
40886,69,,1,,45564
40887,69,,1,,45565
40888,22,,1,,45566
40889,22,,1,,45567
40890,36,,1,,45568
40891,76,,1,,45569
40892,22,,1,,45570
40893,22,,1,,45571
40894,22,,1,,45572
40895,36,,1,,45573
40896,22,,1,,45574
40897,36,,1,,45575
40898,36,,2,,45576
40899,36,,3,,45577
40900,36,,3,,45578
40901,22,,1,,45579
40902,22,,1,,45580
40903,22,,1,,45581
40904,11,,1,,45582
40905,39,3,1,,45583
40906,13,,1,,45584
40907,22,,1,,45585
40908,22,,1,,45586
40909,39,1,1,,45587
40910,39,1,1,,45588
40911,36,,1,,45589
40912,13,,1,,45590
40913,36,,1,,45591
40914,36,,1,,45592
40915,36,,1,,45593
40916,36,,2,,45594
40917,69,,1,,45595
40918,69,,1,,45596
40919,22,,1,,45597
40920,22,,1,,45598
40921,22,,1,,45599
40922,39,1,2,,45600
40923,13,,1,,45601
40924,69,,1,,45602
40925,69,,1,,45603
40926,69,,1,,45604
40927,69,,1,,45605
40928,22,,1,,45606
40929,22,,1,,45607
40930,22,,1,,45608
40931,13,,1,,45609
40932,22,,1,,45610
40933,22,,1,,45611
40934,22,,1,,45612
40935,22,,1,,45613
40936,22,,1,,45614
40937,13,,2,playing,45615
40938,22,,1,,45616
40939,69,,1,,45617
40940,69,,1,,45618
40941,22,,1,,45619
40942,39,4,2,,45620
40943,66,,2,,45620
40944,39,4,2,,45621
40945,66,,2,,45621
40946,22,,1,,45622
40947,22,,1,,45623
40948,36,,1,,45624
40949,22,,1,,45625
40950,22,,1,,45626
40951,36,,1,,45627
40952,76,,1,,45628
40953,22,,1,,45629
40954,22,,1,,45630
40955,36,,1,,45631
40956,22,,1,,45632
40957,22,,1,,45633
40958,22,,1,,45634
40959,22,,1,,45635
40960,36,,3,,45636
40961,22,,1,,45637
40962,22,,1,,45638
40963,22,,1,,45639
40964,22,,1,,45640
40965,22,,1,,45641
40966,22,,1,,45642
40967,22,,1,,45643
40968,22,,1,,45644
40969,59,,1,,45645
40970,59,,4,,45646
40971,39,,1,,45647
40972,39,,1,,45648
40973,39,43,1,,45649
40974,39,43,1,,45650
40975,22,,1,,45651
40976,25,,1,,45652
40977,22,,1,,45653
40978,22,,1,,45654
40979,36,,1,,45655
40980,36,,1,,45656
40981,22,,1,,45657
40982,36,,4,,45658
40983,22,,1,,45659
40984,13,,1,,45660
40985,22,,1,,45661
40986,36,,4,,45662
40987,36,,3,,45663
40988,36,,3,,45664
40989,36,,2,,45665
40990,36,,2,,45666
40991,36,,1,,45667
40992,69,,1,,45668
40993,69,,1,,45669
40994,36,,1,,45670
40995,76,,1,,45671
40996,36,,1,,45672
40997,22,,1,,45673
40998,22,,1,,45674
40999,69,,1,,45675
41000,22,,1,,45676
41001,22,,1,,45677
41002,13,,1,,45678
41003,22,,1,,45679
41004,39,1,2,,45680
41005,39,1,1,,45681
41006,36,,2,,45682
41007,36,,2,,45683
41008,36,,1,,45684
41009,36,,1,,45685
41010,36,,1,,45686
41011,36,,1,,45687
41012,22,,2,,45688
41013,76,,1,,45689
41014,22,,1,,45690
41015,22,,1,,45691
41016,22,,1,,45692
41017,76,,1,,45693
41018,36,,3,,45694
41019,36,,3,,45695
41020,36,,2,,45696
41021,36,,2,,45697
41022,36,,1,,45698
41023,36,,2,,45699
41024,69,,1,,45700
41025,69,,1,,45701
41026,22,,1,,45702
41027,22,,1,,45703
41028,22,,1,,45704
41029,13,,1,,45705
41030,22,,1,,45706
41031,50,,1,,45707
41032,76,,1,,45708
41033,22,,1,,45709
41034,22,,1,,45710
41035,50,,1,,45711
41036,39,6,1,,45712
41037,39,6,1,,45713
41038,39,6,1,,45714
41039,39,6,1,,45716
41040,39,6,1,,45715
41041,11,,1,,45717
41042,11,,1,,45718
41043,11,,1,,45719
41044,11,,1,,45720
41045,11,,1,,45721
41046,11,,1,,45723
41047,11,,1,,45724
41048,11,,1,,45725
41049,11,,1,,45726
41050,11,,1,,45727
41051,11,,1,,45728
41052,11,,1,,45729
41053,11,,1,,45730
41054,11,,1,,45731
41055,11,,1,,45732
41056,11,,1,,45733
41057,11,,1,,45734
41058,11,,1,,45735
41059,11,,1,,45736
41060,11,,1,,45737
41061,11,,1,,45738
41062,11,,1,,45739
41063,11,,1,,45740
41064,11,,1,,45741
41065,11,,1,,45742
41066,11,,1,,45743
41067,11,,1,,45744
41068,11,,1,,45745
41069,11,,1,,45746
41070,11,,1,,45747
41071,11,,1,,45748
41072,11,,1,,45749
41073,11,,1,,45750
41074,11,,1,,45751
41075,11,,1,,45752
41076,11,,1,,45753
41077,11,,1,,45754
41078,11,,1,,45755
41079,11,,1,,45756
41080,11,,1,,45757
41081,11,,1,,45758
41082,11,,1,,45759
41083,11,,1,,45760
41084,11,,1,,45761
41085,39,1,1,,45762
41086,39,1,1,,45763
41087,39,1,1,,45764
41088,39,1,2,,45765
41089,39,1,1,,45766
41090,39,1,1,,45767
41091,39,1,2,,45768
41092,39,1,1,,45769
41093,39,1,2,,45770
41094,23,7,2,,45770
41095,39,,1,,45771
41096,39,1,1,,45771
41097,39,,1,,45772
41098,39,1,1,,45772
41099,11,,1,,45773
41100,39,1,1,,45774
41101,39,1,1,,45775
41102,39,1,1,,45776
41103,39,1,1,,45777
41104,11,,1,,45778
41105,11,,1,,45779
41106,11,,1,,45780
41107,11,,1,,45781
41108,11,,1,,45782
41109,11,,1,,45783
41110,11,,1,,45784
41111,11,,1,,45785
41112,11,,1,,45786
41113,11,,1,,45787
41114,11,,1,,45788
41115,11,,1,,45789
41116,11,,1,,45790
41117,11,,1,,45791
41118,11,,1,,45792
41119,11,,1,,45793
41120,11,,1,,45794
41121,11,,1,,45795
41122,11,,1,,45796
41123,11,,1,,45797
41124,11,,1,,45798
41125,11,,1,,45799
41126,11,,1,,45800
41127,11,,1,,45801
41128,11,,1,,45802
41129,11,,1,,45803
41130,11,,1,,45804
41131,11,,1,,45805
41132,11,,1,,45806
41133,11,,1,,45807
41134,11,,1,,45808
41135,11,,1,,45809
41136,11,,1,,45810
41137,39,3,1,,45811
41138,39,,2,,45812
41139,23,5,1,,45812
41140,39,1,2,,45813
41141,23,5,1,,45813
41142,39,1,2,,45814
41143,23,7,1,,45814
41144,11,,1,,45815
41145,11,,1,,45816
41146,11,,1,,45817
41147,11,,1,,45818
41148,11,,1,,45819
41149,11,,1,,45820
41150,11,,1,,45821
41151,11,,1,,45822
41152,11,,1,,45823
41153,39,1,1,,45824
41154,8,,1,,45815
41155,39,1,1,,45825
41156,11,,1,,45826
41157,11,,1,,45827
41158,39,,1,,45828
41159,39,1,1,,45829
41160,23,5,1,,45829
41161,39,,3,,45830
41162,23,7,1,,45830
41163,39,1,3,,45831
41164,23,5,1,,45831
41165,23,5,1,,45832
41166,39,1,1,,45833
41167,23,5,1,,45833
41168,11,,1,,45834
41169,11,,1,,45835
41170,11,,1,,45836
41171,11,,1,,45837
41172,11,,1,,45838
41173,11,,1,,45839
41174,11,,1,,45840
41175,11,,1,,45841
41176,11,,1,,45842
41177,11,,1,,45843
41178,11,,1,,45844
41179,11,,1,,45845
41180,11,,1,,45846
41181,11,,1,,45847
41182,11,,1,,45848
41183,11,,1,,45849
41184,11,,1,,45850
41185,11,,1,,45851
41186,11,,1,,45852
41187,11,,1,,45853
41188,11,,1,,45854
41189,11,,1,,45855
41190,11,,1,,45856
41191,11,,1,,45857
41192,11,,1,,45858
41193,11,,1,,45859
41194,11,,1,,45860
41195,11,,1,,45861
41196,11,,1,,45862
41197,11,,1,,45863
41198,11,,1,,45864
41199,11,,1,,45865
41200,11,,1,,45866
41201,11,,1,,45867
41202,11,,1,,45868
41203,11,,1,,45869
41204,11,,1,,45870
41205,11,,1,,45871
41206,11,,1,,45872
41207,11,,1,,45873
41208,11,,1,,45874
41209,11,,1,,45875
41210,11,,1,,45876
41211,11,,1,,45877
41212,11,,1,,45878
41213,11,,1,,45879
41214,11,,1,,45880
41215,11,,1,,45881
41216,11,,1,,45882
41217,11,,1,,45883
41218,11,,1,,45884
41219,11,,1,,45885
41220,11,,1,,45886
41221,11,,1,,45887
41222,11,,1,,45888
41223,11,,1,,45889
41224,11,,1,,45890
41225,11,,1,,45891
41226,11,,1,,45892
41227,11,,1,,45893
41228,11,,1,,45894
41229,11,,1,,45895
41230,11,,1,,45896
41231,11,,1,,45897
41232,11,,1,,45898
41233,11,,1,,45899
41234,11,,1,,45900
41235,11,,1,,45901
41236,11,,1,,45902
41237,11,,1,,45903
41238,11,,1,,45904
41239,11,,1,,45905
41240,11,,1,,45906
41241,11,,1,,45907
41242,11,,1,,45908
41243,11,,1,,45909
41244,11,,1,,45910
41245,11,,1,,45911
41246,11,,1,,45912
41247,11,,1,,45913
41248,11,,1,,45914
41249,11,,1,,45915
41250,11,,1,,45916
41251,11,,1,,45917
41252,11,,1,,45918
41253,11,,1,,45919
41254,11,,1,,45920
41255,11,,1,,45921
41256,11,,1,,45922
41257,11,,1,,45923
41258,11,,1,,45924
41259,11,,1,,45925
41260,11,,1,,45926
41261,11,,1,,45927
41262,11,,1,,45928
41263,11,,1,,45929
41264,11,,1,,45930
41265,11,,1,,45931
41266,11,,1,,45932
41267,11,,1,,45933
41268,11,,1,,45934
41269,11,,1,,45935
41270,11,,1,,45936
41271,11,,1,,45937
41272,11,,1,,45938
41273,11,,1,,45939
41274,11,,1,,45940
41275,11,,1,,45941
41276,11,,1,,45942
41277,11,,1,,45943
41278,11,,1,,45944
41279,11,,1,,45945
41280,11,,1,,45946
41281,11,,1,,45947
41282,11,,1,,45948
41283,11,,1,,45949
41284,11,,1,,45950
41285,11,,1,,45951
41286,11,,1,,45952
41287,11,,1,,45953
41288,11,,1,,45954
41289,11,,1,,45955
41290,11,,1,,45956
41291,11,,1,,45957
41292,11,,1,,45958
41293,11,,1,,45959
41294,11,,1,,45960
41295,11,,1,,45961
41296,11,,1,,45962
41297,11,,1,,45963
41298,11,,1,,45964
41299,11,,1,,45965
41300,11,,1,,45966
41301,11,,1,,45967
41302,11,,1,,45968
41303,11,,1,,45969
41304,11,,1,,45970
41305,11,,1,,45971
41306,11,,1,,45972
41307,11,,1,,45973
41308,11,,1,,45974
41309,11,,1,,45975
41310,11,,1,,45976
41311,11,,1,,45977
41312,11,,1,,45978
41313,11,,1,,45979
41314,11,,1,,45980
41315,11,,1,,45981
41316,11,,1,,45982
41317,11,,1,,45983
41318,11,,1,,45984
41319,11,,1,,45985
41320,11,,1,,45986
41321,11,,1,,45987
41322,11,,1,,45988
41323,11,,1,,45989
41324,11,,1,,45990
41325,11,,1,,45991
41326,11,,1,,45992
41327,11,,1,,45993
41328,11,,1,,45994
41329,11,,1,,45995
41330,11,,1,,45996
41331,11,,1,,45997
41332,11,,1,,45998
41333,11,,1,,45999
41334,11,,1,,46000
41335,11,,1,,46001
41336,11,,1,,46002
41337,11,,1,,46003
41338,11,,1,,46004
41339,11,,1,,46005
41340,11,,1,,46006
41341,11,,1,,46007
41342,11,,1,,46008
41343,11,,1,,46009
41344,11,,1,,46010
41345,11,,1,,46011
41346,11,,1,,46012
41347,11,,1,,46013
41348,11,,1,,46014
41349,11,,1,,46015
41350,11,,1,,46016
41351,11,,1,,46017
41352,11,,1,,46018
41353,11,,1,,46019
41354,11,,1,,46020
41355,11,,1,,46021
41356,11,,1,,46022
41357,11,,1,,46023
41358,11,,1,,46024
41359,11,,1,,46025
41360,11,,1,,46026
41361,11,,1,,46027
41362,11,,1,,46028
41363,11,,1,,46029
41364,11,,1,,46030
41365,11,,1,,46031
41366,11,,1,,46032
41367,11,,1,,46033
41368,11,,1,,46034
41369,11,,1,,46035
41370,11,,1,,46036
41371,11,,1,,46037
41372,11,,1,,46038
41373,11,,1,,46039
41374,11,,1,,46040
41375,11,,1,,46041
41376,11,,1,,46042
41377,11,,1,,46043
41378,11,,1,,46044
41379,11,,1,,46045
41380,11,,1,,46046
41381,11,,1,,46047
41382,11,,1,,46048
41383,11,,1,,46049
41384,11,,1,,46050
41385,11,,1,,46051
41386,11,,1,,46052
41387,11,,1,,46053
41388,11,,1,,46054
41389,11,,1,,46055
41390,11,,1,,46056
41391,11,,1,,46057
41392,11,,1,,46058
41393,11,,1,,46059
41394,11,,1,,46060
41395,11,,1,,46061
41396,11,,1,,46062
41397,11,,1,,46063
41398,11,,1,,46064
41399,11,,1,,46065
41400,11,,1,,46066
41401,11,,1,,46067
41402,11,,1,,46068
41403,11,,1,,46069
41404,11,,1,,46070
41405,11,,1,,46071
41406,11,,1,,46072
41407,11,,1,,46073
41408,11,,1,,46074
41409,11,,1,,46075
41410,11,,1,,46076
41411,11,,1,,46077
41412,11,,1,,46078
41413,11,,1,,46079
41414,11,,1,,46080
41415,11,,1,,46081
41416,11,,1,,46082
41417,11,,1,,46083
41418,11,,1,,46084
41419,11,,1,,46085
41420,11,,1,,46086
41421,11,,1,,46087
41422,11,,1,,46088
41423,11,,1,,46089
41424,11,,1,,46090
41425,11,,1,,46091
41426,11,,1,,46092
41427,11,,1,,46093
41428,11,,1,,46094
41429,11,,1,,46095
41430,11,,1,,46096
41431,11,,1,,46097
41432,11,,1,,46098
41433,11,,1,,46099
41434,11,,1,,46100
41435,11,,1,,46101
41436,11,,1,,46102
41437,11,,1,,46103
41438,11,,1,,46104
41439,11,,1,,46105
41440,11,,1,,46106
41441,11,,1,,46107
41442,11,,1,,46108
41443,11,,1,,46109
41444,11,,1,,46110
41445,11,,1,,46111
41446,11,,1,,46112
41447,11,,1,,46113
41448,11,,1,,46114
41449,11,,1,,46115
41450,11,,1,,46116
41451,11,,1,,46117
41452,11,,1,,46118
41453,11,,1,,46119
41454,11,,1,,46120
41455,11,,1,,46121
41456,11,,1,,46122
41457,11,,1,,46123
41458,11,,1,,46124
41459,11,,1,,46125
41460,11,,1,,46126
41461,11,,1,,46127
41462,11,,1,,46128
41463,11,,1,,46129
41464,11,,1,,46130
41465,11,,1,,46131
41466,11,,1,,46132
41467,11,,1,,46133
41468,11,,1,,46134
41469,11,,1,,46135
41470,11,,1,,46136
41471,11,,1,,46137
41472,11,,1,,46138
41473,11,,1,,46139
41474,11,,1,,46140
41475,11,,1,,46141
41476,11,,1,,46142
41477,11,,1,,46143
41478,11,,1,,46144
41479,11,,1,,46145
41480,11,,1,,46146
41481,11,,1,,46147
41482,11,,1,,46148
41483,11,,1,,46149
41484,11,,1,,46150
41485,11,,1,,46151
41486,11,,1,,46153
41487,11,,1,,46154
41488,11,,1,,46155
41489,11,,1,,46156
41490,11,,1,,46157
41491,11,,1,,46158
41492,11,,1,,46159
41493,11,,1,,46160
41494,11,,1,,46161
41495,11,,1,,46163
41496,11,,1,,46164
41497,11,,1,,46165
41498,11,,1,,46166
41499,11,,1,,46167
41500,11,,1,,46168
41501,11,,1,,46169
41502,11,,1,,46170
41503,11,,1,,46171
41504,11,,1,,46172
41505,11,,1,,46173
41506,11,,1,,46174
41507,11,,1,,46175
41508,11,,1,,46176
41509,11,,1,,46177
41510,11,,1,,46178
41511,11,,1,,46179
41512,11,,1,,46180
41513,11,,1,,46181
41514,11,,1,,46182
41515,11,,1,,46183
41516,11,,1,,46184
41517,11,,1,,46185
41518,11,,1,,46186
41519,11,,1,,46187
41520,11,,1,,46188
41521,11,,1,,46189
41522,11,,1,,46190
41523,11,,1,,46191
41524,11,,1,,46192
41525,11,,1,,46193
41526,11,,1,,46194
41527,11,,1,,46195
41528,11,,1,,46196
41529,11,,1,,46197
41530,11,,1,,46199
41531,11,,1,,46200
41532,11,,1,,46201
41533,11,,1,,46202
41534,11,,1,,46203
41535,11,,1,,46204
41536,11,,1,,46205
41537,11,,1,,46207
41538,11,,1,,46208
41539,11,,1,,46209
41540,11,,1,,46210
41541,11,,1,,46211
41542,11,,1,,46212
41543,11,,1,,46213
41544,11,,1,,46214
41545,11,,1,,46215
41546,11,,1,,46216
41547,11,,1,,46217
41548,11,,1,,46218
41549,11,,1,,46219
41550,11,,1,,46220
41551,11,,1,,46221
41552,11,,1,,46222
41553,11,,1,,46223
41554,11,,1,,46224
41555,11,,1,,46225
41556,11,,1,,46226
41557,11,,1,,46227
41558,11,,1,,46228
41559,11,,1,,46229
41560,11,,1,,46230
41561,11,,1,,46231
41562,11,,1,,46232
41563,11,,1,,46233
41564,11,,1,,46234
41565,11,,1,,46235
41566,11,,1,,46236
41567,11,,1,,46237
41568,11,,1,,46238
41569,11,,1,,46239
41570,11,,1,,46240
41571,11,,1,,46241
41572,11,,1,,46242
41573,11,,1,,46243
41574,11,,1,,46244
41575,11,,1,,46245
41576,11,,1,,46246
41577,11,,1,,46247
41578,11,,1,,46248
41579,11,,1,,46249
41580,11,,1,,46250
41581,11,,1,,46251
41582,11,,1,,46252
41583,11,,1,,46253
41584,11,,1,,46254
41585,11,,1,,46255
41586,11,,1,,46256
41587,11,,1,,46257
41588,11,,1,,46258
41589,11,,1,,46259
41590,11,,1,,46260
41591,11,,1,,46261
41592,11,,1,,46262
41593,11,,1,,46263
41594,11,,1,,46264
41595,11,,1,,46265
41596,11,,1,,46266
41597,11,,1,,46267
41598,11,,1,,46268
41599,11,,1,,46269
41600,11,,1,,46270
41601,11,,1,,46271
41602,11,,1,,46272
41603,11,,1,,46273
41604,11,,1,,46274
41605,11,,1,,46275
41606,11,,1,,46276
41607,11,,1,,46277
41608,11,,1,,46278
41609,39,,1,,46279
41610,23,7,2,,46279
41611,23,5,1,,46280
41612,36,,1,,46281
41613,36,,1,,46282
41614,39,1,1,,46283
41615,36,,1,,46284
41616,39,1,1,,46285
41617,39,1,2,,46286
41618,39,1,2,,46287
41619,39,1,1,,46288
41620,36,,1,,46289
41621,11,,1,,46290
41622,11,,1,,46291
41623,11,,1,,46292
41624,11,,1,,46293
41625,11,,1,,46294
41626,11,,1,,46295
41627,11,,1,,46296
41628,11,,1,,46297
41629,11,,1,,46298
41630,11,,1,,46299
41631,11,,1,,46300
41632,11,,1,,46301
41633,11,,1,,46302
41634,11,,1,,46303
41635,11,,1,,46304
41636,11,,1,,46305
41637,11,,1,,46306
41638,11,,1,,46307
41639,11,,1,,46308
41640,69,,1,,46309
41641,11,,1,,46310
41642,69,,1,,46311
41643,39,1,1,,46312
41644,39,1,2,,46313
41645,39,1,1,,46314
41646,11,,1,,46315
41647,11,,1,,46316
41648,11,,1,,46317
41649,11,,1,,46318
41650,11,,1,,46319
41651,11,,1,,46320
41652,11,,1,,46321
41653,11,,1,,46322
41654,11,,1,,46323
41655,11,,1,,46324
41656,11,,1,,46325
41657,11,,1,,46326
41658,11,,1,,46327
41659,11,,1,,46328
41660,11,,1,,46329
41661,11,,1,,46330
41662,11,,1,,46331
41663,11,,1,,46332
41664,11,,1,,46333
41665,11,,1,,46334
41666,11,,1,,46335
41667,11,,1,,46336
41668,11,,1,,46337
41669,11,,1,,46338
41670,11,,1,,46339
41671,11,,1,,46340
41672,11,,1,,46341
41673,11,,1,,46342
41674,11,,1,,46343
41675,11,,1,,46344
41676,11,,1,,46345
41677,11,,1,,46346
41678,11,,1,,46347
41679,11,,1,,46348
41680,11,,1,,46349
41681,11,,1,,46350
41682,11,,1,,46351
41683,11,,1,,46352
41684,11,,1,,46353
41685,11,,1,,46354
41686,11,,1,,46355
41687,11,,1,,46356
41688,11,,1,,46357
41689,11,,1,,46358
41690,11,,1,,46359
41691,11,,1,,46360
41692,11,,1,,46361
41693,11,,1,,46362
41694,11,,1,,46363
41695,11,,1,,46364
41696,11,,1,,46365
41697,11,,1,,46366
41698,11,,1,,46367
41699,11,,1,,46368
41700,11,,1,,46369
41701,11,,1,,46370
41702,11,,1,,46371
41703,11,,1,,46372
41704,11,,1,,46373
41705,11,,1,,46374
41706,11,,1,,46375
41707,11,,1,,46376
41708,11,,1,,46377
41709,11,,1,,46378
41710,11,,1,,46379
41711,11,,1,,46380
41712,11,,1,,46381
41713,11,,1,,46382
41714,11,,1,,46383
41715,11,,1,,46384
41716,11,,1,,46385
41717,11,,1,,46386
41718,11,,1,,46387
41719,11,,1,,46388
41720,11,,1,,46389
41721,11,,1,,46390
41722,11,,1,,46391
41723,11,,1,,46392
41724,11,,1,,46393
41725,11,,1,,46394
41726,11,,1,,46395
41727,11,,1,,46396
41728,11,,1,,46397
41729,11,,1,,46398
41730,11,,1,,46399
41731,11,,1,,46400
41732,11,,1,,46402
41733,11,,1,,46403
41734,11,,1,,46404
41735,11,,1,,46405
41736,11,,1,,46406
41737,11,,1,,46407
41738,11,,1,,46408
41739,11,,1,,46409
41740,11,,1,,46410
41741,11,,1,,46411
41742,11,,1,,46412
41743,11,,1,,46413
41744,11,,1,,46414
41745,11,,1,,46415
41746,11,,1,,46416
41747,11,,1,,46417
41748,11,,1,,46418
41749,11,,1,,46419
41750,11,,1,,46420
41751,11,,1,,46421
41752,11,,1,,46422
41753,11,,1,,46423
41754,11,,1,,46424
41755,11,,1,,46425
41756,11,,1,,46426
41757,11,,1,,46427
41758,11,,1,,46428
41759,11,,1,,46429
41760,11,,1,,46430
41761,11,,1,,46431
41762,11,,1,,46432
41763,11,,1,,46433
41764,11,,1,,46434
41765,11,,1,,46435
41766,11,,1,,46436
41767,11,,1,,46437
41768,11,,1,,46438
41769,11,,1,,46439
41770,11,,1,,46440
41771,11,,1,,46441
41772,11,,1,,46442
41773,11,,1,,46443
41774,11,,1,,46444
41775,11,,1,,46445
41776,11,,1,,46446
41777,11,,1,,46447
41778,11,,1,,46448
41779,11,,1,,46449
41780,11,,1,,46450
41781,11,,1,,46451
41782,11,,1,,46452
41783,11,,1,,46453
41784,11,,1,,46454
41785,11,,1,,46455
41786,11,,1,,46456
41787,11,,1,,46457
41788,11,,1,,46458
41789,11,,1,,46459
41790,11,,1,,46460
41791,11,,1,,46461
41792,11,,1,,46462
41793,11,,1,,46463
41794,11,,1,,46464
41795,11,,1,,46465
41796,11,,1,,46466
41797,11,,1,,46467
41798,11,,1,,46468
41799,11,,1,,46469
41800,11,,1,,46470
41801,11,,1,,46471
41802,11,,1,,46472
41803,11,,1,,46473
41804,11,,1,,46474
41805,11,,1,,46475
41806,11,,1,,46476
41807,11,,1,,46477
41808,11,,1,,46478
41809,11,,1,,46479
41810,11,,1,,46480
41811,11,,1,,46481
41812,11,,1,,46483
41813,11,,1,,46482
41814,11,,1,,46484
41815,11,,1,,46485
41816,11,,1,,46486
41817,11,,1,,46487
41818,11,,1,,46488
41819,11,,1,,46489
41820,11,,1,,46490
41821,11,,1,,46491
41822,11,,1,,46492
41823,11,,1,,46493
41824,11,,1,,46494
41825,11,,1,,46495
41826,11,,1,,46496
41827,11,,1,,46497
41828,11,,1,,46498
41829,11,,1,,46499
41830,11,,1,,46500
41831,11,,1,,46501
41832,11,,1,,46502
41833,11,,1,,46503
41834,11,,1,,46504
41835,11,,1,,46505
41836,11,,1,,46506
41837,11,,1,,46507
41838,11,,1,,46508
41839,11,,1,,46509
41840,11,,1,,46510
41841,11,,1,,46511
41842,11,,1,,46512
41843,11,,1,,46513
41844,11,,1,,46514
41845,11,,1,,46515
41846,11,,1,,46516
41847,11,,1,,46517
41848,11,,1,,46518
41849,11,,1,,46519
41850,11,,1,,46520
41851,11,,1,,46521
41852,11,,1,,46522
41853,11,,1,,46523
41854,11,,1,,46524
41855,11,,1,,46525
41856,11,,1,,46526
41857,11,,1,,46527
41858,11,,1,,46528
41859,11,,1,,46529
41860,11,,1,,46530
41861,11,,1,,46531
41862,11,,1,,46532
41863,11,,1,,46533
41864,11,,1,,46534
41865,11,,1,,46535
41866,11,,1,,46536
41867,11,,1,,46537
41868,11,,1,,46538
41869,11,,1,,46539
41870,11,,1,,46540
41871,11,,1,,46541
41872,11,,1,,46542
41873,11,,1,,46544
41874,11,,1,,46545
41875,11,,1,,46546
41876,11,,1,,46547
41877,11,,1,,46548
41878,11,,1,,46549
41879,11,,1,,46550
41880,11,,1,,46551
41881,11,,1,,46552
41882,11,,1,,46553
41883,11,,1,,46554
41884,11,,1,,46555
41885,11,,1,,46556
41886,11,,1,,46557
41887,11,,1,,46558
41888,11,,1,,46559
41889,11,,1,,46560
41890,11,,1,,46561
41891,11,,1,,46562
41892,11,,1,,46563
41893,11,,1,,46564
41894,11,,1,,46565
41895,11,,1,,46566
41896,11,,1,,46567
41897,11,,1,,46568
41898,11,,1,,46569
41899,11,,1,,46570
41900,11,,1,,46571
41901,11,,1,,46572
41902,11,,1,,46573
41903,11,,1,,46574
41904,11,,1,,46575
41905,11,,1,,46576
41906,11,,1,,46577
41907,11,,1,,46578
41908,11,,1,,46579
41909,11,,1,,46580
41910,11,,1,,46581
41911,11,,1,,46582
41912,11,,1,,46583
41913,11,,1,,46584
41914,11,,1,,46585
41915,11,,1,,46586
41916,11,,1,,46587
41917,11,,1,,46588
41918,11,,1,,46589
41919,11,,1,,46590
41920,11,,1,,46591
41921,11,,1,,46592
41922,11,,1,,46593
41923,11,,1,,46594
41924,11,,1,,46595
41925,11,,1,,46596
41926,11,,1,,46597
41927,11,,1,,46598
41928,11,,1,,46599
41929,11,,1,,46600
41930,11,,1,,46601
41931,11,,1,,46602
41932,11,,1,,46603
41933,11,,1,,46604
41934,11,,1,,46605
41935,11,,1,,46606
41936,11,,1,,46607
41937,11,,1,,46608
41938,11,,1,,46609
41939,11,,1,,46610
41940,11,,1,,46611
41941,11,,1,,46612
41942,11,,1,,46613
41943,11,,1,,46614
41944,11,,1,,46615
41945,11,,1,,46616
41946,11,,1,,46617
41947,11,,1,,46618
41948,11,,1,,46619
41949,11,,1,,46620
41950,11,,1,,46621
41951,11,,1,,46622
41952,11,,1,,46623
41953,11,,1,,46624
41954,11,,1,,46625
41955,11,,1,,46626
41956,11,,1,,46627
41957,11,,1,,46628
41958,11,,1,,46629
41959,11,,1,,46630
41960,11,,1,,46631
41961,11,,1,,46632
41962,11,,1,,46633
41963,11,,1,,46634
41964,11,,1,,46636
41965,11,,1,,46638
41966,11,,1,,46639
41967,11,,1,,46640
41968,11,,1,,46641
41969,11,,1,,46642
41970,11,,1,,46643
41971,11,,1,,46644
41972,11,,1,,46645
41973,11,,1,,46646
41974,11,,1,,46647
41975,11,,1,,46648
41976,11,,1,,46649
41977,11,,1,,46650
41978,11,,1,,46651
41979,11,,1,,46652
41980,11,,1,,46653
41981,11,,1,,46654
41982,11,,1,,46655
41983,11,,1,,46656
41984,11,,1,,46658
41985,11,,1,,46657
41986,11,,1,,46659
41987,11,,1,,46660
41988,11,,1,,46661
41989,11,,1,,46662
41990,11,,1,,46663
41991,11,,1,,46664
41992,11,,1,,46665
41993,11,,1,,46666
41994,11,,1,,46667
41995,11,,1,,46668
41996,11,,1,,46669
41997,11,,1,,46670
41998,11,,1,,46671
41999,11,,1,,46672
42000,11,,1,,46673
42001,11,,1,,46674
42002,11,,1,,46675
42003,11,,1,,46676
42004,11,,1,,46677
42005,11,,1,,46678
42006,11,,1,,46679
42007,11,,1,,46680
42008,11,,1,,46681
42009,11,,1,,46682
42010,11,,1,,46683
42011,11,,1,,46684
42012,11,,1,,46685
42013,11,,1,,46686
42014,11,,1,,46687
42015,11,,1,,46688
42016,11,,1,,46689
42017,11,,1,,46690
42018,11,,1,,46691
42019,11,,1,,46693
42020,11,,1,,46694
42021,11,,1,,46695
42022,11,,1,,46696
42023,11,,1,,46697
42024,11,,1,,46698
42025,11,,1,,46699
42026,11,,1,,46700
42027,11,,1,,46701
42028,11,,1,,46702
42029,11,,1,,46703
42030,11,,1,,46704
42031,11,,1,,46705
42032,11,,1,,46706
42033,11,,1,,46707
42034,11,,1,,46708
42035,11,,1,,46709
42036,11,,1,,46710
42037,11,,1,,46711
42038,11,,1,,46712
42039,11,,1,,46713
42040,11,,1,,46714
42041,11,,1,,46715
42042,11,,1,,46716
42043,11,,1,,46717
42044,11,,1,,46718
42045,11,,1,,46719
42046,11,,1,,46720
42047,11,,1,,46721
42048,11,,1,,46722
42049,11,,1,,46723
42050,11,,1,,46724
42051,11,,1,,46725
42052,11,,1,,46726
42053,11,,1,,46727
42054,11,,1,,46728
42055,11,,1,,46729
42056,11,,1,,46730
42057,11,,1,,46731
42058,11,,1,,46732
42059,11,,1,,46733
42060,11,,1,,46734
42061,11,,1,,46735
42062,11,,1,,46736
42063,11,,1,,46737
42064,11,,1,,46738
42065,11,,1,,46739
42066,11,,1,,46740
42067,11,,1,,46741
42068,11,,1,,46742
42069,11,,1,,46743
42070,11,,1,,46744
42071,11,,1,,46745
42072,11,,1,,46746
42073,11,,1,,46747
42074,11,,1,,46748
42075,11,,1,,46749
42076,11,,1,,46750
42077,11,,1,,46751
42078,11,,1,,46752
42079,11,,1,,46753
42080,11,,1,,46754
42081,11,,1,,46755
42082,11,,1,,46756
42083,11,,1,,46757
42084,11,,1,,46758
42085,11,,1,,46759
42086,11,,1,,46760
42087,11,,1,,46761
42088,11,,1,,46762
42089,11,,1,,46763
42090,11,,1,,46764
42091,11,,1,,46765
42092,11,,1,,46766
42093,11,,1,,46767
42094,11,,1,,46768
42095,11,,1,,46769
42096,11,,1,,46770
42097,11,,1,,46771
42098,11,,1,,46772
42099,11,,1,,46773
42100,11,,1,,46774
42101,11,,1,,46775
42102,11,,1,,46776
42103,11,,1,,46777
42104,11,,1,,46778
42105,11,,1,,46779
42106,11,,1,,46780
42107,11,,1,,46781
42108,11,,1,,46782
42109,11,,1,,46783
42110,11,,1,,46785
42111,11,,1,,46788
42112,11,,1,,46790
42113,11,,1,,46791
42114,11,,1,,46792
42115,11,,1,,46793
42116,11,,1,,46794
42117,11,,1,,46795
42118,11,,1,,46796
42119,11,,1,,46797
42120,11,,1,,46798
42121,11,,1,,46799
42122,11,,1,,46800
42123,11,,1,,46801
42124,11,,1,,46802
42125,11,,1,,46803
42126,11,,1,,46804
42127,11,,1,,46805
42128,11,,1,,46806
42129,11,,1,,46807
42130,11,,1,,46808
42131,11,,1,,46809
42132,11,,1,,46810
42133,11,,1,,46811
42134,11,,1,,46812
42135,11,,1,,46813
42136,11,,1,,46814
42137,11,,1,,46815
42138,11,,1,,46816
42139,11,,1,,46817
42140,11,,1,,46818
42141,11,,1,,46819
42142,11,,1,,46820
42143,11,,1,,46821
42144,11,,1,,46822
42145,11,,1,,46823
42146,11,,1,,46824
42147,11,,1,,46825
42148,11,,1,,46826
42149,11,,1,,46827
42150,11,,1,,46828
42151,11,,1,,46829
42152,11,,1,,46830
42153,11,,1,,46831
42154,11,,1,,46832
42155,11,,1,,46833
42156,11,,1,,46834
42157,11,,1,,46835
42158,11,,1,,46836
42159,11,,1,,46837
42160,11,,1,,46838
42161,11,,1,,46839
42162,11,,1,,46840
42163,11,,1,,46841
42164,11,,1,,46842
42165,11,,1,,46843
42166,11,,1,,46844
42167,11,,1,,46845
42168,11,,1,,46846
42169,11,,1,,46847
42170,11,,1,,46848
42171,11,,1,,46849
42172,11,,1,,46850
42173,11,,1,,46851
42174,11,,1,,46852
42175,11,,1,,46853
42176,11,,1,,46854
42177,11,,1,,46855
42178,11,,1,,46856
42179,11,,1,,46857
42180,11,,1,,46858
42181,11,,1,,46859
42182,11,,1,,46860
42183,11,,1,,46861
42184,11,,1,,46862
42185,11,,1,,46863
42186,11,,1,,46864
42187,11,,1,,46865
42188,11,,1,,46866
42189,11,,1,,46867
42190,11,,1,,46868
42191,11,,1,,46869
42192,11,,1,,46870
42193,11,,1,,46871
42194,11,,1,,46872
42195,11,,1,,46873
42196,11,,1,,46874
42197,11,,1,,46875
42198,11,,1,,46876
42199,11,,1,,46877
42200,11,,1,,46878
42201,11,,1,,46879
42202,11,,1,,46880
42203,11,,1,,46881
42204,11,,1,,46882
42205,11,,1,,46883
42206,11,,1,,46884
42207,11,,1,,46885
42208,11,,1,,46886
42209,11,,1,,46887
42210,11,,1,,46888
42211,11,,1,,46889
42212,11,,1,,46890
42213,11,,1,,46891
42214,11,,1,,46892
42215,11,,1,,46893
42216,11,,1,,46894
42217,11,,1,,46895
42218,11,,1,,46896
42219,11,,1,,46897
42220,11,,1,,46898
42221,11,,1,,46899
42222,11,,1,,46900
42223,11,,1,,46901
42224,11,,1,,46902
42225,11,,1,,46903
42226,11,,1,,46904
42227,11,,1,,46905
42228,11,,1,,46906
42229,11,,1,,46907
42230,11,,1,,46908
42231,11,,1,,46909
42232,11,,1,,46910
42233,11,,1,,46911
42234,11,,1,,46912
42235,11,,1,,46913
42236,11,,1,,46914
42237,11,,1,,46915
42238,11,,1,,46916
42239,11,,1,,46917
42240,11,,1,,46918
42241,11,,1,,46919
42242,11,,1,,46920
42243,11,,1,,46921
42244,11,,1,,46922
42245,11,,1,,46923
42246,11,,1,,46924
42247,11,,1,,46925
42248,11,,1,,46926
42249,11,,1,,46927
42250,11,,1,,46928
42251,11,,1,,46929
42252,11,,1,,46930
42253,11,,1,,46931
42254,11,,1,,46932
42255,11,,1,,46933
42256,11,,1,,46934
42257,11,,1,,46935
42258,11,,1,,46936
42259,11,,1,,46937
42260,11,,1,,46938
42261,11,,1,,46939
42262,11,,1,,46940
42263,11,,1,,46941
42264,11,,1,,46942
42265,11,,1,,46943
42266,11,,1,,46944
42267,11,,1,,46945
42268,11,,1,,46946
42269,11,,1,,46947
42270,11,,1,,46948
42271,11,,1,,46949
42272,11,,1,,46950
42273,11,,1,,46951
42274,11,,1,,46952
42275,11,,1,,46953
42276,11,,1,,46954
42277,11,,1,,46955
42278,11,,1,,46956
42279,11,,1,,46957
42280,11,,1,,46958
42281,11,,1,,46959
42282,11,,1,,46960
42283,11,,1,,46961
42284,11,,1,,46962
42285,11,,1,,46963
42286,11,,1,,46964
42287,11,,1,,46965
42288,11,,1,,46966
42289,11,,1,,46967
42290,11,,1,,46968
42291,11,,1,,46969
42292,11,,1,,46970
42293,11,,1,,46971
42294,11,,1,,46972
42295,11,,1,,46973
42296,11,,1,,46974
42297,11,,1,,46975
42298,11,,1,,46976
42299,11,,1,,46977
42300,11,,1,,46978
42301,11,,1,,46979
42302,11,,1,,46980
42303,11,,1,,46981
42304,11,,1,,46982
42305,11,,1,,46983
42306,11,,1,,46984
42307,11,,1,,46985
42308,11,,1,,46986
42309,11,,1,,46987
42310,11,,1,,46988
42311,11,,1,,46989
42312,11,,1,,46990
42313,11,,1,,46991
42314,11,,1,,46992
42315,11,,1,,46993
42316,11,,1,,46994
42317,11,,1,,46995
42318,11,,1,,46996
42319,11,,1,,46997
42320,11,,1,,46998
42321,11,,1,,46999
42322,11,,1,,47000
42323,11,,1,,47001
42324,11,,1,,47002
42325,11,,1,,47003
42326,11,,1,,47004
42327,11,,1,,47005
42328,11,,1,,47006
42329,11,,1,,47007
42330,11,,1,,47008
42331,11,,1,,47009
42332,11,,1,,47010
42333,11,,1,,47011
42334,11,,1,,47012
42335,11,,1,,47013
42336,11,,1,,47014
42337,11,,1,,47015
42338,11,,1,,47016
42339,11,,1,,47017
42340,11,,1,,47018
42341,11,,1,,47019
42342,11,,1,,47020
42343,11,,1,,47021
42344,11,,1,,47022
42345,11,,1,,47023
42346,11,,1,,47024
42347,11,,1,,47025
42348,11,,1,,47026
42349,11,,1,,47027
42350,11,,1,,47028
42351,11,,1,,47029
42352,11,,1,,47030
42353,11,,1,,47031
42354,11,,1,,47032
42355,11,,1,,47033
42356,11,,1,,47034
42357,11,,1,,47035
42358,11,,1,,47036
42359,11,,1,,47037
42360,11,,1,,47038
42361,11,,1,,47039
42362,11,,1,,47040
42363,11,,1,,47041
42364,11,,1,,47042
42365,11,,1,,47043
42366,11,,1,,47044
42367,11,,1,,47045
42368,11,,1,,47046
42369,11,,1,,47047
42370,11,,1,,47048
42371,11,,1,,47049
42372,11,,1,,47050
42373,11,,1,,47051
42374,11,,1,,47052
42375,11,,1,,47053
42376,11,,1,,47054
42377,11,,1,,47055
42378,11,,1,,47056
42379,11,,1,,47057
42380,11,,1,,47058
42381,11,,1,,47059
42382,11,,1,,47060
42383,11,,1,,47061
42384,11,,1,,47062
42385,11,,1,,47063
42386,11,,1,,47064
42387,11,,1,,47065
42388,11,,1,,47066
42389,11,,1,,47067
42390,11,,1,,47068
42391,11,,1,,47069
42392,11,,1,,47070
42393,11,,1,,47071
42394,11,,1,,47072
42395,11,,1,,47073
42396,11,,1,,47074
42397,11,,1,,47075
42398,11,,1,,47076
42399,11,,1,,47077
42400,11,,1,,47078
42401,11,,1,,47079
42402,11,,1,,47080
42403,11,,1,,47081
42404,11,,1,,47082
42405,11,,1,,47083
42406,11,,1,,47084
42407,11,,1,,47085
42408,11,,1,,47086
42409,11,,1,,47087
42410,11,,1,,47088
42411,11,,1,,47089
42412,11,,1,,47090
42413,11,,1,,47091
42414,11,,1,,47092
42415,11,,1,,47093
42416,11,,1,,47094
42417,11,,1,,47095
42418,11,,1,,47096
42419,11,,1,,47097
42420,11,,1,,47098
42421,11,,1,,47099
42422,11,,1,,47100
42423,11,,1,,47101
42424,11,,1,,47102
42425,11,,1,,47103
42426,11,,1,,47104
42427,11,,1,,47105
42428,11,,1,,47106
42429,11,,1,,47107
42430,11,,1,,47108
42431,11,,1,,47109
42432,11,,1,,47110
42433,11,,1,,47111
42434,11,,1,,47112
42435,11,,1,,47113
42436,11,,1,,47114
42437,11,,1,,47115
42438,11,,1,,47116
42439,11,,1,,47117
42440,11,,1,,47118
42441,11,,1,,47119
42442,11,,1,,47120
42443,11,,1,,47121
42444,11,,1,,47122
42445,11,,1,,47123
42446,11,,1,,47124
42447,11,,1,,47125
42448,11,,1,,47126
42449,11,,1,,47127
42450,11,,1,,47128
42451,11,,1,,47129
42452,11,,1,,47130
42453,11,,1,,47131
42454,11,,1,,47132
42455,11,,1,,47133
42456,11,,1,,47134
42457,11,,1,,47135
42458,11,,1,,47136
42459,11,,1,,47137
42460,11,,1,,47138
42461,11,,1,,47139
42462,11,,1,,47140
42463,11,,1,,47141
42464,11,,1,,47142
42465,11,,1,,47143
42466,11,,1,,47144
42467,11,,1,,47145
42468,11,,1,,47146
42469,11,,1,,47147
42470,11,,1,,47148
42471,11,,1,,47149
42472,11,,1,,47150
42473,11,,1,,47151
42474,11,,1,,47152
42475,11,,1,,47153
42476,11,,1,,47154
42477,11,,1,,47155
42478,11,,1,,47156
42479,11,,1,,47157
42480,11,,1,,47158
42481,11,,1,,47159
42482,11,,1,,47160
42483,11,,1,,47161
42484,11,,1,,47162
42485,11,,1,,47163
42486,11,,1,,47164
42487,11,,1,,47165
42488,11,,1,,47166
42489,11,,1,,47167
42490,11,,1,,47168
42491,11,,1,,47169
42492,11,,1,,47170
42493,11,,1,,47171
42494,11,,1,,47172
42495,11,,1,,47173
42496,11,,1,,47174
42497,11,,1,,47175
42498,11,,1,,47176
42499,11,,1,,47177
42500,11,,1,,47178
42501,11,,1,,47179
42502,11,,1,,47180
42503,11,,1,,47181
42504,11,,1,,47183
42505,11,,1,,47184
42506,11,,1,,47185
42507,11,,1,,47186
42508,11,,1,,47188
42509,11,,1,,47190
42510,11,,1,,47187
42511,11,,1,,47189
42512,11,,1,,47191
42513,11,,1,,47192
42514,11,,1,,47193
42515,11,,1,,47194
42516,11,,1,,47195
42517,11,,1,,47196
42518,11,,1,,47197
42519,11,,1,,47198
42520,11,,1,,47199
42521,11,,1,,47200
42522,11,,1,,47201
42523,11,,1,,47202
42524,11,,1,,47203
42525,11,,1,,47205
42526,11,,1,,47206
42527,11,,1,,47207
42528,11,,1,,47208
42529,11,,1,,47209
42530,11,,1,,47210
42531,11,,1,,47211
42532,11,,1,,47212
42533,11,,1,,47213
42534,11,,1,,47214
42535,11,,1,,47215
42536,11,,1,,47216
42537,11,,1,,47217
42538,11,,1,,47218
42539,11,,1,,47219
42540,11,,1,,47220
42541,11,,1,,47221
42542,11,,1,,47222
42543,11,,1,,47223
42544,11,,1,,47224
42545,11,,1,,47225
42546,11,,1,,47226
42547,11,,1,,47227
42548,11,,1,,47228
42549,11,,1,,47229
42550,11,,1,,47230
42551,11,,1,,47231
42552,11,,1,,47232
42553,11,,1,,47233
42554,11,,1,,47234
42555,11,,1,,47235
42556,11,,1,,47236
42557,11,,1,,47237
42558,11,,1,,47238
42559,11,,1,,47239
42560,11,,1,,47240
42561,11,,1,,47241
42562,11,,1,,47242
42563,11,,1,,47243
42564,11,,1,,47244
42565,11,,1,,47245
42566,11,,1,,47246
42567,11,,1,,47247
42568,11,,1,,47248
42569,11,,1,,47249
42570,11,,1,,47250
42571,11,,1,,47251
42572,11,,1,,47252
42573,11,,1,,47253
42574,11,,1,,47254
42575,11,,1,,47255
42576,11,,1,,47256
42577,39,3,1,,47257
42578,11,,1,,47258
42579,11,,1,,47259
42580,11,,1,,47260
42581,11,,1,,47261
42582,11,,1,,47262
42583,11,,1,,47263
42584,11,,1,,47264
42585,11,,1,,47265
42586,11,,1,,47266
42587,11,,1,,47267
42588,11,,1,,47268
42589,11,,1,,47269
42590,11,,1,,47270
42591,11,,1,,47271
42592,11,,1,,47272
42593,11,,1,,47273
42594,11,,1,,47274
42595,11,,1,,47275
42596,11,,1,,47276
42597,11,,1,,47277
42598,11,,1,,47278
42599,11,,1,,47279
42600,11,,1,,47280
42601,11,,1,,47281
42602,11,,1,,47282
42603,11,,1,,47283
42604,11,,1,,47284
42605,11,,1,,47285
42606,11,,1,,47286
42607,11,,1,,47287
42608,11,,1,,47288
42609,11,,1,,47289
42610,11,,1,,47290
42611,11,,1,,47291
42612,11,,1,,47292
42613,11,,1,,47293
42614,11,,1,,47294
42615,11,,1,,47295
42616,11,,1,,47296
42617,11,,1,,47297
42618,11,,1,,47298
42619,11,,1,,47299
42620,11,,1,,47300
42621,11,,1,,47301
42622,11,,1,,47302
42623,11,,1,,47303
42624,11,,1,,47304
42625,11,,1,,47305
42626,11,,1,,47306
42627,11,,1,,47307
42628,11,,1,,47308
42629,11,,1,,47309
42630,11,,1,,47310
42631,11,,1,,47311
42632,11,,1,,47312
42633,11,,1,,47313
42634,11,,1,,47314
42635,11,,1,,47315
42636,11,,1,,47316
42637,11,,1,,47317
42638,11,,1,,47318
42639,11,,1,,47319
42640,11,,1,,47320
42641,11,,1,,47321
42642,11,,1,,47322
42643,11,,1,,47323
42644,11,,1,,47324
42645,11,,1,,47325
42646,11,,1,,47326
42647,11,,1,,47327
42648,11,,1,,47328
42649,11,,1,,47329
42650,11,,1,,47330
42651,11,,1,,47331
42652,11,,1,,47332
42653,11,,1,,47333
42654,11,,1,,47334
42655,11,,1,,47335
42656,11,,1,,47336
42657,11,,1,,47337
42658,11,,1,,47338
42659,11,,1,,47339
42660,11,,1,,47340
42661,11,,1,,47341
42662,11,,1,,47342
42663,11,,1,,47343
42664,11,,1,,47344
42665,11,,1,,47345
42666,11,,1,,47346
42667,11,,1,,47347
42668,11,,1,,47348
42669,11,,1,,47349
42670,11,,1,,47350
42671,11,,1,,47351
42672,11,,1,,47352
42673,11,,1,,47353
42674,11,,1,,47354
42675,11,,1,,47355
42676,11,,1,,47356
42677,11,,1,,47357
42678,11,,1,,47358
42679,11,,1,,47359
42680,11,,1,,47360
42681,11,,1,,47361
42682,11,,1,,47362
42683,11,,1,,47363
42684,11,,1,,47364
42685,11,,1,,47365
42686,11,,1,,47366
42687,11,,1,,47367
42688,11,,1,,47368
42689,11,,1,,47369
42690,11,,1,,47370
42691,11,,1,,47371
42692,11,,1,,47372
42693,11,,1,,47373
42694,11,,1,,47374
42695,11,,1,,47375
42696,11,,1,,47376
42697,11,,1,,47377
42698,11,,1,,47378
42699,11,,1,,47379
42700,11,,1,,47380
42701,11,,1,,47381
42702,11,,1,,47382
42703,11,,1,,47383
42704,11,,1,,47384
42705,11,,1,,47385
42706,11,,1,,47386
42707,11,,1,,47387
42708,11,,1,,47388
42709,11,,1,,47389
42710,11,,1,,47390
42711,11,,1,,47391
42712,11,,1,,47392
42713,11,,1,,47393
42714,11,,1,,47394
42715,11,,1,,47395
42716,11,,1,,47396
42717,11,,1,,47397
42718,11,,1,,47398
42719,11,,1,,47399
42720,11,,1,,47400
42721,11,,1,,47401
42722,11,,1,,47402
42723,11,,1,,47403
42724,11,,1,,47404
42725,11,,1,,47405
42726,11,,1,,47406
42727,11,,1,,47407
42728,11,,1,,47408
42729,11,,1,,47409
42730,11,,1,,47410
42731,11,,1,,47411
42732,11,,1,,47412
42733,11,,1,,47413
42734,11,,1,,47414
42735,11,,1,,47415
42736,11,,1,,47416
42737,11,,1,,47417
42738,11,,1,,47418
42739,11,,1,,47419
42740,11,,1,,47420
42741,11,,1,,47421
42742,11,,1,,47422
42743,11,,1,,47423
42744,11,,1,,47424
42745,11,,1,,47425
42746,11,,1,,47426
42747,11,,1,,47427
42748,11,,1,,47428
42749,11,,1,,47429
42750,11,,1,,47430
42751,11,,1,,47431
42752,11,,1,,47432
42753,11,,1,,47433
42754,11,,1,,47434
42755,11,,1,,47435
42756,11,,1,,47436
42757,11,,1,,47437
42758,11,,1,,47438
42759,11,,1,,47439
42760,11,,1,,47440
42761,11,,1,,47441
42762,11,,1,,47442
42763,11,,1,,47443
42764,11,,1,,47444
42765,11,,1,,47445
42766,11,,1,,47446
42767,11,,1,,47447
42768,11,,1,,47448
42769,11,,1,,47449
42770,11,,1,,47450
42771,11,,1,,47451
42772,11,,1,,47452
42773,11,,1,,47453
42774,11,,1,,47454
42775,11,,1,,47455
42776,11,,1,,47456
42777,11,,1,,47457
42778,11,,1,,47458
42779,11,,1,,47459
42780,11,,1,,47460
42781,11,,1,,47461
42782,11,,1,,47462
42783,11,,1,,47463
42784,11,,1,,47464
42785,11,,1,,47465
42786,11,,1,,47466
42787,11,,1,,47467
42788,11,,1,,47468
42789,11,,1,,47469
42790,11,,1,,47470
42791,11,,1,,47471
42792,11,,1,,47472
42793,11,,1,,47473
42794,11,,1,,47474
42795,11,,1,,47475
42796,11,,1,,47476
42797,11,,1,,47477
42798,11,,1,,47478
42799,11,,1,,47479
42800,11,,1,,47480
42801,11,,1,,47481
42802,11,,1,,47482
42803,11,,1,,47483
42804,11,,1,,47484
42805,11,,1,,47485
42806,11,,1,,47486
42807,11,,1,,47487
42808,11,,1,,47488
42809,11,,1,,47489
42810,11,,1,,47490
42811,11,,1,,47491
42812,11,,1,,47492
42813,11,,1,,47493
42814,11,,1,,47494
42815,11,,1,,47495
42816,11,,1,,47496
42817,11,,1,,47497
42818,11,,1,,47498
42819,11,,1,,47499
42820,11,,1,,47500
42821,11,,1,,47501
42822,11,,1,,47502
42823,11,,1,,47503
42824,11,,1,,47504
42825,11,,1,,47505
42826,11,,1,,47506
42827,11,,1,,47507
42828,11,,1,,47508
42829,11,,1,,47509
42830,11,,1,,47510
42831,11,,1,,47511
42832,11,,1,,47512
42833,11,,1,,47513
42834,11,,1,,47514
42835,11,,1,,47515
42836,11,,1,,47516
42837,11,,1,,47517
42838,11,,1,,47518
42839,11,,1,,47519
42840,11,,1,,47520
42841,11,,1,,47521
42842,11,,1,,47522
42843,11,,1,,47523
42844,11,,1,,47524
42845,11,,1,,47525
42846,11,,1,,47526
42847,11,,1,,47527
42848,11,,1,,47528
42849,11,,1,,47529
42850,11,,1,,47530
42851,11,,1,,47531
42852,11,,1,,47532
42853,11,,1,,47533
42854,11,,1,,47534
42855,11,,1,,47535
42856,11,,1,,47536
42857,11,,1,,47537
42858,11,,1,,47538
42859,11,,1,,47539
42860,11,,1,,47540
42861,11,,1,,47541
42862,11,,1,,47542
42863,11,,1,,47543
42864,11,,1,,47544
42865,11,,1,,47545
42866,11,,1,,47546
42867,11,,1,,47547
42868,11,,1,,47548
42869,11,,1,,47549
42870,11,,1,,47550
42871,11,,1,,47551
42872,11,,1,,47552
42873,11,,1,,47553
42874,11,,1,,47554
42875,11,,1,,47555
42876,11,,1,,47556
42877,11,,1,,47557
42878,11,,1,,47558
42879,11,,1,,47559
42880,11,,1,,47560
42881,11,,1,,47561
42882,11,,1,,47562
42883,11,,1,,47563
42884,11,,1,,47564
42885,11,,1,,47565
42886,11,,1,,47566
42887,11,,1,,47567
42888,11,,1,,47568
42889,11,,1,,47569
42890,11,,1,,47570
42891,11,,1,,47571
42892,11,,1,,47572
42893,11,,1,,47573
42894,11,,1,,47574
42895,11,,1,,47575
42896,11,,1,,47576
42897,11,,1,,47577
42898,11,,1,,47578
42899,11,,1,,47579
42900,11,,1,,47580
42901,11,,1,,47581
42902,11,,1,,47582
42903,11,,1,,47583
42904,11,,1,,47584
42905,11,,1,,47585
42906,11,,1,,47586
42907,11,,1,,47587
42908,11,,1,,47588
42909,11,,1,,47589
42910,11,,1,,47590
42911,11,,1,,47591
42912,11,,1,,47592
42913,11,,1,,47593
42914,11,,1,,47594
42915,11,,1,,47595
42916,11,,1,,47596
42917,11,,1,,47597
42918,11,,1,,47598
42919,11,,1,,47599
42920,11,,1,,47600
42921,11,,1,,47601
42922,11,,1,,47602
42923,11,,1,,47603
42924,11,,1,,47604
42925,11,,1,,47605
42926,11,,1,,47606
42927,11,,1,,47607
42928,11,,1,,47608
42929,11,,1,,47609
42930,11,,1,,47610
42931,11,,1,,47611
42932,11,,1,,47612
42933,11,,1,,47613
42934,11,,1,,47614
42935,11,,1,,47615
42936,11,,1,,47616
42937,11,,1,,47617
42938,11,,1,,47618
42939,11,,1,,47619
42940,11,,1,,47620
42941,11,,1,,47621
42942,11,,1,,47622
42943,11,,1,,47623
42944,11,,1,,47624
42945,11,,1,,47625
42946,11,,1,,47626
42947,11,,1,,47627
42948,11,,1,,47628
42949,11,,1,,47629
42950,11,,1,,47630
42951,11,,1,,47631
42952,11,,1,,47632
42953,11,,1,,47633
42954,11,,1,,47634
42955,11,,1,,47635
42956,11,,1,,47636
42957,11,,1,,47637
42958,11,,1,,47638
42959,11,,1,,47639
42960,11,,1,,47640
42961,11,,1,,47641
42962,11,,1,,47642
42963,11,,1,,47643
42964,11,,1,,47644
42965,11,,1,,47645
42966,11,,1,,47646
42967,11,,1,,47647
42968,11,,1,,47648
42969,11,,1,,47649
42970,11,,1,,47650
42971,11,,1,,47651
42972,11,,1,,47652
42973,11,,1,,47653
42974,11,,1,,47654
42975,11,,1,,47655
42976,11,,1,,47656
42977,11,,1,,47657
42978,11,,1,,47658
42979,11,,1,,47659
42980,11,,1,,47660
42981,11,,1,,47661
42982,11,,1,,47662
42983,11,,1,,47663
42984,11,,1,,47664
42985,11,,1,,47665
42986,11,,1,,47666
42987,11,,1,,47667
42988,11,,1,,47668
42989,11,,1,,47669
42990,11,,1,,47670
42991,11,,1,,47671
42992,11,,1,,47672
42993,11,,1,,47673
42994,11,,1,,47674
42995,11,,1,,47675
42996,11,,1,,47676
42997,11,,1,,47677
42998,11,,1,,47678
42999,11,,1,,47679
43000,11,,1,,47680
43001,11,,1,,47681
43002,11,,1,,47682
43003,11,,1,,47683
43004,11,,1,,47684
43005,11,,1,,47685
43006,11,,1,,47686
43007,11,,1,,47687
43008,11,,1,,47688
43009,11,,1,,47689
43010,11,,1,,47690
43011,11,,1,,47691
43012,11,,1,,47692
43013,11,,1,,47693
43014,11,,1,,47694
43015,11,,1,,47695
43016,11,,1,,47696
43017,11,,1,,47697
43018,11,,1,,47698
43019,11,,1,,47699
43020,11,,1,,47700
43021,11,,1,,47701
43022,11,,1,,47702
43023,11,,1,,47703
43024,11,,1,,47704
43025,11,,1,,47705
43026,11,,1,,47706
43027,11,,1,,47707
43028,11,,1,,47708
43029,11,,1,,47709
43030,11,,1,,47710
43031,11,,1,,47711
43032,11,,1,,47712
43033,11,,1,,47713
43034,11,,1,,47714
43035,11,,1,,47715
43036,11,,1,,47716
43037,39,8,1,,47717
43038,39,3,1,,47718
43039,11,,1,,47719
43040,39,4,1,,47720
43041,66,,1,,47720
43042,39,6,1,,49820
43043,39,6,1,,49821
43044,23,7,1,,49821
43045,39,6,1,,49822
43046,23,7,1,,49822
43047,39,1,2,,49823
43048,23,5,1,,49824
43049,39,1,2,,49825
43050,23,5,1,,49825
43051,39,1,1,,49826
43052,23,7,1,,49826
43053,39,3,1,,49827
43054,39,1,2,,49828
43055,39,1,1,,49829
43056,11,,1,,49830
43057,39,3,1,,49831
43058,39,3,1,,49832
43059,39,1,1,,49833
43060,36,,1,,49834
43061,39,1,1,,49835
43062,39,3,1,,49836
43063,11,,1,,49837
43064,39,1,1,,49838
43065,39,1,2,,49839
43066,11,,1,,49840
43067,39,1,1,,49841
43068,36,,1,,49842
43069,36,,1,,49843
43070,39,1,1,,49844
43071,39,3,1,,49845
43072,39,1,1,,49846
43073,36,,1,,49847
43074,11,,1,,49848
43075,36,,1,,49849
43076,36,,3,,49850
43077,39,1,1,,49851
43078,39,1,1,,49852
43079,39,1,1,,49853
43080,23,5,1,,49853
43081,39,1,2,,49854
43082,39,3,1,,49855
43083,23,5,2,,49856
43084,39,1,1,,49857
43085,39,1,1,,49858
43086,36,,1,,49859
43087,39,1,1,,49860
43088,39,1,1,,49861
43089,36,,1,,49862
43090,36,,1,,49863
43091,36,,2,,49864
43092,36,,1,,49865
43093,39,1,1,,49866
43094,39,1,1,,49867
43095,36,,1,,49868
43096,39,1,1,,49869
43097,39,1,2,,49870
43098,39,1,1,,49871
43099,39,1,1,,49872
43100,23,7,1,,49872
43101,39,1,1,,49873
43102,39,1,1,,49874
43103,36,,1,,49875
43104,36,,1,,49876
43105,39,1,2,,49877
43106,39,1,1,,49878
43107,23,7,1,,49878
43108,39,1,1,,49879
43109,39,1,2,,49880
43110,39,1,2,,49881
43111,39,1,2,,49882
43112,39,1,1,,49883
43113,39,1,1,,49884
43114,36,,2,,49885
43115,36,,1,,49886
43116,39,1,1,,49887
43117,23,7,1,,49887
43118,23,5,1,,49888
43119,39,1,1,,49889
43120,39,1,1,,49890
43121,39,1,1,,49891
43122,11,,1,,49892
43123,39,3,1,,49893
43124,39,1,2,,49894
43125,39,1,1,,49895
43126,39,1,1,,49896
43127,39,1,1,,49897
43128,36,,1,,49898
43129,39,1,1,,49899
43130,39,1,1,,49900
43131,39,1,1,,49901
43132,39,1,1,,49902
43133,39,1,1,,49903
43134,39,1,1,,49904
43135,39,1,1,,49905
43136,23,5,1,,49905
43137,39,3,1,,49906
43138,39,1,2,,49907
43139,39,1,2,,49908
43140,39,1,1,,49909
43141,23,7,1,,49909
43142,39,1,1,,49910
43143,39,1,2,,49911
43144,39,1,6,,49912
43145,39,3,1,,49913
43146,39,3,1,,49914
43147,39,3,1,,49915
43148,39,3,1,,49916
43149,39,1,1,,49917
43150,39,1,1,,49918
43151,39,1,2,,49919
43152,39,1,1,,49920
43153,39,1,1,,49921
43154,39,1,1,,49922
43155,23,7,1,,49922
43156,39,3,1,,49923
43157,39,3,1,,49924
43158,22,,1,,49925
43159,11,,1,,49926
43160,36,,1,,49927
43161,39,1,1,,49928
43162,39,1,2,,49929
43163,39,3,1,,49930
43164,39,1,1,,49931
43165,39,1,1,,49932
43166,23,7,1,,49932
43167,23,5,1,,49933
43168,39,3,1,,49934
43169,11,,1,,49935
43170,39,3,1,,49936
43171,39,1,1,,49937
43172,39,3,1,,49938
43173,39,1,1,,49939
43174,36,,2,,49940
43175,11,,1,,49941
43176,39,1,1,,49942
43177,22,,1,,49943
43178,36,,1,,49944
43179,11,,1,,49945
43180,39,1,1,,49946
43181,39,1,1,,49947
43182,39,3,1,,49948
43183,39,1,1,,49949
43184,39,1,1,,49950
43185,39,1,1,,49951
43186,39,1,1,,49952
43187,39,1,1,,49953
43188,23,5,1,,49953
43189,39,1,1,,49954
43190,39,1,2,,49955
43191,39,1,1,,49956
43192,39,1,1,,49957
43193,39,3,1,,49958
43194,39,1,1,,49959
43195,39,1,1,,49960
43196,39,1,2,,49961
43197,39,1,2,,49962
43198,39,3,1,,49963
43199,39,1,1,,49964
43200,36,,1,,49965
43201,36,,1,,49966
43202,36,,1,,49967
43203,39,1,1,,49968
43204,39,1,2,,49969
43205,39,1,2,,49970
43206,23,5,1,,49971
43207,39,3,1,,49972
43208,39,1,1,,49973
43209,39,1,2,,49974
43210,39,3,1,,49975
43211,39,1,1,,49976
43212,39,1,1,,49977
43213,39,4,1,,49978
43214,66,,1,,49978
43215,39,3,1,,49979
43216,39,1,1,,49980
43217,39,1,2,,49981
43218,39,1,1,,49982
43219,39,1,1,,49983
43220,39,1,2,,49984
43221,39,1,1,,49985
43222,39,1,1,,49986
43223,23,7,1,,49986
43224,39,1,1,,49987
43225,11,,1,,49988
43226,36,,1,,49989
43227,39,1,1,,49990
43228,39,1,1,,49991
43229,36,,1,,49992
43230,39,3,1,,49993
43231,39,1,1,,49994
43232,39,1,2,,49995
43233,39,3,1,,49996
43234,39,1,4,,49997
43235,23,7,1,,49998
43236,39,1,1,,49999
43237,39,3,1,,50000
43238,39,1,1,,50001
43239,39,1,1,,50002
43240,23,7,1,,50002
43241,39,1,2,,50003
43242,39,1,1,,50004
43243,39,1,2,,50005
43244,23,5,1,,50006
43245,39,1,1,,50007
43246,39,1,1,,50008
43247,39,1,1,,50009
43248,23,5,1,,50010
43249,39,1,2,,50011
43250,39,1,1,,50012
43251,39,1,1,,50013
43252,23,5,1,,50013
43253,39,1,1,,50014
43254,39,1,1,,50015
43255,39,1,2,,50016
43256,39,1,1,,50017
43257,39,1,2,,50018
43258,39,1,1,,50019
43259,39,1,1,,50020
43260,23,7,1,,50020
43261,39,1,1,,50021
43262,39,1,1,,50022
43263,39,1,1,,50023
43264,39,1,1,,50024
43265,23,5,1,,50025
43266,39,1,1,,50026
43267,39,1,2,,50027
43268,39,1,1,,50028
43269,23,5,1,,50028
43270,39,1,1,,50029
43271,39,1,1,,50030
43272,39,1,1,,50031
43273,39,3,1,,50032
43274,39,3,1,,50033
43275,23,7,1,,50034
43276,23,7,2,,50035
43277,39,1,1,,50036
43278,39,1,2,,50037
43279,39,1,3,,50038
43280,39,1,1,,50039
43281,39,1,1,,50040
43282,39,1,1,,50041
43283,39,1,1,,50042
43284,39,1,1,,50043
43285,39,1,1,,50044
43286,39,1,2,,50045
43287,39,1,1,,50046
43288,39,1,1,,50047
43289,11,,1,,50048
43290,39,1,1,,50049
43291,23,5,1,,50050
43292,23,5,1,,50051
43293,39,1,2,,50052
43294,23,5,1,,50052
43295,23,5,1,,50053
43296,39,1,1,,50054
43297,39,1,1,,50055
43298,11,,1,,50056
43299,39,1,1,,50057
43300,39,1,1,,50058
43301,39,1,1,,50059
43302,39,1,1,,50060
43303,39,1,1,,50061
43304,39,1,1,,50062
43305,39,1,1,,50063
43306,39,1,2,,50064
43307,39,1,1,,50065
43308,36,,2,,50066
43309,36,,1,,50067
43310,39,1,1,,50068
43311,23,7,1,,50068
43312,39,1,2,,50069
43313,39,1,1,,50070
43314,39,1,1,,50071
43315,23,5,1,,50072
43316,39,1,2,,50073
43317,39,1,2,,50074
43318,23,7,2,,50075
43319,23,7,2,,50076
43320,11,,1,,50077
43321,39,1,1,,50078
43322,23,5,1,,50078
43323,39,1,1,,50079
43324,39,1,2,,50080
43325,39,1,1,,50081
43326,39,1,1,,50082
43327,39,1,1,,50083
43328,39,1,1,,50084
43329,39,1,2,,50085
43330,39,1,1,,50086
43331,39,1,1,rude,50087
43332,39,1,1,,50088
43333,23,7,1,,50088
43334,39,1,2,,50089
43335,39,1,1,,50090
43336,23,7,1,,50090
43337,39,1,1,,50091
43338,23,7,2,,50091
43339,39,1,2,,50092
43340,23,5,2,,50092
43341,39,3,1,,50093
43342,39,1,1,,50094
43343,39,1,1,,50095
43344,23,5,1,,50096
43345,39,3,1,,50097
43346,39,1,2,,50098
43347,39,1,1,,50099
43348,23,5,1,,50100
43349,39,1,1,,50100
43350,39,1,2,,50101
43351,23,5,1,,50102
43352,39,1,1,,50102
43353,39,3,1,,50103
43354,39,1,1,,50104
43355,11,,1,,50105
43356,39,3,1,,50106
43357,39,1,1,,50107
43358,39,1,1,,50108
43359,39,1,1,,50109
43360,39,3,1,,50110
43361,39,3,1,,50111
43362,39,1,1,,50112
43363,39,1,1,,50113
43364,39,1,1,,50114
43365,39,3,1,,50115
43366,39,1,1,,50116
43367,39,3,1,,50117
43368,39,3,1,,50118
43369,39,3,1,,50119
43370,39,1,1,,50120
43371,39,1,1,,50121
43372,39,1,1,,50122
43373,39,1,1,,50123
43374,39,1,1,,50124
43375,11,,1,,50125
43376,11,,1,,50126
43377,39,1,1,,50127
43378,39,3,1,,50128
43379,36,,1,,50129
43380,11,,1,,50130
43381,39,1,1,,50131
43382,39,1,1,,50132
43383,39,1,1,,50133
43384,39,3,1,,50134
43385,39,3,1,,50135
43386,39,3,1,,50136
43387,39,1,1,,50137
43388,39,3,1,,50138
43389,39,3,1,,50139
43390,39,3,1,,50140
43391,39,1,2,,50141
43392,39,3,1,,50142
43393,39,1,2,,50143
43394,39,1,1,,50144
43395,39,1,1,,50145
43396,23,5,1,,50146
43397,39,1,2,,50147
43398,39,1,2,,50148
43399,39,1,1,,50149
43400,39,1,1,,50150
43401,39,1,1,,50151
43402,39,1,1,,50152
43403,39,1,2,,50153
43404,39,1,1,,50154
43405,23,7,1,,50154
43406,39,1,2,,50155
43407,39,1,2,,50156
43408,39,1,2,,50157
43409,39,1,2,,50158
43410,39,1,1,,50159
43411,39,1,3,,50160
43412,39,3,1,,50161
43413,23,7,1,,50162
43414,39,1,1,,50163
43415,23,7,2,,50164
43416,39,1,1,,50165
43417,39,1,1,,50166
43418,39,3,1,,50167
43419,39,3,1,,50168
43420,39,1,1,,50169
43421,39,1,1,,50170
43422,23,7,1,,50170
43423,39,1,1,,50171
43424,39,1,1,,50172
43425,11,,1,,50173
43426,23,7,1,,50174
43427,39,1,2,,50175
43428,39,1,1,,50176
43429,23,7,1,,50177
43430,23,7,2,,50178
43431,39,1,1,,50179
43432,39,1,2,,50180
43433,39,3,1,,50181
43434,39,1,2,,50182
43435,39,1,1,,50183
43436,39,1,1,,50184
43437,39,1,1,,50185
43438,39,1,1,,50186
43439,39,1,2,,50187
43440,39,1,1,,50188
43441,39,1,1,,50189
43442,39,1,1,,50190
43443,39,3,1,,50191
43444,39,1,2,,50192
43445,39,1,2,,50193
43446,39,1,1,,50194
43447,39,1,2,,50195
43448,23,7,1,,50195
43449,39,1,2,,50196
43450,39,1,1,,50197
43451,39,1,3,,50198
43452,39,1,1,,50199
43453,39,1,2,,50200
43454,39,1,1,,50201
43455,39,1,1,,50202
43456,39,3,1,,50203
43457,39,1,1,,50204
43458,39,1,2,,50205
43459,39,1,1,,50206
43460,39,1,2,,50207
43461,39,1,1,,50208
43462,39,1,1,,50209
43463,39,1,2,,50210
43464,39,1,1,,50211
43465,39,1,1,,50212
43466,39,1,1,,50213
43467,39,1,1,,50214
43468,39,1,1,,50215
43469,39,1,1,,50216
43470,39,1,1,,50217
43471,39,1,1,,50218
43472,39,1,1,,50219
43473,39,1,1,,50220
43474,23,7,1,,50221
43475,39,3,1,,50222
43476,39,1,1,,50223
43477,39,1,1,,50224
43478,39,1,1,,50225
43479,39,1,1,,50226
43480,39,3,1,,50227
43481,39,1,1,,50228
43482,39,1,1,,50229
43483,39,1,1,,50230
43484,39,1,2,,50231
43485,39,3,1,,50232
43486,39,1,1,,50233
43487,39,1,1,,50234
43488,39,1,1,,50235
43489,39,1,1,,50236
43490,39,1,1,,50237
43491,23,7,1,,50237
43492,39,1,1,,50238
43493,39,1,1,,50239
43494,39,1,1,,50240
43495,39,1,1,,50241
43496,39,1,1,,50242
43497,39,3,1,,50243
43498,39,1,1,,50244
43499,39,3,1,,50245
43500,36,,1,,50246
43501,39,1,1,,50247
43502,39,1,1,,50248
43503,23,7,1,,50248
43504,39,1,1,,50249
43505,39,1,1,,50250
43506,39,1,1,,50251
43507,39,1,1,,50252
43508,39,1,1,,50253
43509,39,1,1,,50254
43510,39,1,1,,50255
43511,39,1,1,,50256
43512,39,1,1,,50257
43513,39,1,2,,50258
43514,23,7,1,,50258
43515,39,1,2,,50259
43516,39,1,1,,50260
43517,39,1,1,,50261
43518,39,1,1,,50262
43519,39,1,1,,50263
43520,23,5,1,,50264
43521,39,1,2,,50265
43522,39,1,1,,50266
43523,39,1,1,,50267
43524,11,,1,,50268
43525,39,1,1,,50269
43526,23,5,1,,50270
43527,39,1,1,,50271
43528,39,1,1,,50272
43529,39,1,2,,50273
43530,39,1,1,,50274
43531,39,1,1,,50275
43532,39,1,1,,50276
43533,39,1,1,,50277
43534,23,7,1,,50277
43535,23,7,1,,50278
43536,39,1,1,,50279
43537,23,7,1,,50279
43538,39,3,1,,50280
43539,39,3,1,,50281
43540,39,1,1,,50282
43541,39,1,1,,50283
43542,39,1,1,,50284
43543,39,3,1,,50285
43544,39,1,2,,50286
43545,39,1,1,,50287
43546,23,7,1,,50287
43547,39,1,1,,50288
43548,11,,1,,50289
43549,39,3,1,,50290
43550,39,1,2,,50291
43551,39,1,1,,50292
43552,11,,1,,50293
43553,39,3,1,,50294
43554,39,1,2,,50295
43555,39,1,2,,50296
43556,11,,1,,50297
43557,39,3,1,,50298
43558,39,1,1,,50299
43559,39,1,1,,50300
43560,39,1,1,,50301
43561,39,1,1,,50302
43562,39,1,1,,50303
43563,39,1,1,,50304
43564,11,,1,,50305
43565,39,1,1,,50306
43566,23,7,1,,50306
43567,39,1,1,,50307
43568,39,1,2,,50308
43569,39,1,1,,50309
43570,39,3,1,,50310
43571,39,1,1,,50311
43572,23,7,2,,50312
43573,39,3,1,,50313
43574,39,1,2,,50314
43575,39,1,3,,50315
43576,39,3,1,,50316
43577,23,5,1,,50317
43578,39,1,1,,50318
43579,39,3,1,,50319
43580,39,3,1,,50320
43581,39,1,1,,50321
43582,39,1,1,,50322
43583,39,1,1,,50323
43584,39,3,1,,50324
43585,39,3,1,,50325
43586,39,1,2,,50326
43587,39,1,1,,50327
43588,39,1,1,,50328
43589,23,5,1,,50328
43590,39,1,1,,50329
43591,39,1,1,,50330
43592,39,1,1,,50331
43593,39,1,1,,50332
43594,39,1,1,,50333
43595,39,1,2,,50334
43596,39,1,1,,50335
43597,23,5,1,,50336
43598,39,1,1,,50337
43599,23,7,1,,50337
43600,39,1,1,,50338
43601,39,1,1,,50339
43602,11,,1,,50340
43603,39,1,1,,50341
43604,39,1,1,,50342
43605,23,7,1,,50342
43606,39,1,3,,50343
43607,23,5,1,,50344
43608,23,5,1,,50345
43609,39,1,1,,50346
43610,23,7,1,,50346
43611,39,1,2,,50347
43612,39,1,2,,50348
43613,39,1,1,,50349
43614,39,1,2,,50350
43615,23,5,1,,50351
43616,39,1,1,,50352
43617,39,1,3,,50353
43618,39,1,1,,50354
43619,23,5,1,,50355
43620,39,1,2,,50356
43621,39,1,1,,50357
43622,23,7,2,,50358
43623,39,1,1,,50359
43624,39,1,1,,50360
43625,39,1,1,,50361
43626,39,1,1,,50362
43627,39,1,1,,50363
43628,39,1,1,,50364
43629,39,1,2,,50365
43630,39,1,1,,50366
43631,39,1,1,,50367
43632,39,1,1,,50368
43633,41,,1,,50369
43634,11,,1,,50370
43635,23,7,1,,50371
43636,39,1,1,,50372
43637,11,,1,,50373
43638,11,,1,,50374
43640,39,6,1,,50375
43641,39,1,2,,50376
43642,39,1,2,,50377
43643,39,1,2,,50378
43644,23,7,1,,50378
43645,39,1,1,,50379
43646,23,7,1,,50379
43647,39,3,1,,50380
43648,39,1,2,,50381
43649,39,1,1,,50382
43650,39,3,1,,50383
43651,39,3,1,,50384
43652,39,1,1,,50385
43653,39,1,1,,50386
43654,11,,1,,50387
43655,39,1,1,,50388
43656,39,1,2,,50389
43657,39,1,1,,50390
43658,39,1,1,,50391
43659,39,3,1,,50392
43660,39,1,1,,50393
43661,36,,1,,50394
43662,36,,1,,50395
43663,36,,1,,50396
43664,39,1,1,,50397
43665,39,1,1,,50398
43666,39,1,1,,50399
43667,23,5,1,,50399
43668,39,1,2,,50400
43669,39,3,1,,50401
43670,39,1,1,,50402
43671,23,7,2,,50402
43672,39,1,1,,50403
43673,39,1,1,,50404
43674,36,,1,,50405
43675,39,1,2,,50406
43676,39,1,2,,50407
43677,36,,1,,50408
43678,36,,1,,50409
43679,36,,1,,50410
43680,39,1,1,,50411
43681,39,1,1,,50412
43682,39,1,1,,50413
43683,39,1,2,,50414
43684,39,1,1,,50415
43685,23,7,1,,50416
43686,39,1,1,,50417
43687,39,1,1,,50418
43688,36,,2,,50419
43689,36,,1,,50420
43690,39,1,1,,50421
43691,39,1,1,,50422
43692,23,7,1,,50422
43693,39,1,1,,50423
43694,39,1,1,,50424
43695,39,1,2,,50425
43696,39,1,2,,50426
43697,39,1,1,,50427
43698,39,1,1,,50428
43699,39,1,1,,50429
43700,23,7,1,,50429
43701,23,5,1,,50430
43702,39,1,1,,50431
43703,39,1,1,,50432
43704,39,1,2,,50433
43705,22,,1,,50434
43706,39,3,1,,50435
43707,39,1,2,,50436
43708,39,1,1,,50437
43709,39,1,1,,50438
43710,36,,1,,50439
43711,39,1,1,,50440
43712,39,1,1,,50441
43713,39,1,1,,50442
43714,39,1,1,,50443
43715,39,1,1,,50444
43716,39,1,1,,50445
43717,39,1,1,,50446
43718,23,7,1,,50446
43719,11,,1,,50447
43720,39,1,2,,50448
43721,39,1,2,,50449
43722,23,7,1,,50450
43723,39,1,1,,50451
43724,39,1,1,,50452
43725,39,3,1,,50453
43726,39,3,1,,50454
43727,39,3,1,,50455
43728,39,3,1,,50456
43729,39,1,1,,50457
43730,39,1,1,,50458
43731,39,1,1,,50459
43732,39,1,1,,50460
43733,39,1,2,,50461
43734,39,1,1,,50462
43735,23,7,1,,50462
43736,22,,1,,50463
43737,36,,1,,50464
43738,36,,1,,50465
43739,23,7,1,,50466
43740,23,7,1,,50467
43741,39,1,1,,50468
43742,23,5,1,,50469
43743,11,,1,,50470
43744,39,1,1,,50471
43745,39,1,2,,50472
43746,23,7,2,,50472
43747,11,,1,,50473
43748,39,3,1,,50474
43749,39,1,1,,50475
43750,11,,1,,50476
43751,39,1,1,,50477
43752,39,1,1,,50478
43753,22,,1,,50479
43754,39,1,1,,50480
43755,39,3,1,,50481
43756,39,1,1,,50482
43757,39,1,1,,50483
43758,39,1,2,,50484
43759,39,1,2,,50485
43760,39,1,1,,50486
43761,23,7,1,,50486
43762,39,1,2,,50487
43763,39,1,1,,50488
43764,39,1,1,,50489
43765,23,5,1,,50489
43766,39,1,1,,50490
43767,39,1,1,,50491
43768,39,1,2,,50492
43769,39,1,2,,50493
43770,11,,1,,50494
43771,39,1,1,,50495
43772,36,,1,,50496
43773,39,1,2,,50497
43774,39,1,2,,50498
43775,23,5,1,,50499
43776,39,3,1,,50500
43777,39,1,1,,50501
43778,39,1,2,,50502
43779,39,3,1,,50503
43780,39,1,1,,50504
43781,39,1,1,,50505
43782,39,4,1,,50506
43783,66,,1,,50506
43784,39,1,1,,50507
43785,39,1,2,,50508
43786,39,1,1,,50509
43787,39,1,1,,50510
43788,39,1,2,,50511
43789,39,1,1,,50512
43790,39,1,1,,50513
43791,23,5,1,,50513
43792,39,1,1,,50514
43793,23,5,1,,50515
43794,36,,1,,50516
43795,39,1,1,,50517
43796,39,1,1,,50518
43797,36,,1,,50519
43798,39,3,1,,50520
43799,39,1,1,,50521
43800,39,1,2,,50522
43801,39,3,1,,50523
43802,39,1,2,,50524
43803,39,1,3,,50525
43804,39,1,2,,50526
43805,39,3,1,,50527
43806,39,1,1,,50528
43807,39,1,1,,50529
43808,39,1,1,,50530
43809,39,1,1,,50531
43810,39,1,1,,50532
43811,23,7,1,,50532
43812,39,1,1,,50533
43813,39,1,1,,50534
43814,39,1,1,,50535
43815,23,5,1,,50536
43816,39,1,2,,50537
43817,39,1,1,,50538
43818,36,,1,,50539
43819,39,1,1,,50540
43820,23,7,1,,50540
43821,39,1,1,,50541
43822,39,1,1,,50542
43823,39,1,1,,50543
43824,39,1,1,,50544
43825,39,1,2,,50545
43826,39,1,2,,50546
43827,39,1,1,,50547
43828,23,7,1,,50547
43829,39,1,1,,50548
43830,39,1,1,,50549
43831,39,1,1,,50550
43832,39,1,1,,50551
43833,23,5,1,,50552
43834,39,1,1,,50553
43835,39,1,1,,50554
43836,39,1,1,,50555
43837,39,1,1,,50556
43838,23,7,1,,50556
43839,39,1,1,,50557
43840,39,1,1,,50558
43841,39,1,1,,50559
43842,39,3,1,,50560
43843,23,7,2,,50561
43844,23,7,2,,50562
43845,39,1,1,,50563
43846,39,1,2,,50564
43847,39,1,2,,50565
43848,39,1,1,,50566
43849,39,1,1,,50567
43850,39,1,1,,50568
43851,39,1,1,,50569
43852,23,5,1,,50570
43853,39,1,1,,50571
43854,39,1,2,,50572
43855,39,1,1,,50573
43856,39,1,1,,50574
43857,23,7,1,,50574
43858,41,,1,,50575
43859,39,1,1,,50576
43860,23,5,1,,50577
43861,39,1,1,,50578
43862,23,5,1,,50579
43863,23,5,1,,50580
43864,39,1,1,,50581
43865,39,1,1,,50582
43866,39,1,1,,50583
43867,39,1,1,,50584
43868,39,1,1,,50585
43869,39,1,1,,50586
43870,39,1,1,,50587
43871,39,1,1,,50588
43872,39,1,1,,50589
43873,39,1,2,,50590
43874,39,1,1,,50591
43875,39,1,1,,50592
43876,23,7,1,,50592
43877,39,1,2,,50593
43878,39,1,1,,50594
43879,39,1,1,,50595
43880,39,1,1,,50596
43881,39,1,2,,50597
43882,39,1,2,,50598
43883,23,7,2,,50599
43884,22,,1,,50600
43885,23,5,2,,50601
43886,39,1,1,,50602
43887,23,5,1,,50602
43888,39,1,1,,50603
43889,39,1,1,,50604
43890,39,1,1,,50605
43891,39,1,1,,50606
43892,23,5,1,,50606
43893,39,1,1,,50607
43894,39,1,1,,50608
43895,23,5,1,,50609
43896,23,5,1,,50610
43897,39,1,1,,50611
43898,23,5,1,,50611
43899,39,1,2,,50612
43900,23,7,1,,50613
43901,23,7,2,,50614
43902,23,5,1,,50615
43903,39,3,1,,50616
43904,39,1,1,,50617
43905,39,1,1,,50618
43906,23,5,1,,50619
43907,39,1,2,,50620
43908,39,1,2,,50621
43909,39,1,1,,50622
43910,23,5,1,,50622
43911,39,1,1,,50623
43912,39,1,1,,50624
43913,23,5,1,,50624
43914,39,3,1,,50625
43915,39,1,1,,50626
43916,39,3,1,,50627
43917,39,1,1,,50628
43918,39,1,1,,50629
43919,39,1,1,,50630
43920,39,3,1,,50631
43921,39,3,1,,50632
43922,39,1,1,,50633
43923,39,1,1,,50634
43924,39,1,1,,50635
43925,39,3,1,,50636
43926,39,1,1,,50637
43927,39,3,1,,50638
43928,39,3,1,,50639
43929,39,3,1,,50640
43930,39,1,2,,50641
43931,39,1,1,,50642
43932,39,1,1,,50643
43933,39,1,1,,50644
43934,39,1,2,,50645
43935,39,3,1,,50646
43936,39,1,1,,50647
43937,39,3,1,,50648
43938,39,1,1,,50649
43939,39,1,1,,50650
43940,39,1,1,,50651
43941,39,1,1,,50652
43942,39,3,1,,50653
43943,11,,1,,50654
43944,11,,1,,50655
43945,39,3,1,,50656
43946,11,,1,,50657
43947,11,,1,,50658
43948,39,1,2,,50659
43949,11,,1,,50660
43950,39,1,2,,50661
43951,39,1,1,,50662
43952,39,1,1,,50663
43953,23,5,1,,50664
43954,39,1,1,,50665
43955,39,1,2,,50666
43956,39,1,1,,50667
43957,39,1,1,,50668
43958,39,1,1,,50669
43959,39,1,1,,50670
43960,23,5,1,,50671
43961,39,1,1,,50672
43962,23,7,1,,50672
43963,39,1,1,,50673
43964,39,1,2,,50674
43965,39,1,3,,50675
43966,11,,1,,50676
43967,39,1,2,,50677
43968,39,1,3,,50678
43969,39,1,1,,50679
43970,39,1,1,,50680
43971,11,,1,,50681
43972,23,5,1,,50682
43973,39,1,1,,50683
43974,39,1,1,,50684
43975,23,7,2,,50684
43976,39,1,1,,50685
43977,39,1,1,,50686
43978,39,3,1,,50687
43979,39,3,1,,50688
43980,39,1,1,,50689
43981,39,1,1,,50690
43982,23,5,1,,50690
43983,39,1,1,,50691
43984,39,1,1,,50692
43985,11,,1,,50693
43986,23,7,1,,50694
43987,39,1,2,,50695
43988,39,1,1,,50696
43989,39,1,1,,50697
43990,23,7,2,,50698
43991,39,1,1,,50699
43992,39,1,2,,50700
43993,39,3,1,,50701
43994,39,1,2,,50702
43995,39,1,1,,50703
43996,39,1,1,,50704
43997,39,1,1,,50705
43998,39,1,1,,50706
43999,39,1,2,,50707
44000,39,1,1,,50708
44001,39,1,1,,50709
44002,39,1,1,,50710
44003,11,,1,,50711
44004,39,1,1,,50712
44005,39,1,1,,50713
44006,23,7,1,,50713
44007,39,1,2,,50714
44008,39,1,1,,50715
44009,39,1,2,,50716
44010,39,1,1,,50717
44011,39,1,2,,50718
44012,39,1,1,,50719
44013,39,1,1,,50720
44014,39,3,1,,50721
44015,39,1,1,,50722
44016,39,1,1,,50723
44017,39,1,2,,50724
44018,39,1,1,,50725
44019,39,1,1,,50726
44020,39,1,2,,50727
44021,39,1,1,,50728
44022,39,1,1,,50729
44023,39,1,1,,50730
44024,39,1,1,,50731
44025,39,1,1,,50732
44026,39,1,1,,50733
44027,39,1,2,,50734
44028,23,7,1,,50734
44029,39,1,1,,50735
44030,39,1,1,,50736
44031,39,1,1,,50737
44032,39,1,1,,50738
44033,39,3,1,,50739
44034,39,1,1,,50740
44035,39,1,1,,50741
44036,39,1,1,,50742
44037,39,1,1,,50743
44038,39,1,1,,50744
44039,39,1,1,,50745
44040,11,,1,,50746
44041,39,1,1,,50747
44042,39,1,1,,50748
44043,39,1,1,,50749
44044,39,1,2,,50750
44045,39,3,1,,50751
44046,39,1,1,,50752
44047,39,1,1,,50753
44048,39,1,1,,50754
44049,39,1,1,,50755
44050,39,1,1,,50756
44051,39,1,1,,50757
44052,39,1,1,,50758
44053,39,1,1,,50759
44054,39,1,1,,50760
44055,39,3,1,,50761
44056,39,1,1,,50762
44057,39,3,1,,50763
44058,39,1,1,,50764
44059,39,1,1,,50765
44060,23,7,1,,50765
44061,39,1,1,,50766
44062,39,1,1,,50767
44063,39,1,1,,50768
44064,39,1,1,,50769
44065,39,1,1,,50770
44066,39,1,1,,50771
44067,39,1,1,,50772
44068,39,1,1,,50773
44069,39,1,1,,50774
44070,39,1,1,,50775
44071,23,7,1,,50775
44072,39,1,1,,50776
44073,39,1,1,,50777
44074,39,1,1,,50778
44075,39,1,1,,50779
44076,39,1,1,,50780
44077,39,1,1,,50781
44078,39,1,1,,50782
44079,39,1,1,,50783
44080,39,1,1,,50784
44081,39,1,1,,50785
44082,23,5,1,,50786
44083,39,1,1,,50787
44084,23,7,1,,50787
44085,39,1,1,,50788
44086,39,1,1,,50789
44087,39,1,2,,50790
44088,39,1,2,,50791
44089,23,5,1,,50792
44090,39,1,1,,50793
44091,39,1,1,,50794
44092,23,7,1,,50794
44093,23,5,1,,50795
44094,39,1,1,,50796
44095,23,7,1,,50796
44096,11,,1,,50797
44097,39,3,1,,50798
44098,39,1,1,,50799
44099,39,1,1,,50800
44100,39,1,1,,50801
44101,39,3,1,,50802
44102,39,1,2,,50803
44103,39,1,2,,50804
44104,39,1,1,,50805
44105,11,,1,,50806
44106,39,3,1,,50807
44107,39,1,2,,50808
44108,39,1,1,,50809
44109,11,,1,,50810
44110,39,1,2,,50811
44111,39,1,1,,50812
44112,11,,1,,50813
44113,39,1,1,,50814
44114,39,1,1,,50815
44115,39,1,1,,50816
44116,39,1,1,,50817
44117,39,1,1,,50818
44118,39,1,1,,50819
44119,23,5,1,,50820
44120,39,1,1,,50821
44121,23,7,1,,50821
44122,39,1,1,,50822
44123,39,1,1,,50823
44124,39,1,3,,50824
44125,39,1,1,,50825
44126,39,3,1,,50826
44127,39,1,1,,50827
44128,39,1,1,,50828
44129,23,7,1,,50828
44130,11,,1,,50829
44131,39,1,2,,50830
44132,39,1,2,,50831
44133,39,3,1,,50832
44134,23,5,1,,50833
44135,39,1,1,,50834
44136,11,,1,,50835
44137,39,1,1,,50836
44138,39,1,1,,50837
44139,39,1,1,,50838
44140,39,1,1,,50839
44141,39,3,1,,50840
44142,39,1,2,,50841
44143,39,1,1,,50842
44144,39,1,1,,50843
44145,23,5,1,,50843
44146,39,1,1,,50844
44147,39,1,1,,50845
44148,39,1,1,,50846
44149,39,1,1,,50847
44150,39,1,1,,50848
44151,39,1,2,,50849
44152,39,1,1,,50850
44153,39,1,1,,50851
44154,23,7,1,,50851
44155,39,1,1,,50852
44156,39,1,1,,50853
44157,23,7,1,,50854
44158,39,1,3,,50855
44159,23,5,1,,50856
44160,39,1,1,,50857
44161,23,7,1,,50857
44162,39,1,2,,50858
44163,39,1,2,,50859
44164,39,1,1,,50860
44165,39,1,2,,50861
44166,23,7,1,,50862
44167,39,1,1,,50863
44168,39,1,1,,50864
44169,39,1,1,,50865
44170,23,5,1,,50866
44171,39,1,1,,50867
44172,23,7,1,,50867
44173,39,1,1,,50868
44174,23,7,2,,50869
44175,39,3,1,,50870
44176,39,1,1,,50871
44177,39,1,1,,50872
44178,39,1,1,,50873
44179,39,1,1,,50874
44180,39,1,2,,50875
44181,39,1,1,,50876
44182,39,1,2,,50877
44183,39,1,1,,50878
44184,41,,1,,50879
44185,23,7,2,,50880
44186,23,7,1,,50881
44187,11,,1,,50882
44188,11,,1,,50883
44190,49,,1,,23179
44192,39,6,2,,50884
44193,23,7,1,,50884
44194,39,6,2,,50885
44195,23,7,1,,50885
44196,11,,1,,50886
44197,11,,1,,50887
44198,11,,1,,50888
44200,39,6,1,,50889
44201,39,6,1,,50890
44202,39,6,1,,50891
44203,36,,1,,50892
44204,36,,1,,50893
44205,11,,1,,50894
44206,36,,1,,50895
44207,36,,1,,50896
44208,36,,1,,50897
44209,36,,1,,50898
44210,36,,1,,50899
44211,11,,1,,50900
44212,11,,1,,50901
44213,36,,1,,50902
44214,36,,1,,50903
44215,36,,1,,50904
44216,36,,1,,50905
44217,36,,1,,50906
44218,36,,1,,50907
44219,36,,1,,50908
44220,36,,1,,50909
44221,36,,1,,50910
44222,36,,4,,50911
44223,36,,4,,50912
44224,36,,4,,50913
44225,36,,4,,50914
44226,36,,4,,50915
44227,36,,3,,50916
44228,36,,2,,50917
44229,36,,2,,50918
44230,36,,2,,50919
44231,36,,1,,50920
44232,36,,1,,50921
44233,11,,1,,50922
44234,36,,1,,50923
44235,36,,1,,50924
44236,36,,1,,50925
44237,36,,1,,50926
44238,36,,1,,50927
44239,36,,1,,50928
44240,11,,1,,50929
44241,11,,1,,50930
44242,11,,1,,50931
44243,36,,1,,50932
44244,36,,1,,50933
44245,36,,1,,50934
44246,36,,1,,50935
44247,36,,1,,50936
44248,11,,1,,50937
44249,36,,1,,50938
44250,36,,1,,50939
44251,36,,1,,50940
44252,36,,1,,50941
44253,36,,1,,50942
44254,36,,1,,50943
44255,36,,1,,50944
44256,36,,1,,50945
44257,36,,1,,50946
44258,36,,1,,50947
44259,36,,1,,50948
44260,36,,1,,50949
44261,36,,1,,50950
44262,36,,1,,50951
44263,36,,1,,50952
44264,36,,1,,50953
44265,36,,1,,50954
44266,50,,1,,50955
44267,50,,1,,50956
44268,50,,1,,50957
44269,50,,1,,50958
44270,50,,1,,50959
44271,50,,1,,50960
44272,36,,1,,50961
44273,36,,1,,50962
44274,36,,1,,50963
44275,36,,1,,50964
44276,36,,1,,50965
44277,36,,1,,50966
44278,36,,1,,50967
44279,36,,1,,50968
44280,36,,1,,50969
44281,36,,1,,50970
44282,36,,1,,50971
44283,36,,1,,50972
44284,36,,1,,50973
44285,36,,1,,50974
44286,36,,1,,50975
44287,36,,1,,50976
44288,36,,1,,50977
44289,36,,1,,50978
44290,36,,1,,50979
44291,36,,1,,50980
44292,36,,1,,50981
44293,36,,1,,50982
44294,36,,1,,50983
44295,36,,1,,50984
44296,36,,2,,50985
44297,36,,3,,50986
44298,36,,3,,50987
44299,36,,1,,50988
44300,36,,1,,50989
44301,36,,1,,50990
44302,36,,1,,50991
44303,36,,1,,50992
44304,36,,1,,50993
44305,36,,1,,50994
44306,36,,1,,50995
44307,36,,1,,50996
44308,36,,1,,50997
44309,36,,1,,50998
44310,36,,1,,50999
44311,36,,1,,51000
44312,36,,1,,51001
44313,36,,1,,51002
44314,36,,1,,51003
44315,36,,1,,51004
44316,36,,1,,51005
44317,36,,1,,51006
44318,11,,1,,51007
44319,11,,1,,51008
44320,11,,1,,51009
44321,11,,1,,51010
44322,11,,1,,51011
44323,36,,1,,51012
44324,36,,1,,51013
44325,36,,1,,51014
44326,36,,1,,51015
44327,36,,1,,51016
44328,36,,1,,51017
44329,36,,1,,51018
44330,36,,1,,51019
44331,36,,1,,51020
44332,36,,1,,51021
44333,36,,1,,51022
44334,36,,1,,51023
44335,36,,1,,51024
44336,36,,1,,51025
44337,36,,1,,51026
44338,11,,1,,51027
44339,11,,1,,51028
44340,11,,1,,51029
44341,36,,1,,51030
44342,36,,1,,51031
44343,36,,1,,51032
44344,36,,2,,51033
44345,36,,2,,51034
44346,36,,2,,51035
44347,36,,1,,51036
44348,36,,1,,51037
44349,36,,1,,51038
44350,36,,1,,51039
44351,36,,1,,51040
44352,36,,1,,51041
44353,36,,1,,51042
44354,36,,1,,51043
44355,36,,1,,51044
44356,11,,1,,51045
44357,11,,1,,51046
44358,11,,1,,51047
44359,11,,1,,51048
44360,11,,1,,51049
44361,36,,1,,51050
44362,36,,1,,51051
44363,36,,1,,51052
44364,36,,1,,51053
44365,36,,1,,51054
44366,36,,1,,51055
44367,36,,1,,51056
44368,36,,1,,51057
44369,36,,1,,51058
44370,36,,1,,51059
44371,11,,1,,51060
44372,11,,1,,51061
44373,11,,1,,51062
44374,11,,1,,51063
44375,11,,1,,51064
44376,11,,1,,51065
44377,36,,1,,51066
44378,36,,1,,51067
44379,36,,1,,51068
44380,36,,1,,51069
44381,36,,1,,51070
44382,36,,1,,51071
44383,11,,1,,51072
44384,11,,1,,51073
44385,11,,1,,51074
44386,36,,1,,51075
44387,36,,1,,51076
44388,36,,1,,51077
44389,36,,1,,51078
44390,36,,1,,51079
44391,36,,1,,51080
44392,36,,1,,51081
44393,36,,1,,51082
44394,36,,1,,51083
44395,11,,1,,51084
44396,11,,1,,51085
44397,11,,1,,51086
44398,36,,1,,51087
44399,36,,1,,51088
44400,36,,1,,51089
44401,36,,1,,51090
44402,36,,1,,51091
44403,36,,1,,51092
44404,36,,2,,51093
44405,36,,2,,51094
44406,36,,2,,51095
44407,36,,2,,51096
44408,36,,2,,51097
44409,36,,2,,51098
44410,36,,2,,51099
44411,36,,2,,51100
44412,36,,1,,51101
44413,11,,1,,51102
44414,11,,1,,51103
44415,11,,1,,51104
44416,36,,3,,51105
44417,36,,3,,51106
44418,36,,3,,51107
44419,36,,1,,51108
44420,36,,1,,51109
44421,36,,1,,51110
44422,36,,1,,51111
44423,36,,1,,51112
44424,36,,1,,51113
44425,36,,1,,51114
44426,36,,1,,51115
44427,36,,1,,51116
44428,36,,1,,51117
44429,36,,1,,51118
44430,36,,1,,51119
44431,36,,1,,51120
44432,36,,1,,51121
44433,36,,1,,51122
44434,36,,1,,51123
44435,36,,1,,51124
44436,36,,1,,51125
44437,36,,1,,51126
44438,36,,1,,51127
44439,36,,1,,51128
44440,36,,1,,51129
44441,36,,1,,51130
44442,36,,1,,51131
44443,36,,1,,51132
44444,36,,1,,51133
44445,36,,1,,51134
44446,36,,1,,51135
44447,36,,1,,51136
44448,36,,1,,51137
44449,36,,1,,51138
44450,36,,1,,51139
44451,36,,1,,51140
44452,11,,1,,51141
44453,11,,1,,51142
44454,11,,1,,51143
44455,36,,1,,51144
44456,36,,1,,51145
44457,36,,1,,51146
44458,36,,1,,51147
44459,36,,1,,51148
44460,36,,1,,51149
44461,36,,1,,51150
44462,36,,1,,51151
44463,36,,1,,51152
44464,36,,1,,51153
44465,36,,1,,51154
44466,36,,1,,51155
44467,36,,1,,51156
44468,36,,1,,51157
44469,36,,1,,51158
44470,36,,1,,51159
44471,36,,1,,51160
44472,36,,1,,51161
44473,36,,1,,51162
44474,36,,1,,51163
44475,36,,1,,51164
44476,36,,1,,51165
44477,36,,1,,51166
44478,36,,1,,51167
44479,36,,1,,51168
44480,36,,1,,51169
44481,36,,1,,51170
44482,36,,1,,51171
44483,36,,1,,51172
44484,36,,1,,51173
44485,36,,1,,51174
44486,36,,1,,51175
44487,36,,1,,51176
44488,36,,1,,51177
44489,36,,1,,51178
44490,36,,1,,51179
44491,36,,1,,51180
44492,36,,1,,51181
44493,36,,1,,51182
44494,36,,1,,51183
44495,36,,1,,51184
44496,36,,1,,51185
44497,36,,1,,51186
44498,36,,1,,51187
44499,36,,1,,51188
44500,36,,1,,51189
44501,36,,1,,51190
44502,36,,1,,51191
44503,36,,1,,51192
44504,36,,1,,51193
44505,36,,1,,51194
44506,36,,1,,51195
44507,36,,1,,51196
44508,36,,1,,51197
44509,36,,1,,51198
44510,36,,1,,51199
44511,36,,1,,51200
44512,36,,1,,51201
44513,36,,1,,51202
44514,36,,1,,51203
44515,36,,1,,51204
44516,36,,1,,51205
44517,36,,1,,51206
44518,36,,1,,51207
44519,36,,1,,51208
44520,36,,1,,51209
44521,36,,1,,51210
44522,36,,1,,51211
44523,36,,1,,51212
44524,36,,1,,51213
44525,36,,1,,51214
44526,36,,1,,51215
44527,36,,1,,51216
44528,36,,1,,51217
44529,36,,1,,51218
44530,36,,1,,51219
44531,36,,1,,51220
44532,36,,1,,51221
44533,36,,1,,51222
44534,36,,1,,51223
44535,36,,1,,51224
44536,36,,1,,51225
44537,36,,1,,51226
44538,36,,1,,51227
44539,36,,1,,51228
44540,36,,1,,51229
44541,36,,1,,51230
44542,36,,1,,51231
44543,36,,1,,51232
44544,36,,1,,51233
44545,36,,1,,51234
44546,36,,1,,51235
44547,36,,1,,51236
44548,36,,1,,51237
44549,36,,1,,51238
44550,36,,1,,51239
44551,36,,1,,51240
44552,36,,1,,51241
44553,36,,1,,51242
44554,36,,1,,51243
44555,36,,1,,51244
44556,36,,1,,51245
44557,36,,1,,51246
44558,36,,1,,51247
44559,36,,1,,51248
44560,36,,1,,51249
44561,11,,1,,51250
44562,11,,1,,51251
44563,11,,1,,51252
44564,11,,1,,51253
44565,11,,1,,51254
44566,11,,1,,51255
44567,11,,1,,51256
44568,11,,1,,51257
44569,11,,1,,51258
44570,11,,1,,51259
44571,36,,2,,51260
44572,36,,2,,51261
44573,36,,2,,51262
44574,36,,2,,51263
44575,36,,2,,51264
44576,36,,2,,51265
44577,36,,2,,51266
44578,36,,2,,51267
44579,36,,2,,51268
44580,36,,1,,51269
44581,36,,1,,51270
44582,36,,1,,51271
44583,36,,1,,51272
44584,11,,1,,51273
44585,11,,1,,51274
44586,11,,1,,51275
44587,11,,1,,51276
44588,11,,1,,51277
44589,11,,1,,51278
44590,36,,1,,51279
44591,36,,1,,51280
44592,36,,1,,51281
44593,36,,1,,51282
44594,11,,1,,51283
44595,11,,1,,51284
44596,36,,1,,51285
44597,36,,1,,51286
44598,36,,1,,51287
44599,36,,1,,51288
44600,11,,1,,51289
44601,11,,1,,51290
44602,11,,1,,51291
44603,11,,1,,51292
44604,11,,1,,51293
44605,11,,1,,51294
44606,36,,1,,51295
44607,36,,1,,51296
44608,36,,1,,51297
44609,36,,1,,51298
44610,36,,1,,51299
44611,36,,1,,51300
44612,11,,1,,51301
44613,11,,1,,51302
44614,11,,1,,51303
44615,36,,1,,51304
44616,36,,1,,51305
44617,36,,1,,51306
44618,36,,1,,51307
44619,36,,1,,51308
44620,36,,1,,51309
44621,36,,1,,51310
44622,36,,1,,51311
44623,36,,1,,51312
44624,36,,1,,51313
44625,36,,1,,51314
44626,36,,1,,51315
44627,36,,1,,51316
44628,36,,1,,51317
44629,36,,1,,51318
44630,36,,1,,51319
44631,36,,1,,51320
44632,36,,1,,51321
44633,11,,1,,51322
44634,11,,1,,51323
44635,11,,1,,51324
44636,36,,1,,51325
44637,36,,1,,51326
44638,36,,1,,51327
44639,36,,1,,51328
44640,36,,1,,51329
44641,36,,1,,51330
44642,11,,1,,51331
44643,11,,1,,51332
44644,11,,1,,51333
44645,36,,1,,51334
44646,36,,1,,51335
44647,36,,1,,51336
44648,36,,1,,51337
44649,36,,1,,51338
44650,36,,1,,51339
44651,11,,1,,51340
44652,11,,1,,51341
44653,11,,1,,51342
44654,11,,1,,51343
44655,11,,1,,51344
44656,11,,1,,51345
44657,11,,1,,51346
44658,36,,1,,51347
44659,36,,1,,51348
44660,36,,1,,51349
44661,36,,1,,51350
44662,36,,1,,51351
44663,36,,1,,51352
44664,36,,1,,51353
44665,36,,1,,51354
44666,36,,1,,51355
44667,36,,1,,51356
44668,36,,1,,51357
44669,36,,1,,51358
44670,36,,1,,51359
44671,36,,1,,51360
44672,36,,1,,51361
44673,36,,1,,51362
44674,36,,1,,51363
44675,36,,1,,51364
44676,36,,1,,51365
44677,36,,1,,51366
44678,36,,1,,51367
44679,36,,2,,51368
44680,36,,2,,51369
44681,36,,1,,51370
44682,36,,1,,51371
44683,36,,1,,51372
44684,36,,1,,51373
44685,36,,1,,51374
44686,36,,1,,51375
44687,36,,1,,51376
44688,36,,1,,51377
44689,36,,1,,51378
44690,36,,1,,51379
44691,36,,1,,51380
44692,36,,1,,51381
44693,36,,1,,51382
44694,36,,1,,51383
44695,36,,1,,51384
44696,11,,1,,51385
44697,11,,1,,51386
44698,11,,1,,51387
44699,36,,1,,51388
44700,36,,1,,51389
44701,36,,1,,51390
44702,36,,1,,51391
44703,36,,1,,51392
44704,36,,1,,51393
44705,36,,2,,51394
44706,36,,2,,51395
44707,36,,2,,51396
44708,36,,2,,51397
44709,36,,2,,51398
44710,36,,2,,51399
44711,36,,3,,51400
44712,36,,3,,51401
44713,36,,3,,51402
44714,36,,3,,51403
44715,36,,3,,51404
44716,36,,3,,51405
44717,36,,1,,51406
44718,36,,1,,51407
44719,36,,1,,51408
44720,36,,1,,51409
44721,36,,1,,51410
44722,36,,1,,51411
44723,36,,1,,51412
44724,36,,1,,51413
44725,36,,1,,51414
44726,36,,1,,51415
44727,36,,1,,51416
44728,36,,1,,51417
44729,36,,1,,51418
44730,36,,1,,51419
44731,36,,1,,51420
44732,36,,1,,51421
44733,36,,1,,51422
44734,36,,1,,51423
44735,36,,1,,51424
44736,36,,3,,51425
44737,36,,3,,51426
44738,36,,1,,51427
44739,36,,1,,51428
44740,36,,1,,51429
44741,36,,1,,51430
44742,36,,1,,51431
44743,36,,1,,51432
44744,36,,1,,51433
44745,36,,1,,51434
44746,36,,1,,51435
44747,11,,1,,51436
44748,11,,1,,51437
44749,11,,1,,51438
44750,22,,1,,51439
44751,39,44,1,,51440
44752,39,44,1,,51441
44753,11,,1,,51442
44754,11,,1,,51443
44755,39,44,1,,51444
44756,36,,1,,51445
44757,36,,1,,51446
44758,36,,1,,51447
44759,36,,1,,51448
44760,36,,1,,51449
44761,36,,1,,51450
44762,11,,1,,51451
44763,11,,1,,51452
44764,11,,1,,51453
44765,39,44,1,,51454
44766,39,44,1,,51455
44767,39,44,1,,51456
44768,39,44,1,,51457
44769,39,44,1,,51458
44770,39,44,1,,51459
44771,36,,1,,51460
44772,36,,1,,51461
44773,36,,1,,51462
44774,36,,1,,51463
44775,36,,1,,51464
44776,36,,1,,51465
44777,36,,1,,51466
44778,36,,1,,51467
44779,36,,1,,51468
44780,36,,1,,51469
44781,36,,1,,51470
44782,36,,1,,51471
44783,36,,1,,51472
44784,36,,1,,51473
44785,36,,1,,51474
44786,36,,1,,51475
44787,36,,1,,51476
44788,36,,1,,51477
44789,36,,1,,51478
44790,36,,1,,51479
44791,36,,1,,51480
44792,36,,1,,51481
44793,36,,1,,51482
44794,36,,1,,51483
44795,36,,1,,51484
44796,36,,1,,51485
44797,36,,1,,51486
44798,36,,1,,51487
44799,36,,1,,51488
44800,36,,1,,51489
44801,36,,1,,51490
44802,36,,1,,51491
44803,36,,1,,51492
44804,36,,1,,51493
44805,36,,1,,51494
44806,36,,1,,51495
44807,36,,1,,51496
44808,36,,1,,51497
44809,36,,1,,51498
44810,36,,1,,51499
44811,36,,1,,51500
44812,36,,1,,51501
44813,36,,1,,51502
44814,36,,1,,51503
44815,36,,1,,51504
44816,36,,1,,51505
44817,36,,1,,51506
44818,36,,1,,51507
44819,36,,1,,51508
44820,36,,1,,51509
44821,36,,1,,51510
44822,36,,1,,51511
44823,36,,1,,51512
44824,36,,1,,51513
44825,36,,1,,51514
44826,36,,1,,51515
44827,36,,1,,51516
44828,36,,1,,51517
44829,36,,1,,51518
44830,36,,1,,51519
44831,36,,1,,51520
44832,36,,1,,51521
44833,36,,1,,51522
44834,36,,1,,51523
44835,36,,1,,51524
44836,36,,1,,51525
44837,36,,1,,51526
44838,36,,1,,51527
44839,36,,1,,51528
44840,36,,1,,51529
44841,36,,1,,51530
44842,36,,1,,51531
44843,36,,1,,51532
44844,11,,1,,51533
44845,11,,1,,51534
44846,36,,1,,51535
44847,36,,1,,51536
44848,36,,1,,51537
44849,36,,1,,51538
44850,36,,1,,51539
44851,36,,1,,51540
44852,36,,1,,51541
44853,36,,1,,51542
44854,36,,1,,51543
44855,36,,1,,51544
44856,36,,1,,51545
44857,36,,1,,51546
44858,36,,1,,51547
44859,36,,1,,51548
44860,36,,1,,51549
44861,36,,1,,51550
44862,36,,1,,51551
44863,36,,1,,51552
44864,36,,1,,51553
44865,36,,1,,51554
44866,36,,1,,51555
44867,36,,1,,51556
44868,36,,2,,51557
44869,36,,1,,51558
44870,36,,1,,51559
44871,36,,1,,51560
44872,36,,1,,51561
44873,11,,1,,51562
44874,11,,1,,51563
44875,11,,1,,51564
44876,36,,2,,51565
44877,36,,2,,51566
44878,36,,2,,51567
44879,36,,2,,51568
44880,36,,2,,51569
44881,36,,2,,51570
44882,36,,2,,51571
44883,36,,2,,51572
44884,36,,2,,51573
44885,36,,2,,51574
44886,36,,1,,51575
44887,36,,1,,51576
44888,36,,1,,51577
44889,36,,1,,51578
44890,36,,1,,51579
44891,36,,1,,51580
44892,36,,1,,51581
44893,36,,2,,51582
44894,36,,2,,51583
44895,36,,2,,51584
44896,36,,2,,51585
44897,36,,2,,51586
44898,36,,2,,51587
44899,36,,2,,51588
44900,36,,3,,51589
44901,36,,3,,51590
44902,36,,3,,51591
44903,36,,3,,51592
44904,36,,3,,51593
44905,36,,3,,51594
44906,36,,3,,51595
44907,36,,3,,51596
44908,36,,3,,51597
44909,36,,1,,51598
44910,36,,1,,51599
44911,36,,2,,51600
44912,36,,3,,51601
44913,36,,3,,51602
44914,36,,3,,51603
44915,36,,2,,51604
44916,36,,3,,51605
44917,36,,3,,51606
44918,36,,3,,51607
44919,36,,3,,51608
44920,36,,3,,51609
44921,36,,2,,51610
44922,36,,2,,51611
44923,36,,2,,51612
44924,36,,1,,51613
44925,36,,1,,51614
44926,36,,2,,51615
44927,36,,1,,51616
44928,36,,1,,51617
44929,36,,1,,51618
44930,36,,1,,51619
44931,36,,1,,51620
44932,36,,1,,51621
44933,11,,1,,51622
44934,11,,1,,51623
44935,11,,1,,51624
44936,11,,1,,51625
44937,11,,1,,51626
44938,11,,1,,51627
44939,36,,1,,51628
44940,36,,1,,51629
44941,36,,1,,51630
44942,36,,2,,51631
44943,36,,2,,51632
44944,36,,2,,51633
44945,36,,1,,51634
44946,36,,1,,51635
44947,36,,1,,51636
44948,36,,1,,51637
44949,36,,1,,51638
44950,36,,1,,51639
44951,36,,1,,51640
44952,36,,1,,51641
44953,36,,1,,51642
44954,11,,1,,51643
44955,11,,1,,51644
44956,11,,1,,51645
44957,36,,1,,51646
44958,36,,1,,51647
44959,36,,1,,51648
44960,36,,1,,51649
44961,36,,1,,51650
44962,36,,1,,51651
44963,36,,1,,51652
44964,36,,1,,51653
44965,36,,1,,51654
44966,36,,1,,51655
44967,36,,1,,51656
44968,36,,1,,51657
44969,36,,1,,51658
44970,36,,1,,51659
44971,36,,1,,51660
44972,36,,1,,51661
44973,36,,1,,51662
44974,36,,1,,51663
44975,36,,1,,51664
44976,36,,1,,51665
44977,36,,1,,51666
44978,36,,1,,51667
44979,36,,1,,51668
44980,36,,1,,51669
44981,36,,1,,51670
44982,36,,1,,51671
44983,36,,1,,51672
44984,36,,1,,51673
44985,36,,1,,51674
44986,36,,1,,51675
44987,36,,1,,51676
44988,36,,1,,51677
44989,36,,1,,51678
44990,36,,1,,51679
44991,36,,1,,51680
44992,36,,1,,51681
44993,36,,1,,51682
44994,36,,1,,51683
44995,36,,2,,51684
44996,36,,2,,51685
44997,36,,1,,51688
44998,36,,1,,51689
44999,36,,1,,51690
45000,36,,1,,51691
45001,36,,1,,51692
45002,36,,1,,51693
45003,36,,1,,51694
45004,36,,1,,51695
45005,36,,1,,51696
45006,36,,1,,51697
45007,36,,2,,51698
45008,36,,2,,51699
45009,23,,2,,51700
45010,36,,2,,51701
45011,36,,2,,51702
45012,36,,2,,51703
45013,36,,1,,51704
45014,36,,1,,51705
45015,36,,1,,51706
45016,36,,1,,51707
45017,36,,1,,51708
45018,36,,1,,51709
45019,36,,1,,51710
45020,36,,1,,51711
45021,36,,1,,51712
45022,36,,1,,51713
45023,36,,1,,51714
45024,36,,1,,51715
45025,36,,1,,51716
45026,36,,1,,51717
45027,36,,1,,51718
45028,36,,1,,51719
45029,36,,1,,51720
45030,36,,1,,51721
45031,36,,1,,51722
45032,36,,1,,51723
45033,36,,1,,51724
45034,36,,1,,51725
45035,36,,1,,51726
45036,36,,1,,51727
45037,36,,1,,51728
45038,36,,1,,51729
45039,36,,1,,51730
45040,36,,1,,51731
45041,36,,1,,51732
45042,36,,1,,51733
45043,36,,1,,51734
45044,36,,1,,51735
45045,11,,1,,51736
45046,11,,1,,51737
45047,11,,1,,51738
45048,36,,1,,51739
45049,36,,1,,51740
45050,36,,1,,51741
45051,36,,2,,51742
45052,36,,2,,51743
45053,36,,3,,51744
45054,36,,6,,51745
45055,36,,8,,51746
45056,36,,8,,51747
45057,36,,6,,51748
45058,36,,6,,51749
45059,36,,6,,51750
45060,36,,4,,51751
45061,36,,4,,51752
45062,36,,4,,51753
45063,11,,1,,51754
45064,11,,1,,51755
45065,11,,1,,51756
45066,36,,1,,51757
45067,36,,1,,51758
45068,36,,1,,51759
45069,11,,1,,51760
45070,11,,1,,51761
45071,11,,1,,51762
45072,36,,1,,51763
45073,36,,1,,51764
45074,36,,1,,51765
45075,36,,1,,51766
45076,36,,1,,51767
45077,36,,1,,51768
45078,36,,1,,51769
45079,11,,1,,51770
45080,11,,1,,51771
45081,36,,1,,51772
45082,36,,1,,51773
45083,36,,1,,51774
45084,36,,1,,51775
45085,36,,1,,51776
45086,36,,1,,51777
45087,36,,1,,51778
45088,36,,1,,51779
45089,36,,1,,51780
45090,36,,1,,51781
45091,36,,1,,51782
45092,36,,1,,51783
45093,36,,1,,51784
45094,36,,1,,51785
45095,36,,1,,51786
45096,36,,1,,51787
45097,36,,1,,51788
45098,36,,1,,51789
45099,36,,2,,51790
45100,36,,2,,51791
45101,36,,2,,51792
45102,36,,1,,51793
45103,36,,3,,51794
45104,36,,3,,51795
45105,36,,3,,51796
45106,36,,1,,51797
45107,36,,1,,51798
45108,36,,1,,51799
45109,11,,1,,51800
45110,36,,2,,51801
45111,36,,2,,51802
45112,36,,2,,51803
45113,36,,1,,51804
45114,36,,1,,51805
45115,36,,1,,51806
45116,36,,2,,51807
45117,36,,2,,51808
45118,36,,2,,51809
45119,36,,2,,51810
45120,36,,2,,51811
45121,36,,2,,51812
45122,36,,1,,51813
45123,36,,1,,51814
45124,36,,1,,51815
45125,36,,1,,51816
45126,36,,1,,51817
45127,36,,1,,51818
45128,36,,1,,51819
45129,36,,1,,51820
45130,36,,1,,51821
45131,36,,1,,51822
45132,36,,1,,51823
45133,36,,1,,51824
45134,36,,1,,51825
45135,36,,1,,51826
45136,36,,1,,51827
45137,36,,1,,51828
45138,36,,1,,51829
45139,36,,2,,51830
45140,36,,1,,51831
45141,36,,1,,51832
45142,36,,1,,51833
45143,36,,1,,51834
45144,36,,1,,51835
45145,36,,1,,51836
45146,36,,1,,51837
45147,36,,1,,51838
45148,36,,1,,51839
45149,36,,1,,51840
45150,36,,1,,51841
45151,36,,1,,51842
45152,36,,1,,51843
45153,36,,1,,51844
45154,36,,1,,51845
45155,36,,1,,51846
45156,36,,1,,51847
45157,36,,1,,51848
45158,36,,1,,51849
45159,36,,1,,51850
45160,36,,1,,51851
45161,36,,1,,51852
45162,36,,2,,51853
45163,36,,2,,51854
45164,36,,1,,51855
45165,36,,1,,51856
45166,36,,1,,51857
45167,36,,1,,51858
45168,36,,1,,51859
45169,36,,1,,51860
45170,36,,1,,51861
45171,36,,1,,51686
45172,36,,1,,51687
45173,39,6,3,,51862
45174,39,6,3,,51863
45175,39,6,3,,51864
45176,11,,1,,51865
45177,39,6,2,,51866
45178,11,,1,,51867
45179,39,6,1,,51868
45180,39,6,1,,51869
45181,39,6,1,,51870
45182,39,6,1,,51871
45183,39,6,5,,51872
45184,39,6,5,,51873
45185,39,6,5,,51874
45186,39,6,5,,51875
45187,39,6,5,,51876
45188,39,6,5,,51877
45189,39,6,5,,51878
45190,39,6,6,,51879
45191,39,6,3,,51880
45192,39,3,1,,51881
45193,39,1,1,,51882
45194,39,3,1,,51883
45195,36,,2,,51884
45196,36,,1,,51885
45197,36,,1,,51886
45198,39,1,1,,51887
45199,39,1,1,,51888
45200,39,1,1,,51889
45201,36,,2,,51890
45202,39,1,1,,51891
45203,36,,2,,51892
45204,36,,2,,51893
45205,36,,2,,51894
45206,36,,2,,51895
45207,36,,1,,51896
45208,36,,2,,51897
45209,36,,1,,51898
45210,11,,1,,51899
45211,36,,1,,51900
45212,39,3,1,,51901
45213,36,,1,,51902
45214,39,1,1,,51903
45215,39,3,1,,51904
45216,39,3,1,,51905
45217,39,1,1,,51906
45218,39,8,2,,51907
45219,23,7,1,,51907
45220,39,8,1,,51908
45221,39,1,1,,51909
45222,39,1,1,,51910
45223,39,3,1,,51911
45224,39,1,1,,51912
45225,39,3,1,,51913
45226,23,5,1,,51913
45227,39,3,1,,51914
45228,39,3,1,,51915
45229,39,1,1,,51916
45230,39,1,1,,51917
45231,39,6,2,,51918
45232,39,6,1,,51919
45233,39,6,1,,51920
45234,39,3,1,,51921
45235,39,1,1,,51922
45236,39,1,2,,51923
45237,39,1,1,,51924
45238,39,1,1,,51925
45239,39,3,1,,51926
45240,39,3,1,,51927
45241,39,1,1,,51928
45242,36,,1,,51929
45243,36,,1,,51930
45244,39,1,1,,51931
45245,23,7,1,,51931
45246,39,1,1,,51932
45247,39,1,2,,51933
45248,39,1,2,,51934
45249,39,3,1,,51935
45250,39,1,1,,51936
45251,39,1,1,,51937
45252,39,1,1,,51938
45253,39,1,1,,51939
45254,39,1,2,,51940
45255,39,3,1,,51941
45256,39,3,1,,51942
45257,39,1,1,,51943
45258,39,1,1,,51944
45259,23,,1,,51944
45260,39,1,1,,51945
45261,39,1,2,,51946
45262,23,7,1,,51946
45263,39,1,2,,51947
45264,36,,1,,51948
45265,39,1,1,,51949
45266,23,,1,,51949
45267,39,3,1,,51950
45268,23,5,1,,51951
45269,23,5,1,,51952
45270,39,3,1,,51953
45271,39,1,1,,51954
45272,39,1,1,,51955
45273,39,1,1,,51956
45274,39,1,2,,51957
45275,39,1,2,,51958
45276,39,1,1,,51959
45277,39,3,2,,51960
45278,39,3,1,,51961
45279,39,1,1,,51962
45280,39,3,2,,51963
45281,39,3,1,,51964
45282,39,3,1,,51965
45283,39,8,1,,51966
45284,23,7,1,,51966
45285,39,1,1,,51967
45286,11,,1,,51968
45287,39,1,1,,51969
45288,39,1,1,,51970
45289,39,1,1,,51971
45290,39,1,1,,51972
45291,39,1,1,,51973
45292,39,3,2,,51974
45293,39,3,1,,51975
45294,39,4,2,,51976
45295,66,,1,,51976
45296,39,1,1,,51977
45297,39,1,1,,51978
45298,39,3,1,,51979
45299,23,5,1,,51980
45300,39,1,1,,51981
45301,39,3,1,,51982
45302,39,1,1,,51983
45303,39,1,1,,51984
45304,23,7,2,,51985
45305,39,1,2,,51986
45306,39,3,1,,51987
45307,39,1,1,,51988
45308,39,1,1,,51989
45309,39,3,1,,51990
45310,36,,1,,51991
45311,39,1,2,,51992
45312,39,3,1,,51993
45313,39,1,2,,51994
45315,23,7,2,,51994
45316,39,1,1,,51995
45317,39,1,2,,51996
45318,23,7,1,,51996
45319,39,3,1,,51997
45320,39,1,1,,51998
45321,39,1,1,,51999
45322,39,1,1,,52000
45323,39,1,2,,52001
45324,39,1,1,,52002
45325,39,3,1,,52003
45326,39,1,1,,52004
45327,39,3,1,,52005
45328,39,3,1,,52006
45329,39,3,1,,52007
45330,39,1,1,,52008
45331,39,3,1,,52009
45332,39,3,1,,52010
45333,39,3,1,,52011
45334,39,3,1,,52012
45335,39,1,1,,52013
45336,39,3,1,,52014
45337,39,3,1,,52015
45338,39,3,1,,52016
45339,39,1,1,,52017
45340,23,7,1,,52017
45341,23,5,1,,52018
45342,39,1,2,,52019
45343,39,3,2,,52020
45344,39,3,2,,52021
45345,39,1,1,,52022
45346,39,3,1,,52023
45347,39,3,1,,52024
45348,39,1,1,,52025
45349,39,3,1,,52026
45350,39,3,1,,52027
45351,39,1,2,,52028
45352,39,1,1,,52029
45353,23,5,1,,52029
45354,39,1,1,,52030
45355,39,1,1,,52031
45356,39,1,1,,52032
45357,39,1,2,,52033
45358,39,1,2,,52034
45359,39,3,1,,52035
45360,39,3,1,,52036
45361,39,1,1,,52037
45362,39,1,1,,52038
45363,39,1,2,,52039
45364,39,1,1,,52040
45365,39,1,2,,52041
45366,23,7,1,,52041
45367,39,3,1,,52042
45368,39,3,1,,52043
45369,39,3,1,,52044
45370,39,1,2,,52045
45371,23,7,1,,52045
45372,39,1,1,,52046
45373,39,3,1,,52047
45374,39,3,1,,52048
45375,39,1,2,,52049
45376,39,1,1,,52050
45377,23,5,1,,52050
45378,39,4,1,,52051
45379,66,,1,,52051
45380,39,4,1,,52052
45381,66,,1,,52052
45382,39,1,2,,52053
45383,39,1,1,,52054
45384,39,3,1,,52055
45385,39,1,2,,52056
45386,23,5,1,,52057
45387,39,1,3,,52058
45388,39,1,1,,52059
45389,39,1,2,,52060
45390,39,6,1,,52263
45391,39,6,2,,52264
45392,39,6,3,,52265
45393,39,6,3,,52266
45394,39,6,2,,52267
45395,39,6,3,,52268
45396,39,6,1,,52269
45397,39,6,1,,52270
45398,39,6,1,,52271
45399,39,6,1,,52272
45400,39,6,1,,52273
45401,39,6,1,,52274
45402,39,6,1,,52275
45403,39,6,3,,52276
45404,39,6,1,,52277
45405,39,6,3,,52278
45406,39,6,1,,52279
45407,39,6,3,,52280
45408,39,6,2,,52281
45409,39,6,3,,52282
45410,39,6,2,,52283
45411,39,6,1,,52284
45412,39,6,1,,52285
45413,39,6,4,,52286
45414,39,6,4,,52287
45415,39,6,2,,52288
45416,39,6,2,,52289
45417,39,6,2,,52290
45418,39,6,1,,52291
45419,39,1,1,Whomever came hereremoved the batteries and placed in off position at this time. Not one our researchers at Front Range,52292
45421,55,,1,,15935
45422,55,,1,,15936
45423,55,,1,,15937
45424,55,,1,,15938
45425,55,,1,,15939
45426,55,,1,,15940
45427,55,,1,,15941
45428,55,,1,,15942
45429,55,,1,,15943
45430,11,,1,,33541
45431,39,6,1,,33542
45432,36,,1,,33543
45433,36,,1,,33548
45434,36,,1,,33552
45435,39,6,1,,52061
45436,39,6,1,,52062
45437,36,,1,,52064
45438,36,,1,,52065
45439,36,,1,,52066
45440,36,,1,,52067
45441,36,,1,,52068
45442,36,,1,,52069
45443,36,,1,,52070
45444,11,,1,,52071
45445,11,,1,,52072
45446,11,,1,,52073
45447,11,,1,,52074
45448,11,,1,,52075
45449,11,,1,,52076
45450,11,,1,,52077
45451,11,,1,,52078
45452,11,,1,,52079
45453,11,,1,,52080
45454,11,,1,,52081
45455,11,,1,,52082
45456,11,,1,,52083
45457,11,,1,,52084
45458,11,,1,,52085
45459,11,,1,,52086
45460,39,6,2,,52087
45461,39,6,2,,52088
45462,39,6,2,,52089
45463,11,,1,,52090
45464,11,,1,,52091
45465,11,,1,,52092
45466,39,6,1,,52093
45467,39,6,1,,52094
45468,39,6,1,,52095
45469,39,6,1,,52096
45470,39,6,1,,52097
45471,39,6,1,,52098
45472,36,,1,,52099
45473,36,,1,,52100
45474,36,,1,,52101
45475,21,,1,,52102
45476,21,,1,,52103
45477,21,,1,,52104
45478,21,,1,,52105
45479,21,,1,,52106
45480,21,,1,,52107
45481,21,,1,,52108
45482,21,,1,,52109
45483,36,,1,,52110
45484,36,,1,,52111
45485,36,,1,,52112
45486,36,,1,,52113
45487,11,,1,,52114
45488,11,,1,,52115
45489,11,,1,,52116
45490,21,,1,,52117
45491,21,,1,,52118
45492,21,,1,,52119
45493,21,,1,,52120
45494,21,,1,,52121
45495,21,,1,,52122
45496,11,,1,,52123
45497,11,,1,,52124
45498,11,,1,,52125
45499,36,,1,,52126
45500,36,,1,,52127
45501,36,,1,,52128
45502,36,,1,,52129
45503,36,,1,,52130
45504,36,,1,,52131
45505,11,,1,,52132
45506,36,,1,,52133
45507,36,,1,,52134
45508,36,,1,,52135
45509,36,,1,,52136
45510,36,,1,,52137
45511,36,,1,,52138
45512,36,,1,,52139
45513,36,,1,,52140
45514,36,,1,,52141
45515,36,,1,,52142
45516,36,,1,,52143
45517,36,,2,,52144
45518,36,,2,,52145
45519,36,,2,,52146
45520,36,,2,,52147
45521,36,,2,,52148
45522,36,,2,,52149
45523,36,,3,,52150
45524,36,,3,,52151
45525,36,,3,,52152
45526,36,,2,,52153
45527,36,,2,,52154
45528,36,,2,,52155
45529,36,,2,,52156
45530,36,,2,,52157
45531,36,,2,,52158
45532,36,,1,,52159
45533,36,,1,,52160
45534,36,,1,,52161
45535,36,,1,,52162
45536,36,,1,,52163
45537,36,,1,,52164
45538,36,,1,,52165
45539,36,,1,,52166
45540,36,,1,,52167
45541,36,,1,,52168
45542,36,,1,,52169
45543,36,,1,,52170
45544,36,,1,,52171
45545,36,,1,,52172
45546,36,,1,,52173
45547,36,,1,,52174
45548,36,,1,,52175
45549,36,,1,,52176
45550,36,,1,,52177
45551,36,,1,,52178
45552,36,,1,,52179
45553,36,,1,,52180
45554,36,,1,,52181
45555,36,,1,,52182
45556,11,,1,,52183
45557,11,,1,,52184
45558,11,,1,,52185
45559,36,,1,,52186
45560,36,,1,,52187
45561,36,,1,,52188
45562,36,,1,,52189
45563,36,,1,,52190
45564,36,,1,,52191
45565,36,,1,,52192
45566,36,,1,,52193
45567,11,,1,,52194
45568,36,,1,,52195
45569,36,,1,,52196
45570,36,,1,,52197
45571,36,,1,,52198
45572,36,,1,,52199
45573,36,,1,,52200
45574,36,,1,,52201
45575,36,,1,,52202
45576,36,,1,,52203
45577,36,,1,,52204
45578,36,,1,,52205
45579,36,,1,,52206
45581,3,,1,,52209
45582,3,,1,,52210
45583,11,,1,,52211
45584,36,,1,,52212
45585,36,,2,,52213
45586,36,,2,,52214
45587,41,,1,,52215
45588,41,,1,,52216
45589,41,,1,,52217
45590,11,,1,,52218
45591,11,,1,,52219
45592,11,,1,,52220
45593,36,,1,,52221
45594,36,,1,,52222
45595,36,,1,,52223
45596,21,,1,,52224
45597,21,,1,,52225
45598,21,,1,,52226
45599,21,,1,,52227
45600,11,,1,,52228
45601,11,,1,,52229
45602,36,,1,,52230
45603,36,,1,,52231
45604,36,,1,,52232
45605,13,,1,,52233
45606,13,,1,,52234
45607,13,,1,,52235
45608,11,,1,,52236
45609,11,,1,,52237
45610,11,,1,,52238
45611,36,,1,,52239
45612,36,,1,,52240
45613,36,,1,,52241
45614,36,,1,,52242
45615,36,,1,,52243
45616,36,,1,,52244
45617,36,,1,,52245
45618,36,,1,,52246
45619,36,,1,,52247
45620,36,,1,,52248
45621,36,,1,,52249
45622,36,,1,,52250
45623,36,,1,,52251
45624,36,,1,,52252
45625,36,,4,,52253
45626,36,,1,,52254
45627,36,,1,,52255
45628,36,,1,,52256
45629,36,,1,,52257
45630,11,,1,,52258
45631,11,,1,,52259
45632,36,,1,,52260
45633,36,,1,,52261
45634,36,,1,,52262
45635,39,6,1,,52293
45636,39,6,1,,52294
45637,36,,1,,52296
45638,36,,1,,52297
45639,36,,1,,52298
45640,36,,1,,52299
45641,36,,1,,52300
45642,36,,1,,52301
45643,36,,1,,52302
45644,11,,1,,52303
45645,11,,1,,52304
45646,11,,1,,52305
45647,11,,1,,52306
45648,11,,1,,52307
45649,11,,1,,52308
45650,11,,1,,52309
45651,11,,1,,52310
45652,11,,1,,52311
45653,11,,1,,52312
45654,11,,1,,52313
45655,11,,1,,52314
45656,11,,1,,52315
45657,11,,1,,52316
45658,11,,1,,52317
45659,11,,1,,52318
45660,39,6,1,,52319
45661,39,6,2,,52320
45662,39,6,2,,52321
45663,11,,1,,52322
45664,11,,1,,52323
45665,11,,1,,52324
45666,39,3,1,,52325
45667,39,3,1,,52326
45668,39,3,1,,52327
45669,39,3,1,,52328
45670,39,3,1,,52329
45671,39,3,1,,52330
45672,36,,1,,52331
45673,36,,1,,52332
45674,11,,1,,52333
45675,21,,1,,52334
45676,21,,1,,52335
45677,21,,1,,52336
45678,21,,1,,52337
45679,21,,1,,52338
45680,21,,1,,52339
45681,36,,1,,52340
45682,36,,1,,52341
45683,36,,1,,52342
45684,36,,1,,52343
45685,36,,1,,52344
45686,36,,1,,52345
45687,36,,1,,52346
45688,36,,1,,52347
45689,36,,1,,52348
45690,21,,1,,52349
45691,21,,1,,52350
45692,21,,1,,52351
45693,21,,1,,52352
45694,21,,1,,52353
45695,21,,1,,52354
45696,11,,1,,52355
45697,11,,1,,52356
45698,11,,1,,52357
45699,36,,1,,52358
45700,36,,1,,52359
45701,36,,1,,52360
45702,36,,1,,52361
45703,36,,1,,52362
45704,36,,1,,52363
45705,11,,1,,52364
45706,36,,1,,52365
45707,36,,1,,52366
45708,36,,1,,52367
45709,36,,1,,52368
45710,36,,1,,52369
45711,36,,1,,52370
45712,36,,1,,52371
45713,36,,1,,52372
45714,36,,1,,52373
45715,36,,1,,52374
45716,36,,1,,52375
45717,36,,2,,52376
45718,36,,2,,52377
45719,36,,2,,52378
45720,36,,2,,52379
45721,36,,2,,52380
45722,36,,2,,52381
45723,36,,3,,52382
45724,36,,3,,52383
45725,36,,3,,52384
45726,36,,2,,52385
45727,36,,2,,52386
45728,36,,2,,52387
45729,36,,2,,52388
45730,36,,2,,52389
45731,36,,2,,52390
45732,36,,1,,52391
45733,36,,1,,52392
45734,36,,1,,52393
45735,36,,1,,52394
45736,36,,1,,52395
45737,36,,1,,52396
45738,36,,1,,52397
45739,36,,1,,52398
45740,36,,1,,52399
45741,36,,1,,52400
45742,36,,1,,52401
45743,36,,1,,52402
45744,36,,1,,52403
45745,36,,1,,52404
45746,36,,1,,52405
45747,36,,1,,52406
45748,36,,1,,52407
45749,36,,1,,52408
45750,36,,1,,52409
45751,36,,1,,52410
45752,36,,1,,52411
45753,36,,1,,52412
45754,36,,1,,52413
45755,36,,1,,52414
45756,11,,1,,52415
45757,11,,1,,52416
45758,11,,1,,52417
45759,36,,1,,52418
45760,36,,1,,52419
45761,36,,1,,52420
45762,36,,1,,52421
45763,36,,1,,52422
45764,11,,1,,52423
45765,36,,1,,52424
45766,11,,1,,52425
45767,11,,1,,52426
45768,36,,1,,52427
45769,36,,1,,52428
45770,36,,1,,52429
45771,36,,1,,52430
45772,36,,1,,52431
45773,36,,1,,52432
45774,36,,1,,52433
45775,36,,1,,52434
45776,36,,1,,52435
45777,36,,1,,52436
45778,36,,1,,52437
45779,36,,1,,52438
45781,3,,1,,52441
45782,3,,1,,52442
45783,11,,1,,52443
45784,36,,1,,52444
45785,36,,1,,52445
45786,36,,2,,52446
45787,41,,1,,52447
45788,41,,1,,52448
45789,41,,1,,52449
45790,11,,1,,52450
45791,11,,1,,52451
45792,11,,1,,52452
45793,36,,1,,52453
45794,36,,1,,52454
45795,36,,1,,52455
45796,21,,1,,52456
45797,21,,1,,52457
45798,21,,1,,52458
45799,21,,1,,52459
45800,11,,1,,52460
45801,11,,1,,52461
45802,11,,1,,52462
45803,36,,1,,52463
45804,36,,1,,52464
45805,13,,1,,52465
45806,13,,1,,52466
45807,13,,1,,52467
45808,11,,1,,52468
45809,11,,1,,52469
45810,11,,1,,52470
45811,36,,1,,52471
45812,36,,1,,52472
45813,36,,1,,52473
45814,11,,1,,52474
45815,11,,1,,52475
45816,11,,1,,52476
45817,36,,1,,52477
45818,36,,1,,52478
45819,36,,1,,52479
45820,36,,1,,52480
45821,36,,1,,52481
45822,36,,1,,52482
45823,36,,1,,52483
45824,36,,1,,52484
45825,36,,1,,52485
45826,36,,1,,52486
45827,36,,1,,52487
45828,36,,1,,52488
45829,36,,1,,52489
45830,36,,1,,52490
45831,36,,1,,52491
45832,36,,1,,52492
45833,36,,1,,52493
45834,36,,1,,52494
45835,11,,1,,45722
45836,11,,1,,46152
45837,11,,1,,46162
45838,11,,1,,46198
45839,11,,1,,46206
45840,11,,1,,46401
45841,11,,1,,46543
45842,11,,1,,46635
45843,11,,1,,46637
45844,11,,1,,46692
45845,11,,1,,46784
45846,11,,1,,46786
45847,11,,1,,46787
45848,11,,1,,46789
45849,11,,1,,47182
45850,11,,1,,47204
45851,66,,1,,47721
45852,39,4,1,,47721
45853,39,4,1,,47722
45854,66,,1,,47722
45855,66,,1,,47723
45856,39,4,1,,47723
45857,11,,1,,47724
45858,11,,1,,47725
45859,11,,1,,47726
45860,39,1,1,,47727
45861,23,7,1,,47727
45862,39,1,3,,47728
45863,11,,1,,47729
45864,11,,1,,47730
45865,11,,1,,47731
45866,11,,1,,47732
45867,11,,1,,47733
45868,11,,1,,47734
45869,11,,1,,47735
45870,11,,1,,47736
45871,11,,1,,47737
45872,11,,1,,47738
45873,11,,1,,47739
45874,11,,1,,47740
45875,11,,1,,47741
45876,11,,1,,47742
45877,11,,1,,47743
45878,11,,1,,47744
45879,11,,1,,47745
45880,11,,1,,47746
45881,11,,1,,47747
45882,11,,1,,47748
45883,11,,1,,47749
45884,11,,1,,47750
45885,11,,1,,47751
45886,11,,1,,47752
45887,11,,1,,47753
45888,11,,1,,47754
45889,11,,1,,47755
45890,11,,1,,47756
45891,11,,1,,47757
45892,11,,1,,47758
45893,11,,1,,47759
45894,11,,1,,47760
45895,11,,1,,47761
45896,11,,1,,47762
45897,11,,1,,47763
45898,11,,1,,47764
45899,11,,1,,47765
45900,11,,1,,47766
45901,11,,1,,47767
45902,11,,1,,47768
45903,11,,1,,47769
45904,11,,1,,47770
45905,11,,1,,47771
45906,11,,1,,47772
45907,11,,1,,47773
45908,11,,1,,47774
45909,11,,1,,47775
45910,11,,1,,47776
45911,11,,1,,47777
45912,11,,1,,47778
45913,11,,1,,47779
45914,11,,1,,47780
45915,11,,1,,47781
45916,11,,1,,47782
45917,11,,1,,47783
45918,11,,1,,47784
45919,11,,1,,47785
45920,11,,1,,47786
45921,11,,1,,47787
45922,11,,1,,47788
45923,11,,1,,47789
45924,11,,1,,47790
45925,11,,1,,47791
45926,11,,1,,47792
45927,11,,1,,47793
45928,11,,1,,47794
45929,11,,1,,47795
45930,11,,1,,47796
45931,11,,1,,47797
45932,11,,1,,47798
45933,11,,1,,47799
45934,11,,1,,47800
45935,11,,1,,47801
45936,11,,1,,47802
45937,11,,1,,47803
45938,11,,1,,47804
45939,11,,1,,47805
45940,11,,1,,47806
45941,11,,1,,47807
45942,11,,1,,47808
45943,11,,1,,47809
45944,11,,1,,47810
45945,11,,1,,47811
45946,11,,1,,47812
45947,11,,1,,47813
45948,11,,1,,47814
45949,11,,1,,47815
45950,11,,1,,47816
45951,11,,1,,47817
45952,11,,1,,47818
45953,11,,1,,47819
45954,11,,1,,47820
45955,11,,1,,47821
45956,11,,1,,47822
45957,11,,1,,47823
45958,11,,1,,47824
45959,11,,1,,47825
45960,11,,1,,47826
45961,11,,1,,47827
45962,11,,1,,47828
45963,11,,1,,47829
45964,11,,1,,47830
45965,11,,1,,47831
45966,11,,1,,47832
45967,11,,1,,47833
45968,11,,1,,47834
45969,11,,1,,47835
45970,11,,1,,47836
45971,11,,1,,47837
45972,11,,1,,47838
45973,11,,1,,47839
45974,11,,1,,47840
45975,11,,1,,47841
45976,11,,1,,47842
45977,11,,1,,47843
45978,11,,1,,47844
45979,11,,1,,47845
45980,11,,1,,47846
45981,11,,1,,47847
45982,11,,1,,47848
45983,11,,1,,47849
45984,11,,1,,47850
45985,11,,1,,47851
45986,11,,1,,47852
45987,11,,1,,47853
45988,11,,1,,47854
45989,11,,1,,47855
45990,11,,1,,47856
45991,11,,1,,47857
45992,11,,1,,47858
45993,11,,1,,47859
45994,11,,1,,47860
45995,11,,1,,47861
45996,11,,1,,47862
45997,11,,1,,47863
45998,11,,1,,47864
45999,11,,1,,47865
46000,11,,1,,47866
46001,11,,1,,47867
46002,11,,1,,47868
46003,11,,1,,47869
46004,11,,1,,47870
46005,11,,1,,47871
46006,11,,1,,47872
46007,11,,1,,47873
46008,11,,1,,47874
46009,11,,1,,47875
46010,11,,1,,47876
46011,11,,1,,47877
46012,11,,1,,47878
46013,11,,1,,47879
46014,11,,1,,47880
46015,11,,1,,47881
46016,11,,1,,47882
46017,11,,1,,47883
46018,11,,1,,47884
46019,11,,1,,47885
46020,11,,1,,47886
46021,11,,1,,47887
46022,11,,1,,47888
46023,11,,1,,47889
46024,11,,1,,47890
46025,11,,1,,47891
46026,11,,1,,47892
46027,11,,1,,47893
46028,11,,1,,47894
46029,11,,1,,47895
46030,11,,1,,47896
46031,11,,1,,47897
46032,11,,1,,47898
46033,11,,1,,47899
46034,11,,1,,47900
46035,11,,1,,47901
46036,11,,1,,47902
46037,11,,1,,47903
46038,11,,1,,47904
46039,11,,1,,47905
46040,11,,1,,47906
46041,11,,1,,47907
46042,11,,1,,47908
46043,11,,1,,47909
46044,11,,1,,47910
46045,11,,1,,47911
46046,11,,1,,47912
46047,11,,1,,47913
46048,11,,1,,47914
46049,11,,1,,47915
46050,11,,1,,47916
46051,11,,1,,47917
46052,11,,1,,47918
46053,11,,1,,47919
46054,11,,1,,47920
46055,11,,1,,47921
46056,11,,1,,47922
46057,11,,1,,47923
46058,11,,1,,47924
46059,11,,1,,47925
46060,11,,1,,47926
46061,11,,1,,47927
46062,11,,1,,47928
46063,11,,1,,47929
46064,11,,1,,47930
46065,11,,1,,47931
46066,11,,1,,47932
46067,11,,1,,47933
46068,11,,1,,47934
46069,11,,1,,47935
46070,11,,1,,47936
46071,11,,1,,47937
46072,11,,1,,47938
46073,11,,1,,47939
46074,11,,1,,47940
46075,11,,1,,47941
46076,11,,1,,47942
46077,11,,1,,47943
46078,11,,1,,47944
46079,11,,1,,47945
46080,11,,1,,47946
46081,11,,1,,47947
46082,11,,1,,47948
46083,11,,1,,47949
46084,11,,1,,47950
46085,11,,1,,47951
46086,11,,1,,47952
46087,11,,1,,47953
46088,11,,1,,47954
46089,11,,1,,47955
46090,11,,1,,47956
46091,11,,1,,47957
46092,11,,1,,47958
46093,11,,1,,47959
46094,11,,1,,47960
46095,11,,1,,47961
46096,11,,1,,47962
46097,11,,1,,47963
46098,11,,1,,47964
46099,11,,1,,47965
46100,11,,1,,47966
46101,11,,1,,47967
46102,11,,1,,47968
46103,11,,1,,47969
46104,11,,1,,47970
46105,11,,1,,47971
46106,11,,1,,47972
46107,11,,1,,47973
46108,11,,1,,47974
46109,11,,1,,47975
46110,11,,1,,47976
46111,11,,1,,47977
46112,11,,1,,47978
46113,11,,1,,47979
46114,11,,1,,47980
46115,11,,1,,47981
46116,11,,1,,47982
46117,11,,1,,47983
46118,11,,1,,47984
46119,11,,1,,47985
46120,11,,1,,47986
46121,11,,1,,47987
46122,11,,1,,47988
46123,11,,1,,47989
46124,11,,1,,47990
46125,11,,1,,47991
46126,11,,1,,47992
46127,11,,1,,47993
46128,11,,1,,47994
46129,11,,1,,47995
46130,11,,1,,47996
46131,11,,1,,47997
46132,11,,1,,47998
46133,11,,1,,47999
46134,11,,1,,48000
46135,11,,1,,48001
46136,11,,1,,48002
46137,11,,1,,48003
46138,11,,1,,48004
46139,11,,1,,48005
46140,11,,1,,48006
46141,11,,1,,48007
46142,11,,1,,48008
46143,11,,1,,48009
46144,11,,1,,48010
46145,11,,1,,48011
46146,11,,1,,48012
46147,11,,1,,48013
46148,11,,1,,48014
46149,11,,1,,48015
46150,11,,1,,48016
46151,11,,1,,48017
46152,11,,1,,48018
46153,11,,1,,48019
46154,11,,1,,48020
46155,11,,1,,48021
46156,11,,1,,48022
46157,11,,1,,48023
46158,11,,1,,48024
46159,11,,1,,48025
46160,11,,1,,48026
46161,11,,1,,48027
46162,11,,1,,48028
46163,11,,1,,48029
46164,11,,1,,48030
46165,11,,1,,48031
46166,11,,1,,48032
46167,11,,1,,48033
46168,11,,1,,48034
46169,11,,1,,48035
46170,11,,1,,48036
46171,11,,1,,48037
46172,69,,1,,48038
46173,69,,1,,48039
46174,39,,2,,48040
46175,11,,1,,48041
46176,11,,1,,48042
46177,11,,1,,48043
46178,11,,1,,48044
46179,11,,1,,48045
46180,11,,1,,48046
46181,11,,1,,48047
46182,39,3,1,,48048
46183,11,,1,,48049
46184,11,,1,,48050
46185,11,,1,,48051
46186,11,,1,,48052
46187,11,,1,,48053
46188,11,,1,,48054
46189,11,,1,,48055
46190,11,,1,,48056
46191,11,,1,,48057
46192,11,,1,,48058
46193,11,,1,,48059
46194,11,,1,,48060
46195,39,1,1,,48061
46196,11,,1,,48062
46197,11,,1,,48063
46198,11,,1,,48064
46199,11,,1,,48065
46200,11,,1,,48066
46201,11,,1,,48067
46202,11,,1,,48068
46203,11,,1,,48069
46204,39,1,1,,48070
46205,11,,1,,48071
46206,11,,1,,48072
46207,11,,1,,48073
46208,11,,1,,48074
46209,11,,1,,48075
46210,11,,1,,48076
46211,11,,1,,48077
46212,11,,1,,48078
46213,11,,1,,48079
46214,11,,1,,48080
46215,11,,1,,48081
46216,11,,1,,48082
46217,11,,1,,48083
46218,11,,1,,48084
46219,11,,1,,48085
46220,11,,1,,48086
46221,11,,1,,48087
46222,11,,1,,48088
46223,11,,1,,48089
46224,11,,1,,48090
46225,11,,1,,48091
46226,11,,1,,48092
46227,11,,1,,48093
46228,11,,1,,48094
46229,11,,1,,48095
46230,11,,1,,48096
46231,11,,1,,48097
46232,11,,1,,48098
46233,11,,1,,48099
46234,11,,1,,48100
46235,11,,1,,48101
46236,11,,1,,48102
46237,11,,1,,48103
46238,11,,1,,48104
46239,11,,1,,48105
46240,11,,1,,48106
46241,11,,1,,48107
46242,11,,1,,48108
46243,11,,1,,48109
46244,11,,1,,48110
46245,11,,1,,48111
46246,11,,1,,48112
46247,11,,1,,48113
46248,11,,1,,48114
46249,11,,1,,48115
46250,11,,1,,48116
46251,11,,1,,48117
46252,11,,1,,48118
46253,11,,1,,48119
46254,11,,1,,48120
46255,11,,1,,48121
46256,11,,1,,48122
46257,11,,1,,48123
46258,11,,1,,48124
46259,11,,1,,48125
46260,11,,1,,48126
46261,11,,1,,48127
46262,11,,1,,48128
46263,11,,1,,48129
46264,11,,1,,48130
46265,11,,1,,48131
46266,11,,1,,48132
46267,11,,1,,48133
46268,11,,1,,48134
46269,11,,1,,48135
46270,11,,1,,48136
46271,11,,1,,48137
46272,11,,1,,48138
46273,11,,1,,48139
46274,11,,1,,48140
46275,11,,1,,48141
46276,11,,1,,48142
46277,11,,1,,48143
46278,11,,1,,48144
46279,11,,1,,48145
46280,11,,1,,48146
46281,11,,1,,48147
46282,11,,1,,48148
46283,11,,1,,48149
46284,11,,1,,48150
46285,11,,1,,48151
46286,11,,1,,48152
46287,11,,1,,48153
46288,11,,1,,48154
46289,11,,1,,48155
46290,11,,1,,48156
46291,11,,1,,48157
46292,11,,1,,48158
46293,11,,1,,48159
46294,11,,1,,48160
46295,11,,1,,48161
46296,11,,1,,48162
46297,11,,1,,48163
46298,11,,1,,48164
46299,11,,1,,48165
46300,11,,1,,48166
46301,11,,1,,48167
46302,11,,1,,48168
46303,11,,1,,48169
46304,11,,1,,48170
46305,11,,1,,48171
46306,11,,1,,48172
46307,11,,1,,48173
46308,11,,1,,48174
46309,11,,1,,48175
46310,11,,1,,48176
46311,11,,1,,48177
46312,11,,1,,48178
46313,11,,1,,48179
46314,11,,1,,48180
46315,11,,1,,48181
46316,11,,1,,48182
46317,11,,1,,48183
46318,11,,1,,48184
46319,11,,1,,48185
46320,11,,1,,48186
46321,11,,1,,48187
46322,11,,1,,48188
46323,11,,1,,48189
46324,11,,1,,48190
46325,11,,1,,48191
46326,11,,1,,48192
46327,11,,1,,48193
46328,11,,1,,48194
46329,11,,1,,48195
46330,11,,1,,48196
46331,11,,1,,48197
46332,11,,1,,48198
46333,11,,1,,48199
46334,11,,1,,48200
46335,11,,1,,48201
46336,11,,1,,48202
46337,11,,1,,48203
46338,11,,1,,48204
46339,11,,1,,48205
46340,11,,1,,48206
46341,11,,1,,48207
46342,11,,1,,48208
46343,11,,1,,48209
46344,11,,1,,48210
46345,11,,1,,48211
46346,11,,1,,48212
46347,11,,1,,48213
46348,11,,1,,48214
46349,11,,1,,48215
46350,11,,1,,48216
46351,11,,1,,48217
46352,11,,1,,48218
46353,11,,1,,48219
46354,11,,1,,48220
46355,11,,1,,48221
46356,11,,1,,48222
46357,11,,1,,48223
46358,11,,1,,48224
46359,11,,1,,48225
46360,11,,1,,48226
46361,11,,1,,48227
46362,11,,1,,48228
46363,11,,1,,48229
46364,11,,1,,48230
46365,11,,1,,48231
46366,11,,1,,48232
46367,11,,1,,48233
46368,11,,1,,48234
46369,11,,1,,48235
46370,11,,1,,48236
46371,11,,1,,48237
46372,11,,1,,48238
46373,11,,1,,48239
46374,11,,1,,48240
46375,11,,1,,48241
46376,11,,1,,48242
46377,11,,1,,48243
46378,11,,1,,48244
46379,11,,1,,48245
46380,11,,1,,48246
46381,11,,1,,48247
46382,11,,1,,48248
46383,11,,1,,48249
46384,11,,1,,48250
46385,11,,1,,48251
46386,11,,1,,48252
46387,11,,1,,48253
46388,11,,1,,48254
46389,11,,1,,48255
46390,11,,1,,48256
46391,11,,1,,48257
46392,11,,1,,48258
46393,11,,1,,48259
46394,11,,1,,48260
46395,11,,1,,48261
46396,11,,1,,48262
46397,11,,1,,48263
46398,11,,1,,48264
46399,11,,1,,48265
46400,11,,1,,48266
46401,11,,1,,48267
46402,11,,1,,48268
46403,11,,1,,48269
46404,11,,1,,48270
46405,11,,1,,48271
46406,39,1,2,,48272
46407,11,,1,,48273
46408,11,,1,,48274
46409,11,,1,,48275
46410,11,,1,,48276
46411,11,,1,,48277
46412,11,,1,,48278
46413,11,,1,,48279
46414,11,,1,,48280
46415,11,,1,,48281
46416,11,,1,,48282
46417,11,,1,,48283
46418,11,,1,,48284
46419,11,,1,,48285
46420,11,,1,,48286
46421,11,,1,,48287
46422,11,,1,,48288
46423,11,,1,,48289
46424,11,,1,,48290
46425,11,,1,,48291
46426,11,,1,,48292
46427,11,,1,,48293
46428,11,,1,,48294
46429,11,,1,,48295
46430,11,,1,,48296
46431,11,,1,,48297
46432,11,,1,,48298
46433,11,,1,,48299
46434,11,,1,,48300
46435,11,,1,,48301
46436,11,,1,,48302
46437,11,,1,,48303
46438,11,,1,,48304
46439,11,,1,,48305
46440,11,,1,,48306
46441,11,,1,,48307
46442,11,,1,,48308
46443,11,,1,,48309
46444,11,,1,,48310
46445,11,,1,,48311
46446,11,,1,,48312
46447,11,,1,,48313
46448,11,,1,,48314
46449,11,,1,,48315
46450,11,,1,,48316
46451,11,,1,,48317
46452,11,,1,,48318
46453,11,,1,,48319
46454,11,,1,,48320
46455,11,,1,,48321
46456,11,,1,,48322
46457,11,,1,,48323
46458,11,,1,,48324
46459,11,,1,,48325
46460,11,,1,,48326
46461,11,,1,,48327
46462,11,,1,,48328
46463,11,,1,,48329
46464,11,,1,,48330
46465,11,,1,,48331
46466,11,,1,,48332
46467,11,,1,,48333
46468,11,,1,,48334
46469,11,,1,,48335
46470,11,,1,,48336
46471,11,,1,,48337
46472,11,,1,,48338
46473,11,,1,,48339
46474,11,,1,,48340
46475,11,,1,,48341
46476,11,,1,,48342
46477,11,,1,,48343
46478,11,,1,,48344
46479,11,,1,,48345
46480,11,,1,,48346
46481,11,,1,,48347
46482,11,,1,,48348
46483,11,,1,,48349
46484,11,,1,,48350
46485,11,,1,,48351
46486,11,,1,,48352
46487,11,,1,,48353
46488,11,,1,,48354
46489,11,,1,,48355
46490,11,,1,,48356
46491,11,,1,,48357
46492,11,,1,,48358
46493,11,,1,,48359
46494,11,,1,,48360
46495,11,,1,,48361
46496,11,,1,,48362
46497,11,,1,,48363
46498,11,,1,,48364
46499,11,,1,,48365
46500,11,,1,,48366
46501,11,,1,,48367
46502,11,,1,,48368
46503,11,,1,,48369
46504,11,,1,,48370
46505,11,,1,,48371
46506,11,,1,,48372
46507,11,,1,,48373
46508,11,,1,,48374
46509,11,,1,,48375
46510,11,,1,,48376
46511,11,,1,,48377
46512,11,,1,,48378
46513,11,,1,,48379
46514,11,,1,,48380
46515,11,,1,,48381
46516,11,,1,,48382
46517,11,,1,,48383
46518,11,,1,,48384
46519,11,,1,,48385
46520,11,,1,,48386
46521,11,,1,,48387
46522,11,,1,,48388
46523,11,,1,,48389
46524,11,,1,,48390
46525,11,,1,,48391
46526,11,,1,,48392
46527,11,,1,,48393
46528,11,,1,,48394
46529,11,,1,,48395
46530,11,,1,,48396
46531,11,,1,,48397
46532,11,,1,,48398
46533,11,,1,,48399
46534,11,,1,,48400
46535,11,,1,,48401
46536,11,,1,,48402
46537,11,,1,,48403
46538,11,,1,,48404
46539,11,,1,,48405
46540,11,,1,,48406
46541,11,,1,,48407
46542,11,,1,,48408
46543,11,,1,,48409
46544,11,,1,,48410
46545,11,,1,,48411
46546,11,,1,,48412
46547,11,,1,,48413
46548,11,,1,,48414
46549,11,,1,,48415
46550,11,,1,,48416
46551,11,,1,,48417
46552,11,,1,,48418
46553,11,,1,,48419
46554,11,,1,,48420
46555,11,,1,,48421
46556,11,,1,,48422
46557,11,,1,,48423
46558,11,,1,,48424
46559,11,,1,,48425
46560,11,,1,,48426
46561,11,,1,,48427
46562,11,,1,,48428
46563,11,,1,,48429
46564,11,,1,,48430
46565,11,,1,,48431
46566,11,,1,,48432
46567,11,,1,,48433
46568,11,,1,,48434
46569,11,,1,,48435
46570,11,,1,,48436
46571,11,,1,,48437
46572,11,,1,,48438
46573,11,,1,,48439
46574,11,,1,,48440
46575,11,,1,,48441
46576,11,,1,,48442
46577,11,,1,,48443
46578,11,,1,,48444
46579,11,,1,,48445
46580,11,,1,,48446
46581,11,,1,,48447
46582,11,,1,,48448
46583,11,,1,,48449
46584,11,,1,,48450
46585,11,,1,,48451
46586,11,,1,,48452
46587,11,,1,,48453
46588,11,,1,,48454
46589,11,,1,,48455
46590,11,,1,,48456
46591,11,,1,,48457
46592,11,,1,,48458
46593,11,,1,,48459
46594,11,,1,,48460
46595,11,,1,,48461
46596,11,,1,,48462
46597,11,,1,,48463
46598,11,,1,,48464
46599,11,,1,,48465
46600,11,,1,,48466
46601,11,,1,,48467
46602,11,,1,,48468
46603,11,,1,,48469
46604,11,,1,,48470
46605,11,,1,,48471
46606,11,,1,,48472
46607,11,,1,,48473
46608,11,,1,,48474
46609,11,,1,,48475
46610,11,,1,,48476
46611,11,,1,,48477
46612,11,,1,,48478
46613,11,,1,,48479
46614,11,,1,,48480
46615,11,,1,,48481
46616,11,,1,,48482
46617,11,,1,,48483
46618,11,,1,,48484
46619,11,,1,,48485
46620,11,,1,,48486
46621,11,,1,,48487
46622,11,,1,,48488
46623,11,,1,,48489
46624,11,,1,,48490
46625,11,,1,,48491
46626,11,,1,,48492
46627,11,,1,,48493
46628,11,,1,,48494
46629,11,,1,,48495
46630,11,,1,,48496
46631,11,,1,,48497
46632,11,,1,,48498
46633,11,,1,,48499
46634,11,,1,,48500
46635,11,,1,,48501
46636,11,,1,,48502
46637,11,,1,,48503
46638,11,,1,,48504
46639,11,,1,,48505
46640,11,,1,,48506
46641,11,,1,,48507
46642,11,,1,,48508
46643,11,,1,,48509
46644,11,,1,,48510
46645,11,,1,,48511
46646,11,,1,,48512
46647,11,,1,,48513
46648,11,,1,,48514
46649,11,,1,,48515
46650,11,,1,,48516
46651,11,,1,,48517
46652,11,,1,,48518
46653,11,,1,,48519
46654,11,,1,,48520
46655,11,,1,,48521
46656,11,,1,,48522
46657,11,,1,,48523
46658,11,,1,,48524
46659,11,,1,,48525
46660,11,,1,,48526
46661,11,,1,,48527
46662,11,,1,,48528
46663,11,,1,,48529
46664,11,,1,,48530
46665,11,,1,,48531
46666,11,,1,,48532
46667,11,,1,,48533
46668,11,,1,,48534
46669,11,,1,,48535
46670,11,,1,,48536
46671,11,,1,,48537
46672,11,,1,,48538
46673,11,,1,,48539
46674,11,,1,,48540
46675,11,,1,,48541
46676,11,,1,,48542
46677,11,,1,,48543
46678,11,,1,,48544
46679,11,,1,,48545
46680,11,,1,,48546
46681,11,,1,,48547
46682,11,,1,,48548
46683,11,,1,,48549
46684,11,,1,,48550
46685,11,,1,,48551
46686,11,,1,,48552
46687,11,,1,,48553
46688,11,,1,,48554
46689,11,,1,,48555
46690,11,,1,,48556
46691,11,,1,,48557
46692,11,,1,,48558
46693,11,,1,,48559
46694,11,,1,,48560
46695,11,,1,,48561
46696,11,,1,,48562
46697,11,,1,,48563
46698,11,,1,,48564
46699,11,,1,,48565
46700,11,,1,,48566
46701,11,,1,,48567
46702,11,,1,,48568
46703,11,,1,,48569
46704,11,,1,,48570
46705,11,,1,,48571
46706,11,,1,,48572
46707,11,,1,,48573
46708,11,,1,,48574
46709,11,,1,,48575
46710,11,,1,,48576
46711,11,,1,,48577
46712,11,,1,,48578
46713,11,,1,,48579
46714,11,,1,,48580
46715,11,,1,,48581
46716,11,,1,,48582
46717,11,,1,,48583
46718,11,,1,,48584
46719,11,,1,,48585
46720,11,,1,,48586
46721,11,,1,,48587
46722,11,,1,,48588
46723,11,,1,,48589
46724,11,,1,,48590
46725,11,,1,,48591
46726,11,,1,,48592
46727,11,,1,,48593
46728,11,,1,,48594
46729,11,,1,,48595
46730,11,,1,,48596
46731,11,,1,,48597
46732,11,,1,,48598
46733,11,,1,,48599
46734,11,,1,,48600
46735,11,,1,,48601
46736,11,,1,,48602
46737,11,,1,,48603
46738,11,,1,,48604
46739,11,,1,,48605
46740,11,,1,,48606
46741,11,,1,,48607
46742,11,,1,,48608
46743,11,,1,,48609
46744,11,,1,,48610
46745,11,,1,,48611
46746,11,,1,,48612
46747,11,,1,,48613
46748,11,,1,,48614
46749,11,,1,,48615
46750,11,,1,,48616
46751,11,,1,,48617
46752,11,,1,,48618
46753,11,,1,,48619
46754,11,,1,,48620
46755,11,,1,,48621
46756,11,,1,,48622
46757,11,,1,,48623
46758,11,,1,,48624
46759,11,,1,,48625
46760,11,,1,,48626
46761,11,,1,,48627
46762,11,,1,,48628
46763,11,,1,,48629
46764,11,,1,,48630
46765,11,,1,,48631
46766,11,,1,,48632
46767,11,,1,,48633
46768,11,,1,,48634
46769,11,,1,,48635
46770,39,1,1,,48636
46771,39,1,1,,48637
46772,39,1,2,,48638
46773,11,,1,,48639
46774,11,,1,,48640
46775,11,,1,,48641
46776,11,,1,,48642
46777,11,,1,,48643
46778,11,,1,,48644
46779,11,,1,,48645
46780,11,,1,,48646
46781,11,,1,,48647
46782,11,,1,,48648
46783,11,,1,,48649
46784,11,,1,,48650
46785,11,,1,,48651
46786,11,,1,,48652
46787,11,,1,,48653
46788,11,,1,,48654
46789,11,,1,,48655
46790,11,,1,,48656
46791,11,,1,,48657
46792,11,,1,,48658
46793,11,,1,,48659
46794,11,,1,,48660
46795,11,,1,,48661
46796,11,,1,,48662
46797,11,,1,,48663
46798,11,,1,,48664
46799,11,,1,,48665
46800,11,,1,,48666
46801,11,,1,,48667
46802,11,,1,,48668
46803,11,,1,,48669
46804,11,,1,,48670
46805,11,,1,,48671
46806,11,,1,,48672
46807,11,,1,,48673
46808,11,,1,,48674
46809,11,,1,,48675
46810,11,,1,,48676
46811,11,,1,,48677
46812,11,,1,,48678
46813,11,,1,,48679
46814,11,,1,,48680
46815,11,,1,,48681
46816,11,,1,,48682
46817,11,,1,,48683
46818,11,,1,,48684
46819,11,,1,,48685
46820,11,,1,,48686
46821,11,,1,,48687
46822,11,,1,,48688
46823,11,,1,,48689
46824,11,,1,,48690
46825,11,,1,,48691
46826,11,,1,,48692
46827,11,,1,,48693
46828,11,,1,,48694
46829,11,,1,,48695
46830,11,,1,,48696
46831,11,,1,,48697
46832,11,,1,,48698
46833,11,,1,,48699
46834,11,,1,,48700
46835,11,,1,,48701
46836,11,,1,,48702
46837,11,,1,,48703
46838,11,,1,,48704
46839,11,,1,,48705
46840,11,,1,,48706
46841,11,,1,,48707
46842,11,,1,,48708
46843,11,,1,,48709
46844,11,,1,,48710
46845,11,,1,,48711
46846,11,,1,,48712
46847,11,,1,,48713
46848,11,,1,,48714
46849,11,,1,,48715
46850,11,,1,,48716
46851,11,,1,,48717
46852,11,,1,,48718
46853,11,,1,,48719
46854,11,,1,,48720
46855,11,,1,,48721
46856,11,,1,,48722
46857,11,,1,,48723
46858,11,,1,,48724
46859,11,,1,,48725
46860,11,,1,,48726
46861,11,,1,,48727
46862,11,,1,,48728
46863,11,,1,,48729
46864,11,,1,,48730
46865,11,,1,,48731
46866,11,,1,,48732
46867,11,,1,,48733
46868,11,,1,,48734
46869,11,,1,,48735
46870,11,,1,,48736
46871,11,,1,,48737
46872,11,,1,,48738
46873,11,,1,,48739
46874,11,,1,,48740
46875,11,,1,,48741
46876,11,,1,,48742
46877,11,,1,,48743
46878,11,,1,,48744
46879,11,,1,,48745
46880,11,,1,,48746
46881,11,,1,,48747
46882,11,,1,,48748
46883,11,,1,,48749
46884,11,,1,,48750
46885,11,,1,,48751
46886,11,,1,,48752
46887,11,,1,,48753
46888,11,,1,,48754
46889,11,,1,,48755
46890,11,,1,,48756
46891,11,,1,,48757
46892,11,,1,,48758
46893,11,,1,,48759
46894,11,,1,,48760
46895,11,,1,,48761
46896,11,,1,,48762
46897,11,,1,,48763
46898,11,,1,,48764
46899,11,,1,,48765
46900,11,,1,,48766
46901,11,,1,,48767
46902,11,,1,,48768
46903,11,,1,,48769
46904,11,,1,,48770
46905,11,,1,,48771
46906,11,,1,,48772
46907,11,,1,,48773
46908,11,,1,,48774
46909,11,,1,,48775
46910,11,,1,,48776
46911,11,,1,,48777
46912,11,,1,,48778
46913,11,,1,,48779
46914,11,,1,,48780
46915,11,,1,,48781
46916,11,,1,,48782
46917,11,,1,,48783
46918,11,,1,,48784
46919,11,,1,,48785
46920,11,,1,,48786
46921,11,,1,,48787
46922,11,,1,,48788
46923,11,,1,,48789
46924,11,,1,,48790
46925,11,,1,,48791
46926,11,,1,,48792
46927,11,,1,,48793
46928,11,,1,,48794
46929,11,,1,,48795
46930,11,,1,,48796
46931,11,,1,,48797
46932,11,,1,,48798
46933,11,,1,,48799
46934,11,,1,,48800
46935,11,,1,,48801
46936,11,,1,,48802
46937,11,,1,,48803
46938,11,,1,,48804
46939,11,,1,,48805
46940,11,,1,,48806
46941,11,,1,,48807
46942,11,,1,,48808
46943,11,,1,,48809
46944,11,,1,,48810
46945,11,,1,,48811
46946,11,,1,,48812
46947,11,,1,,48813
46948,11,,1,,48814
46949,11,,1,,48815
46950,11,,1,,48816
46951,11,,1,,48817
46952,11,,1,,48818
46953,11,,1,,48819
46954,11,,1,,48820
46955,11,,1,,48821
46956,11,,1,,48822
46957,11,,1,,48823
46958,11,,1,,48824
46959,11,,1,,48825
46960,11,,1,,48826
46961,11,,1,,48827
46962,11,,1,,48828
46963,11,,1,,48829
46964,11,,1,,48830
46965,11,,1,,48831
46966,11,,1,,48832
46967,11,,1,,48833
46968,11,,1,,48834
46969,11,,1,,48835
46970,11,,1,,48836
46971,63,,1,,48837
46972,63,,1,,48838
46973,63,,1,,48839
46974,11,,1,,48841
46975,11,,1,,48842
46976,11,,1,,48843
46977,11,,1,,48844
46978,11,,1,,48845
46979,11,,1,,48846
46980,11,,1,,48847
46981,11,,1,,48848
46982,11,,1,,48849
46983,11,,1,,48850
46984,11,,1,,48851
46985,11,,1,,48852
46986,11,,1,,48853
46987,11,,1,,48854
46988,11,,1,,48855
46989,11,,1,,48856
46990,11,,1,,48857
46991,11,,1,,48858
46992,11,,1,,48859
46993,11,,1,,48860
46994,11,,1,,48861
46995,11,,1,,48862
46996,11,,1,,48863
46997,11,,1,,48864
46998,11,,1,,48865
46999,11,,1,,48866
47000,11,,1,,48867
47001,11,,1,,48868
47002,11,,1,,48869
47003,11,,1,,48870
47004,11,,1,,48871
47005,11,,1,,48872
47006,11,,1,,48873
47007,11,,1,,48874
47008,11,,1,,48875
47009,11,,1,,48876
47010,11,,1,,48877
47011,11,,1,,48878
47012,11,,1,,48879
47013,11,,1,,48880
47014,11,,1,,48881
47015,11,,1,,48882
47016,11,,1,,48883
47017,11,,1,,48884
47018,11,,1,,48885
47019,11,,1,,48886
47020,11,,1,,48887
47021,11,,1,,48888
47022,11,,1,,48889
47023,11,,1,,48890
47024,11,,1,,48891
47025,11,,1,,48892
47026,11,,1,,48893
47027,11,,1,,48894
47028,11,,1,,48895
47029,11,,1,,48896
47030,11,,1,,48897
47031,11,,1,,48898
47032,11,,1,,48899
47033,11,,1,,48900
47034,11,,1,,48901
47035,11,,1,,48902
47036,11,,1,,48903
47037,11,,1,,48904
47038,11,,1,,48905
47039,11,,1,,48906
47040,11,,1,,48907
47041,11,,1,,48908
47042,11,,1,,48909
47043,11,,1,,48910
47044,11,,1,,48911
47045,11,,1,,48912
47046,11,,1,,48913
47047,11,,1,,48914
47048,11,,1,,48915
47049,11,,1,,48916
47050,11,,1,,48917
47051,11,,1,,48918
47052,11,,1,,48919
47053,11,,1,,48920
47054,11,,1,,48921
47055,11,,1,,48922
47056,11,,1,,48923
47057,11,,1,,48924
47058,11,,1,,48925
47059,11,,1,,48926
47060,11,,1,,48927
47061,11,,1,,48928
47062,11,,1,,48929
47063,11,,1,,48930
47064,11,,1,,48931
47065,11,,1,,48932
47066,11,,1,,48933
47067,11,,1,,48934
47068,11,,1,,48935
47069,11,,1,,48936
47070,11,,1,,48937
47071,11,,1,,48938
47072,11,,1,,48939
47073,11,,1,,48940
47074,11,,1,,48941
47075,11,,1,,48942
47076,11,,1,,48943
47077,11,,1,,48944
47078,11,,1,,48945
47079,11,,1,,48946
47080,11,,1,,48947
47081,11,,1,,48948
47082,11,,1,,48949
47083,11,,1,,48950
47084,11,,1,,48951
47085,11,,1,,48952
47086,11,,1,,48953
47087,11,,1,,48954
47088,11,,1,,48955
47089,11,,1,,48956
47090,11,,1,,48957
47091,11,,1,,48958
47092,11,,1,,48959
47093,11,,1,,48960
47094,11,,1,,48961
47095,11,,1,,48962
47096,11,,1,,48963
47097,11,,1,,48964
47098,11,,1,,48965
47099,11,,1,,48966
47100,11,,1,,48967
47101,11,,1,,48968
47102,11,,1,,48969
47103,11,,1,,48970
47104,11,,1,,48971
47105,11,,1,,48972
47106,11,,1,,48973
47107,11,,1,,48974
47108,11,,1,,48975
47109,11,,1,,48976
47110,11,,1,,48977
47111,11,,1,,48978
47112,11,,1,,48979
47113,11,,1,,48980
47114,11,,1,,48981
47115,11,,1,,48982
47116,11,,1,,48983
47117,11,,1,,48984
47118,11,,1,,48985
47119,11,,1,,48986
47120,11,,1,,48987
47121,11,,1,,48988
47122,11,,1,,48989
47123,11,,1,,48990
47124,11,,1,,48991
47125,11,,1,,48992
47126,11,,1,,48993
47127,11,,1,,48994
47128,11,,1,,48995
47129,11,,1,,48996
47130,11,,1,,48997
47131,11,,1,,48998
47132,11,,1,,48999
47133,11,,1,,49000
47134,11,,1,,49001
47135,11,,1,,49002
47136,11,,1,,49003
47137,11,,1,,49004
47138,11,,1,,49005
47139,11,,1,,49006
47140,11,,1,,49007
47141,11,,1,,49008
47142,11,,1,,49009
47143,11,,1,,49010
47144,11,,1,,49011
47145,11,,1,,49012
47146,11,,1,,49013
47147,11,,1,,49014
47148,11,,1,,49015
47149,11,,1,,49016
47150,11,,1,,49017
47151,11,,1,,49018
47152,11,,1,,49019
47153,11,,1,,49020
47154,11,,1,,49021
47155,11,,1,,49022
47156,11,,1,,49023
47157,11,,1,,49024
47158,11,,1,,49025
47159,11,,1,,49026
47160,11,,1,,49027
47161,11,,1,,49028
47162,11,,1,,49029
47163,11,,1,,49030
47164,11,,1,,49031
47165,11,,1,,49032
47166,11,,1,,49033
47167,11,,1,,49034
47168,11,,1,,49035
47169,11,,1,,49036
47170,11,,1,,49037
47171,11,,1,,49038
47172,11,,1,,49039
47173,11,,1,,49040
47174,11,,1,,49041
47175,11,,1,,49042
47176,11,,1,,49043
47177,11,,1,,49044
47178,11,,1,,49045
47179,11,,1,,49046
47180,11,,1,,49047
47181,11,,1,,49048
47182,11,,1,,49049
47183,11,,1,,49050
47184,11,,1,,49051
47185,11,,1,,49052
47186,11,,1,,49053
47187,11,,1,,49054
47188,11,,1,,49055
47189,11,,1,,49056
47190,11,,1,,49057
47191,11,,1,,49058
47192,11,,1,,49059
47193,11,,1,,49060
47194,11,,1,,49061
47195,11,,1,,49062
47196,11,,1,,49063
47197,11,,1,,49064
47198,11,,1,,49065
47199,11,,1,,49066
47200,11,,1,,49067
47201,11,,1,,49068
47202,11,,1,,49069
47203,11,,1,,49070
47204,11,,1,,49071
47205,11,,1,,49072
47206,11,,1,,49073
47207,11,,1,,49074
47208,11,,1,,49075
47209,11,,1,,49076
47210,11,,1,,49077
47211,11,,1,,49078
47212,11,,1,,49079
47213,11,,1,,49080
47214,11,,1,,49081
47215,11,,1,,49082
47216,11,,1,,49083
47217,11,,1,,49084
47218,11,,1,,49085
47219,11,,1,,49086
47220,11,,1,,49087
47221,11,,1,,49088
47222,11,,1,,49089
47223,11,,1,,49090
47224,11,,1,,49091
47225,11,,1,,49092
47226,11,,1,,49093
47227,11,,1,,49094
47228,11,,1,,49095
47229,11,,1,,49096
47230,11,,1,,49097
47231,11,,1,,49098
47232,11,,1,,49099
47233,11,,1,,49100
47234,11,,1,,49101
47235,11,,1,,49102
47236,11,,1,,49103
47237,11,,1,,49104
47238,11,,1,,49105
47239,11,,1,,49106
47240,11,,1,,49107
47241,11,,1,,49108
47242,11,,1,,49109
47243,11,,1,,49110
47244,11,,1,,49111
47245,11,,1,,49112
47246,11,,1,,49113
47247,11,,1,,49114
47248,11,,1,,49115
47249,11,,1,,49116
47250,11,,1,,49117
47251,11,,1,,49118
47252,11,,1,,49119
47253,11,,1,,49120
47254,11,,1,,49121
47255,11,,1,,49122
47256,11,,1,,49123
47257,11,,1,,49124
47258,11,,1,,49125
47259,11,,1,,49126
47260,11,,1,,49127
47261,11,,1,,49128
47262,11,,1,,49129
47263,11,,1,,49130
47264,11,,1,,49131
47265,11,,1,,49132
47266,11,,1,,49133
47267,11,,1,,49134
47268,11,,1,,49135
47269,11,,1,,49136
47270,11,,1,,49137
47271,11,,1,,49138
47272,11,,1,,49139
47273,11,,1,,49140
47274,11,,1,,49141
47275,11,,1,,49142
47276,11,,1,,49143
47277,11,,1,,49144
47278,11,,1,,49145
47279,11,,1,,49146
47280,11,,1,,49147
47281,11,,1,,49148
47282,11,,1,,49149
47283,11,,1,,49150
47284,11,,1,,49151
47285,11,,1,,49152
47286,11,,1,,49153
47287,11,,1,,49154
47288,11,,1,,49155
47289,11,,1,,49156
47290,11,,1,,49157
47291,11,,1,,49158
47292,11,,1,,49159
47293,11,,1,,49160
47294,11,,1,,49161
47295,11,,1,,49162
47296,11,,1,,49163
47297,11,,1,,49164
47298,11,,1,,49165
47299,11,,1,,49166
47300,11,,1,,49167
47301,11,,1,,49168
47302,11,,1,,49169
47303,11,,1,,49170
47304,11,,1,,49171
47305,11,,1,,49172
47306,11,,1,,49173
47307,11,,1,,49174
47308,11,,1,,49175
47309,11,,1,,49176
47310,11,,1,,49177
47311,11,,1,,49178
47312,11,,1,,49179
47313,11,,1,,49180
47314,11,,1,,49181
47315,11,,1,,49182
47316,11,,1,,49183
47317,11,,1,,49184
47318,11,,1,,49185
47319,11,,1,,49186
47320,11,,1,,49187
47321,11,,1,,49188
47322,11,,1,,49189
47323,11,,1,,49190
47324,11,,1,,49191
47325,11,,1,,49192
47326,11,,1,,49193
47327,11,,1,,49194
47328,11,,1,,49195
47329,11,,1,,49196
47330,11,,1,,49197
47331,11,,1,,49198
47332,11,,1,,49199
47333,11,,1,,49200
47334,11,,1,,49201
47335,11,,1,,49202
47336,11,,1,,49203
47337,11,,1,,49204
47338,11,,1,,49205
47339,11,,1,,49206
47340,11,,1,,49207
47341,11,,1,,49208
47342,11,,1,,49209
47343,11,,1,,49210
47344,11,,1,,49211
47345,11,,1,,49212
47346,11,,1,,49213
47347,11,,1,,49214
47348,11,,1,,49215
47349,11,,1,,49216
47350,11,,1,,49217
47351,11,,1,,49218
47352,11,,1,,49219
47353,11,,1,,49220
47354,11,,1,,49221
47355,11,,1,,49222
47356,11,,1,,49223
47357,11,,1,,49224
47358,11,,1,,49225
47359,11,,1,,49226
47360,11,,1,,49227
47361,11,,1,,49228
47362,11,,1,,49229
47363,11,,1,,49230
47364,11,,1,,49231
47365,11,,1,,49232
47366,11,,1,,49233
47367,11,,1,,49234
47368,11,,1,,49235
47369,11,,1,,49236
47370,11,,1,,49237
47371,11,,1,,49238
47372,11,,1,,49239
47373,11,,1,,49240
47374,11,,1,,49241
47375,11,,1,,49242
47376,11,,1,,49243
47377,11,,1,,49244
47378,11,,1,,49245
47379,11,,1,,49246
47380,11,,1,,49247
47381,11,,1,,49248
47382,11,,1,,49249
47383,11,,1,,49250
47384,11,,1,,49251
47385,11,,1,,49252
47386,11,,1,,49253
47387,11,,1,,49254
47388,11,,1,,49255
47389,11,,1,,49256
47390,11,,1,,49257
47391,11,,1,,49258
47392,11,,1,,49259
47393,11,,1,,49260
47394,11,,1,,49261
47395,11,,1,,49262
47396,11,,1,,49263
47397,11,,1,,49264
47398,11,,1,,49265
47399,11,,1,,49266
47400,11,,1,,49267
47401,11,,1,,49268
47402,11,,1,,49269
47403,11,,1,,49270
47404,11,,1,,49271
47405,11,,1,,49272
47406,11,,1,,49273
47407,11,,1,,49274
47408,11,,1,,49275
47409,11,,1,,49276
47410,11,,1,,49277
47411,11,,1,,49278
47412,11,,1,,49279
47413,11,,1,,49280
47414,11,,1,,49281
47415,11,,1,,49282
47416,11,,1,,49283
47417,11,,1,,49284
47418,11,,1,,49285
47419,11,,1,,49286
47420,11,,1,,49287
47421,11,,1,,49288
47422,11,,1,,49289
47423,11,,1,,49290
47424,11,,1,,49291
47425,11,,1,,49292
47426,11,,1,,49293
47427,11,,1,,49294
47428,11,,1,,49295
47429,11,,1,,49296
47430,11,,1,,49297
47431,11,,1,,49298
47432,11,,1,,49299
47433,11,,1,,49300
47434,11,,1,,49301
47435,11,,1,,49302
47436,11,,1,,49303
47437,11,,1,,49304
47438,11,,1,,49305
47439,11,,1,,49306
47440,11,,1,,49307
47441,11,,1,,49308
47442,11,,1,,49309
47443,11,,1,,49310
47444,11,,1,,49311
47445,11,,1,,49312
47446,11,,1,,49313
47447,11,,1,,49314
47448,11,,1,,49315
47449,11,,1,,49316
47450,11,,1,,49317
47451,11,,1,,49318
47452,11,,1,,49319
47453,11,,1,,49320
47454,11,,1,,49321
47455,11,,1,,49322
47456,11,,1,,49323
47457,11,,1,,49324
47458,11,,1,,49325
47459,11,,1,,49326
47460,11,,1,,49327
47461,11,,1,,49328
47462,11,,1,,49329
47463,11,,1,,49330
47464,11,,1,,49331
47465,11,,1,,49332
47466,11,,1,,49333
47467,11,,1,,49334
47468,11,,1,,49335
47469,11,,1,,49336
47470,11,,1,,49337
47471,11,,1,,49338
47472,11,,1,,49339
47473,11,,1,,49340
47474,11,,1,,49341
47475,11,,1,,49342
47476,11,,1,,49343
47477,11,,1,,49344
47478,11,,1,,49345
47479,11,,1,,49346
47480,11,,1,,49347
47481,11,,1,,49348
47482,11,,1,,49349
47483,11,,1,,49350
47484,11,,1,,49351
47485,11,,1,,49352
47486,11,,1,,49353
47487,11,,1,,49354
47488,11,,1,,49355
47489,11,,1,,49356
47490,11,,1,,49357
47491,11,,1,,49358
47492,11,,1,,49359
47493,11,,1,,49360
47494,11,,1,,49361
47495,11,,1,,49362
47496,11,,1,,49363
47497,11,,1,,49364
47498,11,,1,,49365
47499,11,,1,,49366
47500,11,,1,,49367
47501,11,,1,,49368
47502,11,,1,,49369
47503,11,,1,,49370
47504,11,,1,,49371
47505,11,,1,,49372
47506,11,,1,,49373
47507,11,,1,,49374
47508,11,,1,,49375
47509,11,,1,,49376
47510,11,,1,,49377
47511,11,,1,,49378
47512,11,,1,,49379
47513,11,,1,,49380
47514,11,,1,,49381
47515,11,,1,,49382
47516,11,,1,,49383
47517,11,,1,,49384
47518,11,,1,,49385
47519,11,,1,,49386
47520,11,,1,,49387
47521,11,,1,,49388
47522,11,,1,,49389
47523,11,,1,,49390
47524,11,,1,,49391
47525,11,,1,,49392
47526,11,,1,,49393
47527,11,,1,,49394
47528,11,,1,,49395
47529,11,,1,,49396
47530,11,,1,,49397
47531,11,,1,,49398
47532,11,,1,,49399
47533,11,,1,,49400
47534,11,,1,,49401
47535,11,,1,,49402
47536,11,,1,,49403
47537,11,,1,,49404
47538,11,,1,,49405
47539,11,,1,,49406
47540,11,,1,,49407
47541,11,,1,,49408
47542,11,,1,,49409
47543,11,,1,,49410
47544,11,,1,,49411
47545,11,,1,,49412
47546,11,,1,,49413
47547,11,,1,,49414
47548,11,,1,,49415
47549,11,,1,,49416
47550,11,,1,,49417
47551,11,,1,,49418
47552,11,,1,,49419
47553,11,,1,,49420
47554,11,,1,,49421
47555,11,,1,,49422
47556,11,,1,,49423
47557,11,,1,,49424
47558,11,,1,,49425
47559,11,,1,,49426
47560,11,,1,,49427
47561,11,,1,,49428
47562,11,,1,,49429
47563,11,,1,,49430
47564,11,,1,,49431
47565,11,,1,,49432
47566,11,,1,,49433
47567,11,,1,,49434
47568,11,,1,,49435
47569,11,,1,,49436
47570,11,,1,,49437
47571,11,,1,,49438
47572,11,,1,,49439
47573,11,,1,,49440
47574,11,,1,,49441
47575,11,,1,,49442
47576,11,,1,,49443
47577,11,,1,,49444
47578,11,,1,,49445
47579,11,,1,,49446
47580,11,,1,,49447
47581,11,,1,,49448
47582,11,,1,,49449
47583,11,,1,,49450
47584,11,,1,,49451
47585,11,,1,,49452
47586,11,,1,,49453
47587,11,,1,,49454
47588,11,,1,,49455
47589,11,,1,,49456
47590,11,,1,,49457
47591,11,,1,,49458
47592,11,,1,,49459
47593,11,,1,,49460
47594,11,,1,,49461
47595,11,,1,,49462
47596,11,,1,,49463
47597,11,,1,,49464
47598,11,,1,,49465
47599,11,,1,,49466
47600,11,,1,,49467
47601,11,,1,,49468
47602,11,,1,,49469
47603,11,,1,,49470
47604,11,,1,,49471
47605,11,,1,,49472
47606,11,,1,,49473
47607,11,,1,,49474
47608,11,,1,,49475
47609,11,,1,,49476
47610,11,,1,,49477
47611,11,,1,,49478
47612,11,,1,,49479
47613,11,,1,,49480
47614,11,,1,,49481
47615,11,,1,,49482
47616,11,,1,,49483
47617,11,,1,,49484
47618,11,,1,,49485
47619,11,,1,,49486
47620,11,,1,,49487
47621,11,,1,,49488
47622,11,,1,,49489
47623,11,,1,,49490
47624,11,,1,,49491
47625,11,,1,,49492
47626,11,,1,,49493
47627,11,,1,,49494
47628,11,,1,,49495
47629,11,,1,,49496
47630,11,,1,,49497
47631,11,,1,,49498
47632,11,,1,,49499
47633,11,,1,,49500
47634,11,,1,,49501
47635,11,,1,,49502
47636,11,,1,,49503
47637,11,,1,,49504
47638,11,,1,,49505
47639,11,,1,,49506
47640,11,,1,,49507
47641,11,,1,,49508
47642,11,,1,,49509
47643,11,,1,,49510
47644,11,,1,,49511
47645,11,,1,,49512
47646,11,,1,,49513
47647,11,,1,,49514
47648,11,,1,,49515
47649,11,,1,,49516
47650,11,,1,,49517
47651,11,,1,,49518
47652,11,,1,,49519
47653,11,,1,,49520
47654,11,,1,,49521
47655,11,,1,,49522
47656,11,,1,,49523
47657,11,,1,,49524
47658,11,,1,,49525
47659,11,,1,,49526
47660,11,,1,,49527
47661,11,,1,,49528
47662,11,,1,,49529
47663,11,,1,,49530
47664,11,,1,,49531
47665,11,,1,,49532
47666,11,,1,,49533
47667,11,,1,,49534
47668,11,,1,,49535
47669,11,,1,,49536
47670,11,,1,,49537
47671,11,,1,,49538
47672,11,,1,,49539
47673,11,,1,,49540
47674,11,,1,,49541
47675,11,,1,,49542
47676,11,,1,,49543
47677,11,,1,,49544
47678,11,,1,,49545
47679,11,,1,,49546
47680,11,,1,,49547
47681,11,,1,,49548
47682,11,,1,,49549
47683,11,,1,,49550
47684,11,,1,,49551
47685,11,,1,,49552
47686,11,,1,,49553
47687,11,,1,,49554
47688,11,,1,,49555
47689,11,,1,,49556
47690,11,,1,,49557
47691,11,,1,,49558
47692,11,,1,,49559
47693,11,,1,,49560
47694,11,,1,,49561
47695,11,,1,,49562
47696,11,,1,,49563
47697,11,,1,,49564
47698,11,,1,,49565
47699,11,,1,,49566
47700,11,,1,,49567
47701,11,,1,,49568
47702,11,,1,,49569
47703,11,,1,,49570
47704,11,,1,,49571
47705,11,,1,,49572
47706,11,,1,,49573
47707,11,,1,,49574
47708,11,,1,,49575
47709,11,,1,,49576
47710,11,,1,,49577
47711,11,,1,,49578
47712,11,,1,,49579
47713,11,,1,,49580
47714,11,,1,,49581
47715,11,,1,,49582
47716,11,,1,,49583
47717,11,,1,,49584
47718,11,,1,,49585
47719,11,,1,,49586
47720,11,,1,,49587
47721,11,,1,,49588
47722,11,,1,,49589
47723,11,,1,,49590
47724,11,,1,,49591
47725,11,,1,,49592
47726,11,,1,,49593
47727,11,,1,,49594
47728,11,,1,,49595
47729,11,,1,,49596
47730,11,,1,,49597
47731,11,,1,,49598
47732,11,,1,,49599
47733,11,,1,,49600
47734,11,,1,,49601
47735,11,,1,,49602
47736,11,,1,,49603
47737,11,,1,,49604
47738,11,,1,,49605
47739,11,,1,,49606
47740,11,,1,,49607
47741,11,,1,,49608
47742,11,,1,,49609
47743,11,,1,,49610
47744,11,,1,,49611
47745,11,,1,,49612
47746,11,,1,,49613
47747,11,,1,,49614
47748,11,,1,,49615
47749,11,,1,,49616
47750,11,,1,,49617
47751,11,,1,,49618
47752,11,,1,,49619
47753,11,,1,,49620
47754,11,,1,,49621
47755,11,,1,,49622
47756,11,,1,,49623
47757,11,,1,,49624
47758,11,,1,,49625
47759,11,,1,,49626
47760,11,,1,,49627
47761,11,,1,,49628
47762,11,,1,,49629
47763,11,,1,,49630
47764,11,,1,,49631
47765,11,,1,,49632
47766,11,,1,,49633
47767,11,,1,,49634
47768,11,,1,,49635
47769,11,,1,,49636
47770,11,,1,,49637
47771,11,,1,,49638
47772,11,,1,,49639
47773,11,,1,,49640
47774,11,,1,,49641
47775,11,,1,,49642
47776,11,,1,,49643
47777,11,,1,,49644
47778,11,,1,,49645
47779,11,,1,,49646
47780,11,,1,,49647
47781,11,,1,,49648
47782,11,,1,,49649
47783,11,,1,,49650
47784,11,,1,,49651
47785,11,,1,,49652
47786,11,,1,,49653
47787,11,,1,,49654
47788,11,,1,,49655
47789,11,,1,,49656
47790,11,,1,,49657
47791,11,,1,,49658
47792,11,,1,,49659
47793,11,,1,,49660
47794,11,,1,,49661
47795,11,,1,,49662
47796,11,,1,,49663
47797,11,,1,,49664
47798,11,,1,,49665
47799,11,,1,,49666
47800,11,,1,,49667
47801,11,,1,,49668
47802,11,,1,,49669
47803,11,,1,,49670
47804,11,,1,,49671
47805,11,,1,,49672
47806,11,,1,,49673
47807,11,,1,,49674
47808,11,,1,,49675
47809,11,,1,,49676
47810,11,,1,,49677
47811,11,,1,,49678
47812,11,,1,,49679
47813,11,,1,,49680
47814,11,,1,,49681
47815,11,,1,,49682
47816,11,,1,,49683
47817,11,,1,,49684
47818,11,,1,,49685
47819,11,,1,,49686
47820,11,,1,,49687
47821,11,,1,,49688
47822,11,,1,,49689
47823,11,,1,,49690
47824,11,,1,,49691
47825,11,,1,,49692
47826,11,,1,,49693
47827,11,,1,,49694
47828,11,,1,,49695
47829,11,,1,,49696
47830,11,,1,,49697
47831,11,,1,,49698
47832,11,,1,,49699
47833,11,,1,,49700
47834,11,,1,,49701
47835,11,,1,,49702
47836,11,,1,,49703
47837,11,,1,,49704
47838,11,,1,,49705
47839,11,,1,,49706
47840,11,,1,,49707
47841,11,,1,,49708
47842,11,,1,,49709
47843,11,,1,,49710
47844,11,,1,,49711
47845,11,,1,,49712
47846,11,,1,,49713
47847,11,,1,,49714
47848,11,,1,,49715
47849,11,,1,,49716
47850,11,,1,,49717
47851,11,,1,,49718
47852,11,,1,,49719
47853,11,,1,,49720
47854,11,,1,,49721
47855,11,,1,,49722
47856,11,,1,,49723
47857,11,,1,,49724
47858,11,,1,,49725
47859,11,,1,,49726
47860,11,,1,,49727
47861,11,,1,,49728
47862,11,,1,,49729
47863,11,,1,,49730
47864,11,,1,,49731
47865,11,,1,,49732
47866,11,,1,,49733
47867,11,,1,,49734
47868,11,,1,,49735
47869,11,,1,,49736
47870,11,,1,,49737
47871,11,,1,,49738
47872,11,,1,,49739
47873,11,,1,,49740
47874,11,,1,,49741
47875,11,,1,,49742
47876,11,,1,,49743
47877,11,,1,,49744
47878,11,,1,,49745
47879,11,,1,,49746
47880,11,,1,,49747
47881,11,,1,,49748
47882,11,,1,,49749
47883,11,,1,,49750
47884,11,,1,,49751
47885,11,,1,,49752
47886,11,,1,,49753
47887,11,,1,,49754
47888,11,,1,,49755
47889,11,,1,,49756
47890,11,,1,,49757
47891,11,,1,,49758
47892,11,,1,,49759
47893,11,,1,,49760
47894,11,,1,,49761
47895,11,,1,,49762
47896,11,,1,,49763
47897,11,,1,,49764
47898,11,,1,,49765
47899,11,,1,,49766
47900,11,,1,,49767
47901,11,,1,,49768
47902,11,,1,,49769
47903,11,,1,,49770
47904,11,,1,,49771
47905,11,,1,,49772
47906,11,,1,,49773
47907,11,,1,,49774
47908,11,,1,,49775
47909,11,,1,,49776
47910,11,,1,,49777
47911,11,,1,,49778
47912,11,,1,,49779
47913,11,,1,,49780
47914,11,,1,,49781
47915,11,,1,,49782
47916,11,,1,,49783
47917,11,,1,,49784
47918,11,,1,,49785
47919,11,,1,,49786
47920,11,,1,,49787
47921,11,,1,,49788
47922,11,,1,,49789
47923,11,,1,,49790
47924,11,,1,,49791
47925,11,,1,,49792
47926,11,,1,,49793
47927,11,,1,,49794
47928,11,,1,,49795
47929,11,,1,,49796
47930,11,,1,,49797
47931,11,,1,,32286
47932,39,1,1,,32287
47933,39,1,1,,32288
47934,39,1,1,,32289
47935,39,1,1,,32290
47936,39,1,1,,32291
47937,11,,1,,32292
47938,39,1,1,,32293
47939,39,1,1,,32294
47940,39,1,1,,32295
47941,39,1,1,,32296
47942,39,1,1,,32297
47943,39,1,2,,32298
47944,39,1,1,,32299
47945,39,1,1,,32300
47946,39,1,1,,32301
47947,39,1,1,,32302
47948,39,1,1,,32303
47949,11,,1,,32304
47950,39,1,1,,32305
47951,39,1,2,,32306
47952,39,1,2,,32307
47953,39,1,1,,32308
47954,39,1,1,,32309
47955,39,1,1,,32310
47956,39,1,1,,32311
47957,39,1,1,,32312
47958,39,1,1,,32313
47959,39,1,2,,32314
47960,39,1,2,,32315
47961,39,1,1,,32316
47962,39,1,1,,32317
47963,39,1,1,,32318
47964,39,1,1,,32319
47965,39,1,2,,32320
47966,39,1,2,,32321
47967,39,1,1,,32322
47968,39,1,2,,32323
47969,39,1,2,,32324
47970,39,1,1,,32325
47971,39,1,1,,32326
47972,39,1,1,,32327
47973,11,,1,,32328
47974,39,1,1,,32329
47975,39,1,1,,32330
47976,39,1,1,,32331
47977,39,1,1,,32332
47978,39,1,1,,32333
47979,11,,1,,32334
47980,69,,1,,32335
47981,69,,1,,32336
47982,69,,1,,32337
47983,39,1,1,,32338
47984,39,1,1,,32339
47985,39,1,1,,32340
47986,39,1,1,,32341
47987,39,1,1,,32342
47988,39,1,1,,32343
47989,39,1,1,,32344
47990,11,,1,,32345
47991,11,,1,,32346
47992,39,1,1,,32347
47993,39,1,1,,32348
47994,39,1,1,,32349
47995,39,1,2,,32350
47996,39,1,2,,32351
47997,39,1,2,,32352
47998,39,1,1,,32353
47999,39,1,1,,32354
48000,39,1,1,,32355
48001,39,1,1,,32356
48002,39,1,1,,32357
48003,39,1,1,,32358
48004,39,1,1,,32359
48005,39,1,1,,32360
48006,39,1,1,,32361
48007,39,1,1,,32362
48008,23,7,1,,32362
48009,39,1,3,,32363
48010,23,7,1,,32363
48011,39,1,2,,32364
48012,69,,1,,32365
48013,69,,1,,32366
48014,69,,1,,32367
48015,11,,1,,32368
48016,11,,1,,32369
48017,11,,1,,32370
48018,39,1,1,,32371
48019,11,,1,,32372
48020,11,,1,,32373
48021,39,1,1,,32374
48022,11,,1,,32375
48023,11,,1,,32376
48024,39,1,1,,32377
48025,11,,1,,32378
48026,11,,1,,32379
48027,39,3,1,,32380
48028,39,3,1,,32381
48029,39,3,1,,32382
48030,39,1,1,,32383
48031,11,,1,,32384
48032,11,,1,,32385
48033,11,,1,,32386
48034,11,,1,,32387
48035,11,,1,,32388
48036,39,3,2,,32389
48037,39,3,1,,32390
48038,39,3,1,,32391
48039,39,1,1,,32392
48040,23,7,1,,32392
48041,39,1,1,,32393
48042,23,7,1,,32393
48043,39,1,1,,32394
48044,23,7,1,,32394
48045,39,1,1,,32395
48046,39,1,1,,32396
48047,39,1,1,,32397
48048,39,1,1,,32398
48049,39,1,1,,32399
48050,11,,1,,32400
48051,39,3,1,,32401
48052,11,,1,,32402
48053,11,,1,,32403
48054,39,1,1,,32404
48055,39,1,1,,32405
48056,11,,1,,32406
48057,36,,1,,32407
48058,36,,1,,32408
48059,36,,1,,32409
48060,11,,1,,32410
48061,11,,1,,32411
48062,11,,1,,32412
48063,36,,1,,32413
48064,36,,1,,32414
48065,36,,1,,32415
48066,36,,1,,32416
48067,36,,1,,32417
48068,36,,1,,32418
48069,11,,1,,32419
48070,11,,1,,32420
48071,11,,1,,32421
48072,36,,1,,32422
48073,11,,1,,32423
48074,11,,1,,32424
48075,36,,1,,32425
48076,36,,1,,32426
48077,36,,1,,32427
48078,39,1,1,,32428
48079,39,1,1,,32429
48080,39,1,1,,32430
48081,36,,1,,32431
48082,36,,1,,32432
48083,36,,1,,32433
48084,11,,1,,32434
48085,11,,1,,32435
48086,11,,1,,32436
48087,11,,1,,32437
48088,36,,1,,32438
48089,36,,1,,32439
48090,36,,1,,32440
48091,36,,1,,32441
48092,36,,1,,32442
48093,39,2,1,,32443
48094,39,2,1,,32444
48095,39,2,1,,32445
48096,39,1,1,,32446
48097,11,,1,,32447
48098,11,,1,,32448
48099,39,1,1,,32449
48100,23,5,1,,32449
48101,39,1,1,,32450
48102,39,1,2,,32452
48103,39,1,2,,32453
48104,39,1,2,,32454
48105,39,1,1,,32455
48106,39,1,1,,32456
48107,39,1,1,,32457
48108,39,3,1,,32458
48109,39,3,1,,32459
48110,39,3,1,,32460
48111,39,3,1,,32461
48112,39,3,1,,32462
48113,11,,1,,32463
48114,39,1,1,,32464
48115,39,1,1,,32465
48116,39,1,1,,32466
48117,11,,1,,32467
48118,11,,1,,32468
48119,11,,1,,32469
48120,36,,1,,32470
48121,36,,1,,32471
48122,36,,1,,32472
48123,39,1,1,,32473
48124,23,7,1,,32473
48125,39,1,1,,32474
48126,23,7,1,,32474
48127,39,1,1,,32475
48128,23,7,1,,32475
48129,39,6,1,,32476
48130,39,6,1,,32477
48131,39,6,1,,32478
48132,39,1,1,,32479
48133,39,1,1,,32480
48134,11,,1,,32481
48135,69,,1,,32482
48136,69,,1,,32483
48137,11,,1,,32484
48138,69,,1,,32485
48139,69,,1,,32486
48140,11,,1,,32487
48141,39,1,2,,32488
48142,39,1,1,,32489
48143,11,,1,,32490
48144,39,3,2,,32491
48145,39,3,1,,32492
48146,11,,1,,32493
48147,39,1,2,,32494
48148,39,1,2,,32495
48149,39,1,2,,32496
48150,39,1,1,,32497
48151,11,,1,,32498
48152,11,,1,,32499
48153,39,1,1,,32500
48154,39,1,1,,32501
48155,39,1,1,,32502
48156,11,,1,,32503
48157,11,,1,,32504
48158,11,,1,,32505
48159,13,,1,,32506
48160,13,,1,,32507
48161,13,,1,,32508
48162,39,2,1,,32509
48163,39,2,1,,32510
48164,39,2,1,,32511
48165,11,,1,,32512
48166,11,,1,,32513
48167,11,,1,,32514
48168,39,2,1,ATV,32515
48169,11,,1,,32516
48170,11,,1,,32517
48171,11,,1,,32518
48172,11,,1,,32519
48173,11,,1,,32520
48174,11,,1,,32521
48175,11,,1,,32522
48176,11,,1,,32523
48177,39,1,1,,32524
48178,39,1,1,,32525
48179,11,,1,,32526
48180,39,3,1,,32527
48181,23,5,1,,32527
48182,39,3,1,,32528
48183,23,5,1,,32528
48184,11,,1,,32529
48185,39,2,1,,32530
48186,39,2,1,,32531
48187,11,,1,,32532
48188,39,1,1,,32533
48189,39,1,2,,32534
48190,39,1,2,,32535
48191,39,1,1,,32536
48192,39,1,1,,32537
48193,11,,1,,32538
48194,11,,1,,32539
48195,39,1,1,,32540
48196,11,,1,,32541
48197,11,,1,,32542
48198,39,1,1,,32543
48199,39,1,1,,32544
48200,11,,1,,32545
48201,39,1,1,,32546
48202,39,1,1,,32547
48203,11,,1,,32548
48204,39,1,1,,32549
48205,39,1,1,,32550
48206,11,,1,,32551
48207,39,1,1,,32552
48208,23,7,1,,32552
48209,39,1,1,,32553
48211,23,7,1,,32553
48212,39,1,1,,32554
48213,23,7,1,,32554
48214,39,1,1,,32555
48215,39,1,1,,32556
48216,39,1,1,,32557
48217,39,1,2,,32558
48218,39,1,2,,32559
48219,39,1,2,,32560
48220,39,1,1,,32561
48221,39,1,2,,32562
48222,39,1,1,,32563
48223,11,,1,,32564
48224,11,,1,,32565
48225,11,,1,,32566
48226,11,,1,,32567
48227,11,,1,,32568
48228,11,,1,,32569
48229,39,1,1,,32570
48230,39,1,1,,32571
48231,39,1,1,,32572
48232,39,1,1,,32573
48233,39,1,1,,32574
48234,39,1,1,,32575
48235,39,1,1,,32576
48236,39,1,1,,32577
48237,39,1,1,,32578
48238,39,1,1,,32579
48239,39,1,1,,32580
48240,39,1,1,,32581
48241,39,1,1,,32582
48242,39,1,1,,32583
48243,11,,1,,32584
48244,39,3,1,,32585
48245,39,3,1,,32586
48246,11,,1,,32587
48247,39,3,2,,32588
48248,39,3,2,,32589
48249,39,3,1,,32590
48250,39,3,2,,32591
48251,39,3,1,,32592
48252,11,,1,,32593
48253,39,3,1,,32594
48254,39,3,1,,32595
48255,39,3,1,,32596
48256,39,3,1,,32597
48257,39,3,1,,32598
48258,11,,1,,32599
48259,39,3,1,,32600
48260,39,3,1,,32601
48261,39,3,1,,32602
48262,11,,1,,32603
48263,23,5,1,,32604
48264,11,,1,,32605
48265,13,,1,,32606
48266,13,,1,,32607
48267,13,,1,,32608
48268,36,,1,,32609
48269,36,,1,,32610
48270,36,,1,,32611
48271,11,,1,,32612
48272,11,,1,,32613
48273,11,,1,,32614
48274,36,,1,,32615
48275,36,,1,,32616
48276,36,,1,,32617
48277,36,,1,,32618
48278,36,,1,,32619
48279,36,,1,,32620
48280,36,,1,,32621
48281,36,,1,,32622
48282,36,,1,,32623
48283,36,,1,,32624
48284,36,,1,,32625
48285,36,,1,,32626
48286,11,,1,,32627
48287,11,,1,,32628
48288,11,,1,,32629
48289,11,,1,,32630
48290,11,,1,,32631
48291,11,,1,,32632
48292,36,,1,,32633
48293,36,,1,,32634
48294,36,,1,,32635
48295,36,,1,,32636
48296,36,,1,,32637
48297,36,,1,,32638
48298,36,,1,,32639
48299,36,,1,,32640
48300,36,,1,,32641
48301,11,,1,,32642
48302,11,,1,,32643
48303,11,,1,,32644
48304,39,2,1,,32645
48305,39,2,1,,32646
48306,39,2,1,,32647
48307,39,3,2,,32648
48308,39,3,1,,32649
48309,69,,1,,32650
48310,69,,1,,32651
48311,69,,1,,32652
48312,11,,1,,32653
48313,11,,1,,32654
48314,11,,1,,32655
48315,69,,1,,32656
48316,69,,1,,32657
48317,69,,1,,32658
48318,39,1,1,,32659
48319,39,1,1,,32660
48320,39,1,1,,32661
48321,69,,1,,32662
48322,69,,1,,32663
48323,11,,1,,32664
48324,69,,1,,32665
48325,11,,1,,32666
48326,11,,1,,32667
48327,11,,1,,32668
48328,11,,1,,32669
48329,11,,1,,32670
48330,39,2,1,,32671
48331,39,2,1,,32672
48332,39,2,1,,32673
48333,11,,1,,32674
48334,11,,1,,32675
48335,11,,1,,32676
48336,11,,1,,32677
48337,39,2,1,ATV,32678
48338,11,,1,,32679
48339,11,,1,,32680
48340,39,2,1,ATV,32681
48341,11,,1,,32682
48342,11,,1,,32683
48343,22,,1,,32684
48344,22,,1,,32685
48345,22,,1,,32686
48346,36,,1,,32687
48347,36,,1,,32688
48348,36,,1,,32689
48349,22,,1,,32690
48350,22,,1,,32691
48351,22,,1,,32692
48352,22,,1,,32693
48353,22,,1,,32694
48354,22,,1,,32695
48355,36,,1,,32696
48356,36,,1,,32697
48357,36,,1,,32698
48358,11,,1,,32699
48359,11,,1,,32700
48360,11,,1,,32701
48361,36,,1,,32702
48362,36,,1,,32703
48363,36,,1,,32704
48364,22,,1,,32705
48365,22,,1,,32706
48366,22,,1,,32707
48367,39,1,1,,32708
48368,39,1,1,,32709
48369,11,,1,,32710
48370,11,,1,,32711
48371,11,,1,,32712
48372,11,,1,,32713
48373,39,1,1,,32714
48374,39,1,1,,32715
48375,39,1,1,,32716
48376,39,3,1,,32717
48377,39,3,1,,32718
48378,39,3,1,,32719
48379,39,3,1,,32720
48380,39,3,1,,32721
48381,11,,1,,32722
48382,39,3,1,,32723
48383,39,3,1,,32724
48384,11,,1,,32725
48385,39,1,1,,32726
48386,39,1,1,,32727
48387,39,1,1,,32728
48388,11,,1,,32729
48389,11,,1,,32730
48390,11,,1,,32731
48391,39,1,1,,32732
48392,39,1,1,,32733
48393,39,1,1,,32734
48394,39,1,1,,32735
48395,39,1,2,,32736
48396,39,1,2,,32737
48397,39,6,1,,32738
48398,39,6,1,,32739
48399,39,6,1,,32740
48400,11,,1,,32741
48401,11,,1,,32742
48402,11,,1,,32743
48403,39,1,1,,32744
48404,39,1,1,,32745
48405,11,,1,,32746
48406,39,1,1,,32747
48407,23,7,1,,32747
48408,39,1,1,,32748
48409,11,,1,,32749
48410,39,1,1,,32750
48411,11,,1,,32751
48412,11,,1,,32752
48413,39,1,1,,32753
48414,39,1,1,,32754
48415,39,1,1,,32755
48416,39,3,1,,32756
48417,39,3,1,,32757
48418,11,,1,,32758
48419,39,3,1,,32759
48420,39,3,1,,32760
48421,39,3,1,,32761
48422,39,3,1,,32762
48423,11,,1,,32763
48424,11,,1,,32764
48425,39,1,1,,32765
48426,39,1,2,,32766
48427,39,1,2,,32767
48428,39,1,1,,32768
48429,39,1,1,,32769
48430,39,1,1,,32770
48431,39,1,2,,32771
48432,39,1,2,,32772
48433,39,1,2,,32773
48434,39,3,1,,32774
48435,39,3,1,,32775
48436,39,3,1,,32776
48437,39,1,1,,32777
48438,11,,1,,32778
48439,11,,1,,32779
48440,39,3,1,,32780
48441,39,3,1,,32781
48442,39,3,1,,32782
48443,39,1,1,,32783
48444,39,1,1,,32784
48445,11,,1,,32785
48446,39,1,1,,32786
48447,23,7,1,,32786
48448,39,1,1,,32787
48449,23,7,1,,32787
48450,39,1,1,,32788
48451,23,7,1,,32788
48452,41,,1,,32789
48453,41,,1,,32790
48454,11,,1,,32791
48455,39,1,1,,32792
48456,39,1,1,,32793
48457,39,1,1,,32794
48458,39,1,1,,32795
48459,39,1,1,,32796
48460,39,1,1,,32797
48461,11,,1,,32798
48462,11,,1,,32799
48463,11,,1,,32800
48464,39,1,1,,32801
48465,39,1,1,,32802
48466,39,1,1,,32803
48467,39,1,1,,32804
48468,39,1,1,,32805
48469,23,7,1,,32805
48470,39,1,1,,32806
48471,23,7,1,,32806
48472,39,1,1,,32807
48473,36,,3,,32808
48474,36,,3,,32809
48475,36,,3,,32810
48476,11,,1,,32811
48477,11,,1,,32812
48478,11,,1,,32813
48479,36,,1,,32814
48480,36,,1,,32815
48481,36,,1,,32816
48482,39,3,1,,32817
48483,39,3,1,,32818
48484,11,,1,,32819
48485,36,,1,,32820
48486,36,,1,,32821
48487,36,,1,,32822
48488,36,,1,,32823
48489,11,,1,,32824
48490,11,,1,,32825
48491,22,,1,,32826
48492,22,,1,,32827
48493,11,,1,,32828
48494,36,,1,,32829
48495,36,,1,,32830
48496,36,,1,,32831
48497,11,,1,,32832
48498,11,,1,,32833
48499,11,,1,,32834
48500,36,,1,,32835
48501,36,,1,,32836
48502,36,,1,,32837
48503,39,1,1,,32838
48504,39,1,1,,32839
48505,11,,1,,32840
48506,39,1,1,,32841
48507,23,5,1,,32841
48508,39,1,1,,32842
48509,23,5,1,,32842
48510,39,1,1,,32843
48511,23,5,1,,32843
48512,11,,1,,32844
48513,11,,1,,32845
48514,11,,1,,32846
48515,39,3,2,,32847
48516,39,3,2,,32848
48517,11,,1,,32849
48518,11,,1,,32850
48519,11,,1,,32851
48520,11,,1,,32852
48521,39,1,1,,32853
48522,39,1,1,,32854
48523,11,,1,,32855
48524,11,,1,,32856
48525,11,,1,,32857
48526,11,,1,,32858
48527,13,,1,,32859
48528,13,,1,,32860
48529,13,,1,,32861
48530,39,1,1,,32862
48531,39,1,2,,32863
48532,39,1,2,,32864
48533,39,1,1,,32865
48534,39,1,1,,32866
48535,39,1,1,,32867
48536,23,5,1,,32867
48537,39,1,1,,32868
48538,23,5,1,,32868
48539,39,1,1,,32869
48540,39,1,1,,32870
48541,39,1,1,,32871
48542,39,1,2,,32872
48543,39,1,2,,32873
48544,39,1,2,,32874
48545,39,1,2,,32875
48546,39,1,1,,32876
48547,39,1,2,,32877
48548,39,1,1,,32878
48549,11,,1,,32879
48550,11,,1,,32880
48551,11,,1,,32881
48552,11,,1,,32882
48553,39,3,2,,32883
48554,39,3,2,,32884
48555,39,3,2,,32885
48556,36,,1,,32886
48557,36,,1,,32887
48558,11,,1,,32888
48559,39,3,1,,32889
48560,11,,1,,32890
48561,11,,1,,32891
48562,39,1,1,,32892
48563,39,1,1,,32893
48564,39,1,1,,32894
48565,39,1,1,,32895
48566,11,,1,,32896
48567,11,,1,,32897
48568,39,1,1,,32898
48569,39,1,2,,32899
48570,39,1,2,,32900
48571,39,1,1,,32901
48572,39,1,1,,32902
48573,39,1,1,,32903
48574,22,,1,,32904
48575,22,,1,,32905
48576,11,,1,,32906
48577,11,,1,,32907
48578,36,,1,,32908
48579,36,,1,,32909
48580,11,,1,,32910
48581,11,,1,,32911
48582,11,,1,,32912
48583,36,,1,,32913
48584,36,,1,,32914
48585,36,,1,,32915
48586,36,,1,,32916
48587,36,,1,,32917
48588,11,,1,,32918
48589,39,1,1,,32919
48590,23,7,1,,32919
48591,39,1,1,,32920
48592,23,7,1,,32920
48593,39,1,1,,32921
48594,23,7,1,,32921
48595,39,1,2,,32922
48596,39,1,2,,32923
48597,11,,1,,32924
48598,11,,1,,32925
48599,11,,1,,32926
48600,11,,1,,32927
48601,39,3,1,,32928
48602,11,,1,,32929
48603,11,,1,,32930
48604,39,3,1,,32931
48605,39,3,1,,32932
48606,39,3,1,,32933
48607,39,1,1,,32934
48608,39,1,1,,32935
48609,39,1,1,,32936
48610,43,,1,,32937
48611,43,,1,,32938
48612,11,,1,,32939
48613,39,1,2,,32940
48614,39,1,1,,32941
48615,39,1,1,,32942
48616,39,3,1,,32943
48617,39,3,1,,32944
48618,39,3,1,,32945
48619,11,,1,,32946
48620,11,,1,,32947
48621,11,,1,,32948
48622,39,3,1,,32949
48623,39,3,1,,32950
48624,39,3,1,,32951
48625,39,1,1,,32952
48626,39,1,1,,32953
48627,11,,1,,32954
48628,11,,1,,32955
48629,11,,1,,32956
48630,36,,1,,32957
48631,11,,1,,32958
48632,11,,1,,32959
48633,11,,1,,32960
48634,11,,1,,32961
48635,11,,1,,32962
48636,11,,1,,32963
48637,11,,1,,32964
48638,36,,1,,32965
48639,36,,1,,32966
48640,36,,1,,32967
48641,36,,1,,32968
48642,36,,1,,32969
48643,11,,1,,32970
48644,11,,1,,32971
48645,11,,1,,32972
48646,36,,1,,32973
48647,36,,1,,32974
48648,36,,1,,32975
48649,59,,2,,32976
48650,59,,2,,32977
48651,59,,2,,32978
48652,59,,2,,32979
48653,59,,2,,32980
48654,59,,2,,32981
48655,39,1,1,,32982
48656,11,,1,,32983
48657,11,,1,,32984
48658,39,48,1,,32985
48659,39,48,1,,32986
48660,39,48,1,,32987
48661,39,48,1,,32988
48662,39,48,1,,32989
48663,11,,1,,32990
48664,39,1,1,,32991
48665,39,1,1,,32992
48666,39,1,1,,32993
48667,39,48,1,,32994
48668,39,48,1,,32995
48669,11,,1,,32996
48670,39,48,2,,32997
48671,39,48,1,,32998
48672,11,,1,,32999
48673,39,1,1,,33000
48674,39,1,1,,33001
48675,11,,1,,33002
48676,39,1,1,,33003
48678,23,7,1,,33003
48679,39,1,1,,33004
48680,11,,1,,33005
48681,11,,1,,33006
48682,11,,1,,33007
48683,11,,1,,33008
48684,11,,1,,33009
48685,11,,1,,33010
48686,11,,1,,33011
48687,43,,1,,33012
48688,43,,1,,33013
48689,11,,1,,33014
48690,22,,1,,33015
48691,22,,1,,33016
48692,22,,1,,33017
48693,11,,1,,33018
48694,11,,1,,33019
48695,11,,1,,33020
48696,11,,1,,33021
48697,11,,1,,33022
48698,11,,1,,33023
48699,39,1,1,,33024
48700,11,,1,,33025
48701,11,,1,,33026
48702,39,3,1,,33027
48703,39,3,1,,33028
48704,11,,1,,33029
48705,39,1,1,,33030
48706,11,,1,,33031
48707,11,,1,,33032
48708,11,,1,,33033
48709,11,,1,,33034
48710,63,,1,,33035
48711,63,,1,,33036
48712,63,,1,,33037
48713,63,,1,,33038
48714,63,,1,,33039
48715,63,,1,,33040
48716,63,,1,,33041
48717,63,,2,,33042
48718,63,,2,,33043
48719,63,,2,,33044
48720,63,,2,,33045
48721,63,,2,,33046
48722,63,,2,,33047
48723,11,,1,,33048
48724,11,,1,,33049
48725,11,,1,,33050
48726,63,,1,,33051
48727,63,,1,,33052
48728,63,,1,,33053
48729,63,,1,,33054
48730,63,,2,,33055
48731,63,,2,,33056
48732,63,,2,,33057
48733,63,,2,,33058
48734,63,,1,,33059
48735,63,,2,,33060
48736,63,,1,,33061
48737,63,,1,,33062
48738,63,,1,,33063
48739,11,,1,,33064
48740,11,,1,,33065
48741,11,,1,,33066
48742,39,3,1,,33067
48743,39,3,1,,33068
48744,11,,1,,33069
48745,11,,1,,33070
48746,11,,1,,33071
48747,39,1,1,,33072
48748,39,1,1,,33073
48749,39,1,1,,33074
48750,11,,1,,33075
48751,39,1,1,,33076
48752,39,1,1,,33077
48753,11,,1,,33078
48754,39,1,1,,33079
48755,39,1,1,,33080
48756,39,1,1,,33081
48757,39,1,2,,33082
48758,39,1,2,,33083
48759,39,1,2,,33084
48760,39,3,1,,33085
48761,39,3,1,,33086
48762,39,1,1,,33087
48763,39,1,1,,33088
48764,39,1,1,,33089
48765,39,1,1,,33090
48766,63,,1,,33091
48767,63,,1,,33092
48768,63,,1,,33093
48769,63,,1,,33094
48770,63,,1,,33095
48771,63,,1,,33096
48772,63,,1,,33097
48773,63,,1,,33098
48774,63,,1,,33099
48775,63,,1,,33100
48776,63,,2,,33101
48777,63,,2,,33102
48778,63,,2,,33103
48779,63,,2,,33104
48780,63,,2,,33105
48781,63,,1,,33106
48782,63,,1,,33107
48783,63,,1,,33108
48784,63,,1,,33109
48785,63,,1,,33110
48786,63,,1,,33111
48787,63,,2,,33112
48788,63,,2,,33113
48789,63,,3,,33114
48790,63,,3,,33115
48791,63,,3,,33116
48792,63,,3,,33117
48793,63,,2,,33118
48794,63,,2,,33119
48795,63,,2,,33120
48796,63,,1,,33121
48797,63,,1,,33122
48798,63,,1,,33123
48799,39,3,1,,33124
48800,11,,1,,33125
48801,39,3,1,,33126
48802,39,1,1,,33127
48803,11,,1,,33128
48804,11,,1,,33129
48805,39,3,1,,33130
48806,11,,1,,33131
48807,11,,1,,33132
48808,39,3,1,,33133
48809,39,3,1,,33134
48810,11,,1,,33135
48811,39,4,1,,33136
48812,66,,1,,33136
48813,11,,1,,33137
48814,11,,1,,33138
48815,39,3,1,,33139
48816,39,3,1,,33140
48817,11,,1,,33141
48818,39,1,1,,33142
48819,39,1,1,,33143
48820,39,1,2,,33144
48821,39,1,1,,33145
48822,39,1,1,,33146
48823,11,,1,,33147
48824,11,,1,,33148
48825,11,,1,,33149
48826,11,,1,,33150
48827,39,1,2,,33151
48828,39,1,2,,33152
48829,39,1,,,33153
48830,23,7,1,,33153
48831,11,,1,,33154
48832,11,,1,,33155
48833,11,,1,,33156
48834,63,,1,,33157
48835,63,,1,,33158
48836,63,,1,,33159
48837,63,,1,,33160
48838,63,,1,,33161
48839,63,,1,,33162
48840,11,,1,,33163
48841,11,,1,,33164
48842,11,,1,,33165
48843,11,,1,,33166
48844,11,,1,,33167
48845,11,,1,,33168
48846,63,,1,,33169
48847,63,,1,,33170
48848,63,,1,,33171
48849,11,,1,,33172
48850,11,,1,,33173
48851,11,,1,,33174
48852,11,,1,,33175
48853,63,,1,,33177
48854,63,,1,,33178
48855,63,,1,,33179
48856,63,,1,,33180
48857,63,,1,,33181
48858,63,,1,,33182
48859,63,,1,,33183
48860,63,,1,,33184
48861,63,,1,,33185
48862,63,,1,,33186
48863,63,,1,,33187
48864,63,,1,,33188
48865,63,,1,,33189
48866,63,,1,,33190
48867,63,,1,,33191
48868,63,,1,,33192
48869,11,,1,,33193
48870,11,,1,,33194
48871,11,,1,,33195
48872,11,,1,,33196
48873,63,,1,,33197
48874,63,,1,,33198
48875,63,,1,,33199
48876,63,,1,,33200
48877,63,,1,,33201
48878,63,,1,,33202
48879,63,,1,,33203
48880,63,,1,,33204
48881,39,3,1,,33205
48882,11,,1,,33206
48883,11,,1,,33207
48884,39,1,1,,33208
48885,11,,1,,33209
48886,11,,1,,33210
48887,39,1,1,,33211
48888,11,,1,,33212
48889,11,,1,,33213
48890,39,1,1,,33214
48891,39,1,1,,33215
48892,39,1,1,,33216
48893,39,3,2,,33217
48894,39,1,1,,33218
48895,39,1,1,,33219
48896,63,,1,,33220
48897,63,,1,,33221
48898,63,,1,,33222
48899,63,,1,,33223
48900,11,,1,,33224
48901,11,,1,,33225
48902,39,1,1,,33226
48903,11,,1,,33227
48904,11,,1,,33228
48905,43,,1,,33229
48906,43,,1,,33230
48907,43,,1,,33231
48908,39,1,1,,33232
48909,39,1,2,,33233
48910,39,1,2,,33234
48911,39,1,2,,33235
48912,39,1,3,,33236
48913,39,1,3,,33237
48914,39,2,1,,33238
48915,39,2,1,,33239
48916,39,2,1,,33240
48917,39,1,1,,33241
48918,39,1,1,,33242
48919,23,5,1,,33242
48920,39,1,1,,33243
48921,23,5,1,,33243
48922,39,2,1,,33244
48923,39,2,1,,33245
48924,39,2,1,,33246
48925,11,,1,,33247
48926,11,,1,,33248
48927,11,,1,,33249
48928,39,3,1,,33250
48929,39,3,2,,33251
48930,39,3,2,,33252
48931,39,3,1,,33253
48932,11,,1,,33254
48933,11,,1,,33255
48934,39,3,1,,33256
48935,39,3,1,,33257
48936,39,3,1,,33258
48937,39,1,2,,33259
48938,23,7,1,,33259
48939,39,1,2,,33260
48940,23,7,1,,33260
48941,11,,1,,33261
48942,39,3,1,,33262
48943,39,3,1,,33263
48944,39,3,1,,33264
48945,39,3,1,,33265
48946,39,3,1,,33266
48947,39,3,1,,33267
48948,55,,1,,33268
48949,11,,1,,33269
48950,11,,1,,33270
48951,39,3,1,,33271
48952,11,,1,,33272
48953,11,,1,,33273
48954,39,1,1,,33274
48955,39,1,1,,33275
48956,39,1,1,,33276
48957,39,1,2,,33277
48958,39,1,2,,33278
48959,11,,1,,33279
48960,39,1,1,,33280
48961,39,1,1,,33281
48962,11,,1,,33282
48963,39,1,1,,33283
48964,39,1,1,,33284
48965,11,,1,,33285
48966,39,1,1,,33286
48967,11,,1,,33287
48968,11,,1,,33288
48969,39,3,1,,33289
48970,39,3,1,,33290
48971,11,,1,,33291
48972,39,1,2,,33292
48973,39,1,2,,33293
48974,39,1,2,,33294
48975,23,5,2,,33294
48976,39,3,1,,33295
48977,11,,1,,33296
48978,11,,1,,33297
48979,11,,1,,33298
48980,11,,1,,33299
48981,11,,1,,33300
48982,55,,1,,33301
48983,11,,1,,33302
48984,11,,1,,33303
48985,22,,1,,33304
48986,11,,1,,33305
48987,11,,1,,33306
48988,11,,1,,33307
48989,11,,1,,33308
48990,11,,1,,33309
48991,39,1,2,,33310
48992,39,1,1,,33311
48993,39,1,1,,33312
48994,39,1,1,,33313
48995,11,,1,,33314
48996,11,,1,,33315
48997,11,,1,,33316
48998,11,,1,,33317
48999,11,,1,,33318
49000,11,,1,,33319
49001,11,,1,,33320
49002,11,,1,,33321
49003,11,,1,,33322
49004,11,,1,,33323
49005,11,,1,,33324
49006,11,,1,,33325
49007,11,,1,,33326
49008,11,,1,,33327
49009,11,,1,,33328
49010,11,,1,,33329
49011,11,,1,,33330
49012,11,,1,,33331
49013,11,,1,,33332
49014,11,,1,,33333
49015,11,,1,,33334
49016,11,,1,,33335
49017,11,,1,,33336
49018,11,,1,,33337
49019,11,,1,,33338
49020,11,,1,,33339
49021,11,,1,,33340
49022,11,,1,,33341
49023,11,,1,,33342
49024,11,,1,,33343
49025,11,,1,,33344
49026,11,,1,,33345
49027,11,,1,,33346
49028,11,,1,,33347
49029,11,,1,,33348
49030,11,,1,,33349
49031,11,,1,,33350
49032,11,,1,,33351
49033,11,,1,,33352
49034,11,,1,,33353
49035,11,,1,,33354
49036,39,1,1,,33355
49037,39,1,1,,33356
49038,11,,1,,33357
49039,39,1,1,,33358
49040,39,1,1,,33359
49041,11,,1,,33360
49042,11,,1,,33361
49043,11,,1,,33362
49044,11,,1,,33363
49045,39,1,1,,33364
49046,11,,1,,33365
49047,11,,1,,33366
49048,39,3,1,,33367
49049,39,1,1,,33368
49050,11,,1,,33369
49051,39,1,1,,33370
49052,11,,1,,33371
49053,11,,1,,33372
49054,39,3,1,,33373
49055,11,,1,,33374
49056,11,,1,,33375
49057,39,1,1,,33376
49058,11,,1,,33377
49059,11,,1,,33378
49060,39,1,1,,33379
49061,11,,1,,33380
49062,11,,1,,33381
49063,39,1,1,,33382
49064,23,7,1,,33382
49065,39,1,1,,33383
49066,11,,1,,33384
49067,39,1,1,,33385
49068,11,,1,,33386
49069,11,,1,,33387
49070,13,,1,,33388
49071,13,,1,,33389
49072,13,,1,,33390
49073,36,,1,,33391
49074,36,,1,,33392
49075,36,,1,,33393
49076,11,,1,,33394
49077,11,,1,,33395
49078,11,,1,,33396
49079,36,,2,,33397
49080,36,,2,,33398
49081,36,,2,,33399
49082,36,,1,,33400
49083,36,,1,,33401
49084,36,,1,,33402
49085,23,,1,,33403
49086,39,1,1,,33404
49087,39,1,1,,33405
49088,39,1,1,,33406
49089,11,,1,,33407
49090,11,,1,,33408
49091,39,1,1,,33409
49092,39,1,1,,33410
49093,39,1,1,,33411
49094,11,,1,,33412
49095,11,,1,,33413
49096,11,,1,,33414
49097,39,1,1,,33415
49098,39,1,1,,33416
49099,39,1,1,,33417
49100,39,1,2,,33418
49101,39,1,2,,33419
49102,39,1,2,,33420
49103,11,,1,,33421
49104,11,,1,,33422
49105,11,,1,,33423
49106,66,,1,,33424
49107,39,4,1,,33425
49108,66,,1,,33425
49109,39,1,1,,33426
49110,66,,1,,33426
49111,36,,1,,33427
49112,36,,1,,33428
49113,36,,1,,33429
49114,36,,1,,33430
49115,36,,1,,33431
49116,36,,1,,33432
49117,11,,1,,33433
49118,11,,1,,33434
49119,11,,1,,33435
49120,39,1,1,,33436
49121,23,5,1,,33436
49122,23,7,1,,33437
49123,11,,1,,33438
49124,11,,1,,33439
49125,11,,1,,33440
49126,11,,1,,33441
49127,39,3,1,,33442
49128,39,3,1,,33443
49129,11,,1,,33444
49130,39,4,1,,33445
49131,66,,2,,33445
49132,39,4,2,,33446
49133,66,,2,,33446
49134,39,4,2,,33447
49135,66,,2,,33447
49136,39,1,2,,33448
49137,39,1,2,,33449
49138,39,1,1,,33450
49139,39,1,1,,33451
49140,39,1,1,,33452
49141,39,1,1,,33453
49142,39,3,1,,33454
49143,11,,1,,33455
49144,11,,1,,33456
49145,41,,1,,33457
49146,41,,1,,33458
49147,41,,1,,33459
49148,39,2,1,,33460
49149,39,2,1,,33461
49150,39,2,1,,33462
49151,39,2,1,,33463
49152,11,,1,,33464
49153,11,,1,,33465
49154,59,,1,,33466
49155,59,,1,,33467
49156,59,,1,,33468
49157,59,,4,,33469
49158,59,,3,,33470
49159,59,,3,,33471
49160,59,,4,,33472
49161,59,,4,,33473
49162,59,,4,,33474
49163,59,,3,,33475
49164,59,,3,,33476
49165,59,,3,,33477
49166,59,,1,,33478
49167,59,,1,,33479
49168,59,,1,,33480
49169,59,,1,,33481
49170,59,,1,,33482
49171,59,,1,,33483
49172,11,,1,,33484
49173,11,,1,,33485
49174,11,,1,,33486
49175,36,,1,,33487
49176,36,,1,,33488
49177,36,,1,,33489
49178,36,,1,,33490
49179,36,,1,,33491
49180,36,,1,,33492
49181,36,,1,,33493
49182,36,,1,,33494
49183,36,,1,,33495
49184,36,,1,,33496
49185,36,,1,,33497
49186,36,,1,,33498
49187,36,,1,,33499
49188,36,,1,,33500
49189,36,,1,,33501
49190,36,,1,,33502
49191,36,,1,,33503
49192,36,,1,,33504
49193,36,,1,,33505
49194,36,,1,,33506
49195,36,,1,,33507
49196,36,,1,,33508
49197,36,,1,,33509
49198,36,,1,,33510
49199,23,5,1,,33511
49200,11,,1,,33512
49201,11,,1,,33513
49202,36,,1,,33514
49203,36,,1,,33515
49204,36,,1,,33516
49205,39,3,2,,33517
49206,39,3,2,,33518
49207,11,,1,,33519
49208,69,,1,,33520
49209,69,,1,,33521
49210,69,,1,,33522
49211,69,,1,,33523
49212,11,,1,,33524
49213,11,,1,,33525
49214,11,,1,,33526
49215,11,,1,,33527
49216,11,,1,,33528
49217,36,,1,,33529
49218,36,,1,,33530
49219,36,,1,,33531
49220,36,,1,,33532
49221,36,,1,,33533
49222,36,,1,,33534
49223,11,,1,,33535
49224,11,,1,,33536
49225,11,,1,,33537
49226,39,1,2,,33538
49227,39,1,2,,33539
49228,39,1,2,,33540
49229,11,,1,,32451
49230,11,,1,,33176
49231,11,,1,,49798
49232,11,,1,,49799
49233,11,,1,,49800
49234,36,,1,,49801
49235,36,,1,,49802
49236,36,,1,,49803
49237,36,,1,,49804
49238,36,,1,,49805
49239,36,,1,,49806
49240,36,,1,,49807
49241,36,,1,,49808
49242,36,,1,,49809
49243,36,,2,,49810
49244,36,,1,,49811
49245,36,,1,,49812
49246,41,,1,,49813
49247,11,,1,,49814
49248,39,6,1,,49815
49249,11,,1,,49816
49250,11,,1,,49817
49251,39,6,1,,49818
49252,39,6,1,,49819
49253,39,1,1,,29237
49254,23,7,1,,29237
49255,39,1,2,,29238
49256,39,1,1,,29239
49257,39,1,2,,29240
49258,39,3,1,,29241
49259,39,1,1,,29242
49260,39,1,2,,29243
49261,23,5,1,,29244
49262,39,1,2,,29245
49263,39,3,1,,29246
49264,11,,1,,29247
49265,11,,1,,29248
49266,11,,1,,29249
49267,11,,1,,29250
49268,23,5,1,,29251
49269,39,1,1,,29252
49270,23,5,1,,29252
49271,11,,1,,29253
49272,11,,1,,29254
49273,11,,1,,29255
49274,11,,1,,29256
49275,11,,1,,29257
49276,11,,1,,29258
49277,11,,1,,29259
49278,11,,1,,29260
49279,11,,1,,29261
49280,11,,1,,29262
49281,11,,1,,29263
49282,11,,1,,29264
49283,11,,1,,29265
49284,11,,1,,29266
49285,11,,1,,29267
49286,11,,1,,29268
49287,11,,1,,29269
49288,11,,1,,29270
49289,11,,1,,29271
49290,11,,1,,29272
49291,11,,1,,29273
49292,11,,1,,29274
49293,11,,1,,29275
49294,11,,1,,29276
49295,39,1,1,,29277
49296,55,,1,,29278
49297,11,,1,,29279
49298,22,,1,,29280
49299,39,1,1,,29281
49300,11,,1,,29282
49301,11,,1,,29283
49302,11,,1,,29284
49303,39,1,1,,29285
49304,23,5,1,,29285
49305,39,1,1,,29286
49306,39,1,1,,29287
49307,39,1,1,,29288
49308,11,,1,,29289
49309,11,,1,,29290
49310,11,,1,,29291
49311,11,,1,,29292
49312,11,,1,,29293
49313,11,,1,,29294
49314,11,,1,,29295
49315,11,,1,,29296
49316,11,,1,,29297
49317,11,,1,,29298
49318,11,,1,,29299
49319,11,,1,,29300
49320,11,,1,,29301
49321,11,,1,,29302
49322,11,,1,,29303
49323,11,,1,,29304
49324,11,,1,,29305
49325,11,,1,,29306
49326,11,,1,,29307
49327,11,,1,,29308
49328,11,,1,,29309
49329,11,,1,,29310
49330,11,,1,,29311
49331,11,,1,,29312
49332,11,,1,,29313
49333,11,,1,,29314
49334,11,,1,,29315
49335,11,,1,,29316
49336,11,,1,,29317
49337,11,,1,,29318
49338,11,,1,,29319
49339,11,,1,,29320
49340,11,,1,,29321
49341,11,,1,,29322
49342,39,1,1,,29323
49343,11,,1,,29324
49344,11,,1,,29325
49345,39,1,1,,29326
49346,23,5,1,,29326
49347,11,,1,,29327
49348,39,1,1,,29328
49349,11,,1,,29329
49350,11,,1,,29330
49351,69,,1,,29331
49352,69,,1,,29332
49353,39,1,1,,29333
49354,39,1,1,,29334
49355,39,1,1,,29335
49356,39,3,1,,29336
49357,23,5,1,,29337
49358,22,,1,,29338
49359,39,1,1,,29339
49360,39,1,1,,29340
49361,22,,2,,29341
49362,23,5,1,,29342
49363,39,1,2,,29343
49364,39,1,1,,29344
49365,11,,1,,29345
49366,39,1,1,,29346
49367,39,1,1,,29347
49368,23,7,1,,29347
49369,39,2,2,,29348
49370,69,,1,,29349
49371,69,,1,,29350
49372,39,1,1,,29351
49373,23,7,1,,29351
49374,39,1,1,,29352
49375,39,1,1,,29353
49376,39,1,1,,29354
49377,39,1,1,,29355
49378,39,1,2,,29356
49379,39,4,2,,29357
49380,66,,2,,29357
49381,39,4,2,,29358
49382,66,,2,,29358
49383,39,1,1,,29359
49384,39,1,1,,29360
49385,11,,1,,29361
49386,11,,1,,29362
49387,39,1,1,,29363
49388,11,,1,,29364
49389,11,,1,,29365
49390,11,,1,,29366
49391,11,,1,,29367
49392,11,,1,,29368
49393,11,,1,,29369
49394,11,,1,,29370
49395,11,,1,,29371
49396,11,,1,,29372
49397,11,,1,,29373
49398,11,,1,,29374
49399,11,,1,,29375
49400,11,,1,,29376
49401,11,,1,,29377
49402,11,,1,,29378
49403,11,,1,,29379
49404,23,7,2,,29380
49405,39,1,1,,29381
49406,39,1,2,,29382
49407,23,5,1,,29382
49408,39,1,2,,29383
49409,39,1,1,,29384
49410,39,1,1,,29385
49411,23,7,1,,29385
49412,11,,1,,29386
49413,11,,1,,29387
49414,11,,1,,29388
49415,11,,1,,29389
49416,11,,1,,29390
49417,11,,1,,29391
49418,11,,1,,29392
49419,11,,1,,29393
49420,11,,1,,29394
49421,11,,1,,29395
49422,11,,1,,29396
49423,11,,1,,29397
49424,11,,1,,29398
49425,11,,1,,29399
49426,11,,1,,29400
49427,11,,1,,29401
49428,11,,1,,29402
49429,39,,1,atv,29403
49430,39,,1,atv,29404
49431,11,,1,,29405
49432,39,1,1,,29406
49433,23,7,1,,29406
49434,39,1,1,,29407
49435,39,1,1,,29408
49436,39,1,1,,29409
49437,39,1,1,,29410
49438,39,1,1,,29411
49439,23,7,1,,29411
49440,43,,1,,29412
49441,11,,1,,29413
49442,11,,1,,29414
49443,11,,1,,29415
49444,11,,1,,29416
49445,11,,1,,29417
49446,11,,1,,29418
49447,11,,1,,29419
49448,11,,1,,29420
49449,11,,1,,29421
49450,11,,1,,29422
49451,11,,1,,29423
49452,39,1,1,,29424
49453,39,1,1,,29425
49454,22,,1,,29426
49455,22,,1,,29427
49456,39,1,1,,29428
49457,39,1,1,,29429
49458,11,,1,,29430
49459,39,1,1,,29431
49460,39,1,2,,29432
49461,39,1,1,,29433
49462,39,1,1,,29434
49463,11,,1,,29435
49464,11,,1,,29436
49465,11,,1,,29437
49466,11,,1,,29438
49467,11,,1,,29439
49468,11,,1,,29440
49469,11,,1,,29441
49470,11,,1,,29442
49471,11,,1,,29443
49472,39,1,1,,29444
49473,39,1,2,,29445
49474,39,1,1,,29446
49475,39,1,2,,29447
49476,39,3,1,,29448
49477,13,,1,,29449
49478,11,,1,,29450
49479,11,,1,,29451
49480,11,,1,,29452
49481,11,,1,,29453
49482,11,,1,,29454
49483,11,,1,,29455
49484,11,,1,,29456
49485,11,,1,,29457
49486,11,,1,,29458
49487,11,,1,,29459
49488,11,,1,,29460
49489,11,,1,,29461
49490,11,,1,,29462
49491,11,,1,,29463
49492,11,,1,,29464
49493,23,5,1,,29465
49494,39,1,1,,29466
49495,23,5,1,,29467
49496,39,1,1,,29467
49497,11,,1,,29468
49498,11,,1,,29469
49499,11,,1,,29470
49500,11,,1,,29471
49501,11,,1,,29472
49502,11,,1,,29473
49503,11,,1,,29474
49504,11,,1,,29475
49505,11,,1,,29476
49506,11,,1,,29477
49507,11,,1,,29478
49508,11,,1,,29479
49509,11,,1,,29480
49510,11,,1,,29481
49511,11,,1,,29482
49512,11,,1,,29483
49513,11,,1,,29484
49514,11,,1,,29485
49515,11,,1,,29486
49516,11,,1,,29487
49517,39,1,1,,29488
49518,23,5,1,,29488
49519,39,1,1,,29489
49520,39,1,1,,29490
49521,11,,1,,29491
49522,11,,1,,29492
49523,11,,1,,29493
49524,11,,1,,29494
49525,11,,1,,29495
49526,11,,1,,29496
49527,11,,1,,29497
49528,11,,1,,29498
49529,11,,1,,29499
49530,11,,1,,29500
49531,11,,1,,29501
49532,11,,1,,29502
49533,11,,1,,29503
49534,11,,1,,29504
49535,11,,1,,29505
49536,11,,1,,29506
49537,11,,1,,29507
49538,11,,1,,29508
49539,11,,1,,29509
49540,11,,1,,29510
49541,11,,1,,29511
49542,11,,1,,29512
49543,11,,1,,29513
49544,11,,1,,29514
49545,11,,1,,29515
49546,11,,1,,29516
49547,11,,1,,29517
49548,11,,1,,29518
49549,11,,1,,29519
49550,11,,1,,29520
49551,11,,1,,29521
49552,11,,1,,29522
49553,11,,1,,29523
49554,11,,1,,29524
49555,11,,1,,29525
49556,11,,1,,29526
49557,11,,1,,29527
49558,11,,1,,29528
49559,11,,1,,29529
49560,11,,1,,29530
49561,11,,1,,29531
49562,11,,1,,29532
49563,11,,1,,29533
49564,11,,1,,29534
49565,11,,1,,29535
49566,11,,1,,29536
49567,11,,1,,29537
49568,11,,1,,29538
49569,11,,1,,29539
49570,11,,1,,29540
49571,11,,1,,29541
49572,11,,1,,29542
49573,11,,1,,29543
49574,11,,1,,29544
49575,11,,1,,29545
49576,11,,1,,29546
49577,11,,1,,29547
49578,11,,1,,29548
49579,11,,1,,29549
49580,11,,1,,29550
49581,11,,1,,29551
49582,11,,1,,29552
49583,11,,1,,29553
49584,11,,1,,29554
49585,11,,1,,29555
49586,11,,1,,29556
49587,11,,1,,29557
49588,11,,1,,29558
49589,11,,1,,29559
49590,11,,1,,29560
49591,11,,1,,29561
49592,11,,1,,29562
49593,11,,1,,29563
49594,11,,1,,29564
49595,11,,1,,29565
49596,11,,1,,29566
49597,11,,1,,29567
49598,11,,1,,29568
49599,11,,1,,29569
49600,11,,1,,29570
49601,11,,1,,29571
49602,11,,1,,29572
49603,11,,1,,29573
49604,11,,1,,29574
49605,11,,1,,29575
49606,11,,1,,29576
49607,11,,1,,29577
49608,11,,1,,29578
49609,11,,1,,29579
49610,11,,1,,29580
49611,11,,1,,29581
49612,11,,1,,29582
49613,11,,1,,29583
49614,11,,1,,29584
49615,11,,1,,29585
49616,39,1,1,,29586
49617,11,,1,,29587
49618,11,,1,,29588
49619,11,,1,,29589
49620,11,,1,,29590
49621,11,,1,,29591
49622,11,,1,,29592
49623,11,,1,,29593
49624,11,,1,,29594
49625,11,,1,,29595
49626,11,,1,,29596
49627,11,,1,,29597
49628,11,,1,,29598
49629,11,,1,,29599
49630,11,,1,,29600
49631,11,,1,,29601
49632,11,,1,,29602
49633,11,,1,,29603
49634,11,,1,,29604
49635,11,,1,,29605
49636,11,,1,,29606
49637,11,,1,,29607
49638,11,,1,,29608
49639,11,,1,,29609
49640,11,,1,,29610
49641,11,,1,,29611
49642,11,,1,,29612
49643,11,,1,,29613
49644,11,,1,,29614
49645,11,,1,,29615
49646,11,,1,,29616
49647,11,,1,,29617
49648,11,,1,,29618
49649,11,,1,,29619
49650,11,,1,,29620
49651,11,,1,,29621
49652,11,,1,,29622
49653,11,,1,,29623
49654,11,,1,,29624
49655,11,,1,,29625
49656,11,,1,,29626
49657,11,,1,,29627
49658,11,,1,,29628
49659,11,,1,,29629
49660,11,,1,,29630
49661,11,,1,,29631
49662,11,,1,,29632
49663,11,,1,,29633
49664,11,,1,,29634
49665,11,,1,,29635
49666,11,,1,,29636
49667,11,,1,,29637
49668,11,,1,,29638
49669,11,,1,,29639
49670,11,,1,,29640
49671,11,,1,,29641
49672,11,,1,,29642
49673,11,,1,,29643
49674,11,,1,,29644
49675,11,,1,,29645
49676,11,,1,,29646
49677,11,,1,,29647
49678,11,,1,,29648
49679,11,,1,,29649
49680,11,,1,,29650
49681,11,,1,,29651
49682,11,,1,,29652
49683,11,,1,,29653
49684,11,,1,,29654
49685,11,,1,,29655
49686,11,,1,,29656
49687,39,1,1,,29657
49688,23,7,1,,29657
49689,22,,1,,29658
49690,22,,1,,29659
49691,39,1,1,,29660
49692,39,1,1,,29661
49693,39,1,2,,29662
49694,39,1,1,,29663
49695,39,1,2,,29664
49696,39,1,1,,29665
49697,11,,1,,29666
49698,39,1,1,,29667
49699,39,1,1,,29668
49700,39,1,2,,29669
49701,39,1,2,,29670
49702,23,7,2,,29670
49703,11,,1,,29671
49704,11,,1,,29672
49705,11,,1,,29673
49706,11,,1,,29674
49707,11,,1,,29675
49708,11,,1,,29676
49709,11,,1,,29677
49710,11,,1,,29678
49711,11,,1,,29679
49712,11,,1,,29680
49713,11,,1,,29681
49714,11,,1,,29682
49715,11,,1,,29683
49716,11,,1,,29684
49717,11,,1,,29685
49718,11,,1,,29686
49719,11,,1,,29687
49720,11,,1,,29688
49721,11,,1,,29689
49722,11,,1,,29690
49723,11,,1,,29691
49724,11,,1,,29692
49725,11,,1,,29693
49726,11,,1,,29694
49727,11,,1,,29695
49728,11,,1,,29696
49729,11,,1,,29697
49730,11,,1,,29698
49731,11,,1,,29699
49732,11,,1,,29700
49733,11,,1,,29701
49734,11,,1,,29702
49735,11,,1,,29703
49736,11,,1,,29704
49737,11,,1,,29705
49738,11,,1,,29706
49739,11,,1,,29707
49740,11,,1,,29708
49741,11,,1,,29709
49742,11,,1,,29710
49743,11,,1,,29711
49744,11,,1,,29712
49745,11,,1,,29713
49746,11,,1,,29714
49747,11,,1,,29715
49748,11,,1,,29716
49749,11,,1,,29717
49750,11,,1,,29718
49751,11,,1,,29719
49752,23,5,1,,29720
49753,39,1,1,,29721
49754,11,,1,,29722
49755,22,,1,,29723
49756,39,49,1,,29724
49757,39,49,1,,29725
49758,11,,1,,29726
49759,11,,1,,29727
49760,39,1,1,,29728
49761,39,1,1,,29729
49762,39,1,1,,29730
49763,39,1,1,,29731
49764,39,1,2,,29732
49765,39,1,1,,29733
49766,39,1,1,,29734
49767,39,1,1,,29735
49768,23,5,2,,29735
49769,39,1,2,,29736
49770,23,5,2,,29736
49771,39,1,1,,29737
49772,39,1,1,,29738
49773,39,1,1,,29739
49774,39,1,1,,29740
49775,23,5,1,,29741
49776,39,1,1,,29742
49777,11,,1,,29743
49778,11,,1,,29744
49779,11,,1,,29745
49780,11,,1,,29746
49781,39,1,1,,29747
49782,23,7,1,,29747
49783,11,,1,,29748
49784,11,,1,,29749
49785,11,,1,,29750
49786,11,,1,,29751
49787,11,,1,,29752
49788,11,,1,,29753
49789,11,,1,,29754
49790,11,,1,,29755
49791,11,,1,,29756
49792,11,,1,,29757
49793,11,,1,,29758
49794,11,,1,,29759
49795,11,,1,,29760
49796,11,,1,,29761
49797,11,,1,,29762
49798,11,,1,,29763
49799,11,,1,,29764
49800,11,,1,,29765
49801,11,,1,,29766
49802,11,,1,,29767
49803,11,,1,,29768
49804,11,,1,,29769
49805,11,,1,,29770
49806,11,,1,,29771
49807,11,,1,,29772
49808,11,,1,,29773
49809,11,,1,,29774
49810,11,,1,,29775
49811,39,1,1,,29776
49812,39,1,2,,29777
49813,39,1,2,,29778
49814,39,1,1,,29779
49815,11,,1,,29780
49816,39,1,1,,29781
49817,11,,1,,29782
49818,11,,1,,29783
49819,11,,1,,29784
49820,11,,1,,29785
49821,39,1,2,,29786
49822,39,1,1,,29787
49823,23,5,1,,29787
49824,39,1,1,,29788
49825,11,,1,,29789
49826,11,,1,,29790
49827,39,1,1,,29791
49828,11,,1,,29792
49829,11,,1,,29793
49830,23,5,1,,29794
49831,39,1,1,,29795
49832,11,,1,,29796
49833,11,,1,,29797
49834,11,,1,,29798
49835,11,,1,,29799
49836,11,,1,,29800
49837,11,,1,,29801
49838,39,1,2,,29802
49839,11,,1,,29803
49840,11,,1,,29804
49841,11,,1,,29805
49842,11,,1,,29806
49843,11,,1,,29807
49844,11,,1,,29808
49845,11,,1,,29809
49846,11,,1,,29810
49847,11,,1,,29811
49848,11,,1,,29812
49849,11,,1,,29813
49850,11,,1,,29814
49851,11,,1,,29815
49852,11,,1,,29816
49853,11,,1,,29817
49854,11,,1,,29818
49855,11,,1,,29819
49856,11,,1,,29820
49857,11,,1,,29821
49858,39,1,1,,29822
49859,11,,1,,29823
49860,11,,1,,29824
49861,11,,1,,29825
49862,11,,1,,29826
49863,11,,1,,29827
49864,39,1,1,,29828
49865,11,,1,,29829
49866,11,,1,,29830
49867,11,,1,,29831
49868,11,,1,,29832
49869,11,,1,,29833
49870,11,,1,,29834
49871,11,,1,,29835
49872,11,,1,,29836
49873,11,,1,,29837
49874,11,,1,,29838
49875,39,1,2,,29839
49876,23,7,1,,29839
49877,13,,1,,29840
49878,39,1,1,,29841
49879,39,1,1,,29842
49880,23,5,1,,29842
49881,39,1,1,,29843
49882,39,1,1,,29844
49883,39,1,1,,29845
49884,39,1,1,,29846
49885,39,1,1,,29847
49886,39,1,1,,29848
49887,39,1,1,,29849
49888,39,1,1,,29850
49889,11,,1,,29851
49890,39,1,1,,29852
49891,39,1,2,,29853
49892,39,1,1,,29854
49893,39,1,1,,29855
49894,39,1,1,,29856
49895,39,1,2,,29857
49896,11,,1,,29858
49897,39,3,1,,29859
49898,11,,1,,29860
49899,11,,1,,29861
49900,11,,1,,29862
49901,11,,1,,29863
49902,11,,1,,29864
49903,11,,1,,29865
49904,11,,1,,29866
49905,11,,1,,29867
49906,11,,1,,29868
49907,11,,1,,29869
49908,11,,1,,29870
49909,11,,1,,29871
49910,11,,1,,29872
49911,39,1,2,,29873
49912,11,,1,,29874
49913,11,,1,,29875
49914,11,,1,,29876
49915,39,1,1,,29877
49916,13,,1,,29878
49917,11,,1,,29879
49918,11,,1,,29880
49919,11,,1,,29881
49920,11,,1,,29882
49921,11,,1,,29883
49922,11,,1,,29884
49923,11,,1,,29885
49924,11,,1,,29886
49925,11,,1,,29887
49926,11,,1,,29888
49927,11,,1,,29889
49928,11,,1,,29890
49929,11,,1,,29891
49930,39,1,3,,29892
49931,23,5,1,,29893
49932,23,5,2,,29894
49933,39,1,2,,29895
49934,23,5,1,,29895
49935,39,1,2,,29896
49936,23,5,2,,29896
49937,39,1,1,,29897
49938,39,1,2,,29898
49939,39,1,2,,29899
49940,23,5,1,,29899
49941,11,,1,,29900
49942,39,3,1,,29901
49943,39,3,1,,29902
49944,39,1,1,,29903
49945,39,3,2,,29904
49946,39,1,2,,29905
49947,39,1,1,,29906
49948,39,1,1,,29907
49949,39,1,1,,29908
49950,11,,1,,29909
49951,11,,1,,29910
49952,11,,1,,29911
49953,11,,1,,29912
49954,39,1,1,,29913
49955,23,5,1,,29913
49956,39,1,1,,29914
49957,23,5,1,,29914
49958,39,1,1,,29915
49959,23,5,1,,29915
49960,39,1,1,,29916
49961,11,,1,,29917
49962,39,1,2,,29918
49963,39,1,1,,29919
49964,23,7,1,,29919
49965,11,,1,,29920
49966,39,3,2,,29921
49967,11,,1,,29922
49968,39,1,2,,29923
49969,39,1,2,,29924
49970,39,1,2,,29925
49971,39,1,1,,29926
49972,39,1,1,,29927
49973,11,,1,,29928
49974,23,5,1,,29929
49975,11,,1,,29930
49976,11,,1,,29931
49977,11,,1,,29932
49978,11,,1,,29933
49979,11,,1,,29934
49980,11,,1,,29935
49981,11,,1,,29936
49982,11,,1,,29937
49983,11,,1,,29938
49984,11,,1,,29939
49985,11,,1,,29940
49986,11,,1,,29941
49987,11,,1,,29942
49988,11,,1,,29943
49989,11,,1,,29944
49990,11,,1,,29945
49991,11,,1,,29946
49992,11,,1,,29947
49993,11,,1,,29948
49994,11,,1,,29949
49995,11,,1,,29950
49996,39,1,1,,29951
49997,39,1,1,,29952
49998,39,1,1,,29953
49999,13,,1,,29954
50000,13,,2,,29955
50001,13,,1,,29956
50002,39,1,2,,29957
50003,39,1,1,,29958
50004,39,1,1,,29959
50005,39,1,1,,29960
50006,39,3,1,,29961
50007,39,1,1,,29962
50008,23,7,1,,29962
50009,39,1,2,,29963
50010,23,7,2,,29964
50011,39,1,1,,29965
50012,23,7,1,,29965
50013,39,1,1,,29966
50014,39,1,1,,29967
50015,39,1,1,,29968
50016,11,,1,,29969
50017,39,1,2,,29970
50018,39,1,1,,29971
50019,39,1,2,,29972
50020,39,3,1,,29973
50021,39,1,2,,29974
50022,39,3,1,,29975
50023,39,3,1,,29976
50024,11,,1,,29977
50025,39,1,1,,29978
50026,39,3,1,,29979
50027,39,3,1,,29980
50028,39,3,1,,29981
50029,11,,1,,29982
50030,11,,1,,29983
50031,11,,1,,29984
50032,11,,1,,29985
50033,11,,1,,29986
50034,11,,1,,29987
50035,11,,1,,29988
50036,11,,1,,29989
50037,11,,1,,29990
50038,11,,1,,29991
50039,69,,1,,29992
50040,11,,1,,29993
50041,11,,1,,29994
50042,11,,1,,29995
50043,69,,1,,29996
50044,11,,1,,29997
50045,11,,1,,29998
50046,11,,1,,29999
50047,11,,1,,30000
50048,11,,1,,30001
50049,11,,1,,30002
50050,11,,1,,30003
50051,11,,1,,30004
50052,11,,1,,30005
50053,11,,1,,30006
50054,13,,1,,30007
50055,13,,1,,30008
50056,39,1,1,,30009
50057,11,,1,,30010
50058,11,,1,,30011
50059,11,,1,,30012
50060,39,1,1,,30013
50061,23,7,1,,30013
50062,11,,1,,30014
50063,39,3,1,,30015
50064,39,1,1,,30016
50065,39,49,1,,30017
50066,39,49,1,,30018
50067,11,,1,,30019
50068,11,,1,,30020
50069,11,,1,,30021
50070,11,,1,,30022
50071,11,,1,,30023
50072,11,,1,,30024
50073,11,,1,,30025
50074,11,,1,,30026
50075,11,,1,,30027
50076,11,,1,,30028
50077,11,,1,,30029
50078,11,,1,,30030
50079,11,,1,,30031
50080,11,,1,,30032
50081,11,,1,,30033
50082,11,,1,,30034
50083,11,,1,,30035
50084,11,,1,,30036
50085,11,,1,,30037
50086,11,,1,,30038
50087,11,,1,,30039
50088,11,,1,,30040
50089,11,,1,,30041
50090,11,,1,,30042
50091,11,,1,,30043
50092,11,,1,,30044
50093,39,1,1,not nice,30045
50094,23,5,1,,30045
50095,11,,1,,30046
50096,59,,2,,30047
50097,59,,5,,30048
50098,59,,6,,30049
50099,59,,9,,30050
50100,59,,12,,30051
50101,59,,7,,30052
50102,59,,5,,30053
50103,59,,3,,30054
50104,59,,4,,30055
50105,59,,6,,30056
50106,59,,5,,30057
50107,59,,7,,30058
50108,59,,6,,30059
50109,59,,5,,30060
50110,59,,3,,30061
50111,59,,2,,30062
50112,59,,2,,30063
50113,59,,2,,30064
50114,23,5,1,,30065
50115,39,1,1,,30066
50116,69,,1,,30067
50117,69,,1,,30068
50118,69,,1,,30069
50119,39,3,1,,30070
50120,39,1,1,,30071
50121,39,1,1,,30072
50122,39,1,1,,30073
50123,39,1,1,,30074
50124,39,1,1,,30075
50125,39,1,1,,30076
50126,39,1,1,,30077
50127,39,1,1,,30078
50128,23,7,1,,30078
50129,39,1,1,,30079
50130,23,5,1,,30080
50131,39,1,1,,30081
50132,23,5,1,,30081
50133,39,1,2,,30082
50134,23,5,2,,30082
50135,39,8,2,,30083
50136,39,3,1,,30084
50137,11,,1,,30085
50138,39,1,1,,30086
50139,39,1,1,,30087
50140,39,1,1,,30088
50141,39,1,1,,30089
50142,39,3,1,,30090
50143,39,3,1,,30091
50144,39,1,2,,30092
50145,39,1,1,,30093
50146,39,1,1,,30094
50147,23,5,1,,30095
50148,39,1,1,,30096
50149,39,1,2,,30097
50150,13,,1,,30098
50151,39,1,1,,30099
50152,23,7,1,,30099
50153,39,1,1,,30100
50154,41,,1,,30101
50155,23,5,1,,30102
50156,41,,1,,30103
50157,41,,1,,30104
50158,39,1,1,,30105
50159,23,5,1,,30105
50160,39,1,1,,30106
50161,39,1,1,,30107
50162,11,,1,,30108
50163,11,,1,,30109
50164,39,1,2,,30110
50165,11,,1,,30111
50166,11,,1,,30112
50167,11,,1,,30113
50168,11,,1,,30114
50169,11,,1,,30115
50170,11,,1,,30116
50171,11,,1,,30117
50172,39,1,1,,30118
50173,39,1,1,,30119
50174,11,,1,,30120
50175,39,1,1,,30121
50176,39,1,1,,30122
50177,39,1,1,,30123
50178,39,1,2,,30124
50179,39,1,1,,30125
50180,39,3,2,,30126
50181,39,1,1,,30127
50182,39,3,1,,30128
50183,39,1,2,,30129
50184,39,1,1,,30130
50185,39,1,1,,30131
50186,39,1,1,,30132
50187,39,1,1,,30133
50188,23,7,1,,30133
50189,39,1,1,,30134
50190,39,1,1,,30135
50191,13,,1,,30136
50192,39,1,1,,30137
50193,39,1,1,,30138
50194,23,5,1,,30139
50195,39,1,1,,30140
50196,69,,1,,30141
50197,69,,1,,30142
50198,69,,1,,30143
50199,69,,1,,30144
50200,69,,1,,30145
50201,39,3,1,,30146
50202,39,3,1,,30147
50203,39,2,1,,30148
50204,39,1,1,,30149
50205,39,8,1,,30150
50206,39,1,1,,30151
50207,39,1,1,,30152
50208,11,,1,,30153
50209,11,,1,,30154
50210,11,,1,,30155
50211,11,,1,,30156
50212,11,,1,,30157
50213,11,,1,,30158
50214,11,,1,,30159
50215,11,,1,,30160
50216,11,,1,,30161
50217,39,3,1,,30162
50218,11,,1,,30163
50219,11,,1,,30164
50220,11,,1,,30165
50221,11,,1,,30166
50222,8,,1,,30167
50223,8,,1,,30168
50224,41,,1,,30169
50225,39,1,1,,30170
50226,41,,1,23 minutes behind a hiker,30171
50227,11,,1,,30172
50228,39,1,2,,30173
50229,23,5,1,,30173
50230,39,1,2,,30174
50231,23,5,1,,30174
50232,39,1,2,,30175
50233,39,1,1,,30176
50234,8,,1,,30177
50235,39,3,1,,30178
50236,39,1,1,,30179
50237,39,1,1,,30180
50238,11,,1,,30181
50239,69,,1,,30182
50240,69,,1,,30183
50241,39,1,1,,30184
50242,11,,1,,30185
50243,13,,1,,30186
50244,22,,1,,30187
50245,39,1,1,,30188
50246,39,3,1,,30189
50247,39,3,1,,30190
50248,39,1,1,,30191
50249,23,7,1,,30191
50250,39,1,1,,30192
50251,39,1,1,,30193
50252,39,1,1,,30194
50253,39,1,1,,30195
50254,39,1,1,,30196
50255,39,1,4,,30197
50256,39,1,2,,30198
50257,39,1,1,,30199
50258,39,1,1,,30200
50259,39,1,1,,30201
50260,39,1,1,,30202
50261,39,1,2,,30203
50262,39,3,1,,30204
50263,39,1,2,,30205
50264,39,1,2,,30206
50265,39,1,2,,30207
50266,39,1,2,,30208
50267,39,3,1,,30209
50268,39,3,2,,30210
50269,39,3,1,,30211
50270,39,1,2,,30212
50271,39,1,2,,30213
50272,39,1,1,,30214
50273,39,1,1,,30215
50274,39,3,1,,30216
50275,59,,1,,30217
50276,59,,2,,30218
50277,59,,1,,30219
50278,59,,1,,30220
50279,39,1,1,,30221
50280,59,,1,,30222
50281,36,,1,,30223
50282,36,,2,,30224
50283,36,,1,,30225
50284,36,,1,,30226
50285,36,,2,,30227
50286,36,,2,,30228
50287,36,,2,,30229
50288,11,,1,,30230
50289,11,,1,,30231
50290,23,5,1,,30232
50291,11,,1,,30233
50292,11,,1,,30234
50293,11,,1,,30235
50294,11,,1,,30236
50295,11,,1,,30237
50296,11,,1,,30238
50297,11,,1,,30239
50298,11,,1,,30240
50299,11,,1,,30241
50300,69,,1,,30242
50301,11,,1,,30243
50302,11,,1,,30244
50303,11,,1,,30245
50304,11,,1,,30246
50305,11,,1,,30247
50306,11,,1,,30248
50307,11,,1,,30249
50308,11,,1,,30250
50309,11,,1,,30251
50310,11,,1,,30252
50311,69,,1,,30253
50312,11,,1,,30254
50313,11,,1,,30255
50314,11,,1,,30256
50315,11,,1,,30257
50316,11,,1,,30258
50317,11,,1,,30259
50318,11,,1,,30260
50319,11,,1,,30261
50320,11,,1,,30262
50321,11,,1,,30263
50322,11,,1,,30264
50323,11,,1,,30265
50324,11,,1,,30266
50325,11,,1,,30267
50326,11,,1,,30268
50327,11,,1,,30269
50328,11,,1,,30270
50329,11,,1,,30271
50330,11,,1,,30272
50331,11,,1,,30273
50332,11,,1,,30274
50333,11,,1,,30275
50334,11,,1,,30276
50335,11,,1,,30277
50336,11,,1,,30278
50337,11,,1,,30279
50338,11,,1,,30280
50339,39,2,1,,30281
50340,11,,1,,30282
50341,11,,1,,30283
50342,11,,1,,30284
50343,11,,1,,30285
50344,59,,1,,30286
50345,39,2,1,,30287
50346,11,,1,,30288
50347,39,3,1,,30289
50348,11,,1,,30290
50349,11,,1,,30291
50350,11,,1,,30292
50351,11,,1,,30293
50352,11,,1,,30294
50353,11,,1,,30295
50354,11,,1,,30296
50355,11,,1,,30297
50356,11,,1,,30298
50357,11,,1,,30299
50358,11,,1,,30300
50359,11,,1,,30301
50360,11,,1,,30302
50361,11,,1,,30303
50362,11,,1,,30304
50363,11,,1,,30305
50364,11,,1,,30306
50365,11,,1,,30307
50366,11,,1,,30308
50367,11,,1,,30309
50368,11,,1,,30310
50369,11,,1,,30311
50370,11,,1,,30312
50371,11,,1,,30313
50372,11,,1,,30314
50373,11,,1,,30315
50374,11,,1,,30316
50375,39,3,1,,30317
50376,11,,1,,30318
50377,11,,1,,30319
50378,11,,1,,30320
50379,11,,1,,30321
50380,11,,1,,30322
50381,39,3,1,,30323
50382,11,,1,,30324
50383,11,,1,,30325
50384,11,,1,,30326
50385,11,,1,,30327
50386,11,,1,,30328
50387,11,,1,,30329
50388,11,,1,,30330
50389,11,,1,,30331
50390,11,,1,,30332
50391,11,,1,,30333
50392,11,,1,,30334
50393,11,,1,,30335
50394,11,,1,,30336
50395,11,,1,,30337
50396,11,,1,,30338
50397,11,,1,,30339
50398,11,,1,,30340
50399,11,,1,,30341
50400,11,,1,,30342
50401,11,,1,,30343
50402,11,,1,,30344
50403,13,,1,,30345
50404,11,,1,,30346
50405,11,,1,,30347
50406,11,,1,,30348
50407,11,,1,,30349
50408,11,,1,,30350
50409,11,,1,,30351
50410,11,,1,,30352
50411,11,,1,,30353
50412,11,,1,,30354
50413,11,,1,,30355
50414,11,,1,,30356
50415,11,,1,,30357
50416,11,,1,,30358
50417,11,,1,,30359
50418,11,,1,,30360
50419,11,,1,,30361
50420,11,,1,,30362
50421,11,,1,,30363
50422,11,,1,,30364
50423,11,,1,,30365
50424,11,,1,,30366
50425,11,,1,,30367
50426,11,,1,,30368
50427,11,,1,,30369
50428,11,,1,,30370
50429,11,,1,,30371
50430,11,,1,,30372
50431,11,,1,,30373
50432,11,,1,,30374
50433,11,,1,,30375
50434,11,,1,,30376
50435,11,,1,,30377
50436,11,,1,,30378
50437,11,,1,,30379
50438,11,,1,,30380
50439,11,,1,,30381
50440,11,,1,,30382
50441,11,,1,,30383
50442,11,,1,,30384
50443,11,,1,,30385
50444,11,,1,,30386
50445,11,,1,,30387
50446,11,,1,,30388
50447,11,,1,,30389
50448,11,,1,,30390
50449,11,,1,,30391
50450,11,,1,,30392
50451,11,,1,,30393
50452,11,,1,,30394
50453,11,,1,,30395
50454,11,,1,,30396
50455,11,,1,,30397
50456,11,,1,,30398
50457,11,,1,,30399
50458,11,,1,,30400
50459,11,,1,,30401
50460,11,,1,,30402
50461,11,,1,,30403
50462,11,,1,,30404
50463,11,,1,,30405
50464,11,,1,,30406
50465,11,,1,,30407
50466,11,,1,,30408
50467,11,,1,,30409
50468,11,,1,,30410
50469,11,,1,,30411
50470,11,,1,,30412
50471,11,,1,,30413
50472,11,,1,,30414
50473,11,,1,,30415
50474,11,,1,,30416
50475,11,,1,,30417
50476,11,,1,,30418
50477,11,,1,,30419
50478,11,,1,,30420
50479,11,,1,,30421
50480,11,,1,,30422
50481,11,,1,,30423
50482,11,,1,,30424
50483,69,,1,,30425
50484,11,,1,,30426
50485,11,,1,,30427
50486,69,,1,,30428
50487,39,3,1,,30429
50488,11,,1,,30430
50489,11,,1,,30431
50490,11,,1,,30432
50491,39,1,1,,30433
50492,11,,1,,30434
50493,11,,1,,30435
50494,11,,1,,30436
50495,11,,1,,30437
50496,11,,1,,30438
50497,11,,1,,30439
50498,11,,1,,30440
50499,11,,1,,30441
50500,11,,1,,30442
50501,11,,1,,30443
50502,11,,1,,30444
50503,11,,1,,30445
50504,11,,1,,30446
50505,11,,1,,30447
50506,11,,1,,30448
50507,11,,1,,30449
50508,11,,1,,30450
50509,11,,1,,30451
50510,11,,1,,30452
50511,11,,1,,30453
50512,11,,1,,30454
50513,11,,1,,30455
50514,11,,1,,30456
50515,39,1,2,,30457
50516,39,3,1,,30458
50517,11,,1,,30459
50518,11,,1,,30460
50519,11,,1,,30461
50520,23,5,2,,30462
50521,39,1,1,,30463
50522,11,,1,,30464
50523,11,,1,,30465
50524,39,1,1,,30466
50525,13,,1,,30467
50526,13,,1,,30468
50527,59,,1,,30469
50528,39,1,2,,30470
50529,39,1,2,,30471
50530,39,1,1,,30472
50531,39,1,2,,30473
50532,39,1,2,,30474
50533,39,1,2,,30475
50534,39,3,1,,30476
50535,39,1,1,,30477
50536,39,3,1,,30478
50537,39,1,1,,30479
50538,39,1,1,,30480
50539,39,1,2,,30481
50540,39,3,2,,30482
50541,39,3,2,,30483
50542,39,3,2,,30484
50543,11,,1,,30485
50544,69,,1,,30486
50545,11,,1,,30487
50546,39,1,1,,30488
50547,11,,1,,30489
50548,69,,1,,30490
50549,39,1,2,,30491
50550,39,1,1,,30492
50551,39,1,1,,30493
50552,39,3,1,,30494
50553,13,,1,,30495
50554,13,,1,,30496
50555,13,,1,,30497
50556,13,,1,,30498
50557,11,,1,,30499
50558,8,,1,,30500
50559,39,1,1,,30501
50560,39,1,1,,30502
50561,8,,1,went for a dip,30503
50562,8,,2,,30504
50563,39,1,2,,30505
50564,39,1,1,,30506
50565,23,7,1,,30506
50566,39,1,1,,30507
50567,23,7,1,,30507
50568,39,1,1,,30508
50569,23,7,1,,30508
50570,39,1,1,,30509
50571,39,8,1,,30510
50572,39,1,1,,30511
50573,23,7,1,,30511
50574,39,1,1,,30512
50575,39,1,2,,30513
50576,39,1,1,,30514
50577,39,1,3,,30515
50578,39,3,1,,30516
50579,39,3,1,,30517
50580,69,,1,,30518
50581,39,6,1,,30519
50582,39,6,3,,30520
50583,39,6,3,,30521
50584,23,,1,,53876
50585,39,1,1,,54041
50586,36,,1,,54042
50587,39,4,2,,54043
50588,66,,2,,54043
50590,35,,1,,23137
50591,36,,1,,54115
50592,36,,1,,54116
50593,60,,1,,54117
50594,36,,2,,54118
50595,36,,4,,54119
50596,39,,1,,54120
50597,39,,1,,54121
50598,36,,2,,54122
50599,36,,2,,54123
50600,36,,1,,54124
50601,36,,1,,54125
50602,36,,1,,54126
50603,36,,1,,54127
50604,36,,1,,54128
50605,36,,1,,54129
50606,36,,1,,54130
50607,36,,2,,54131
50608,36,,2,,54132
50609,36,,1,,54133
50610,36,,2,,54134
50611,36,,1,,54135
50612,55,,1,ear in bottom right corner. Mule deet maybe,54136
50613,36,,1,,54137
50614,36,,2,,54138
50615,36,,2,,54139
50616,36,,1,,54140
50617,36,,2,,54141
50618,36,,,,54142
50619,36,,3,,54142
50620,36,,1,,54143
50621,36,,1,,54144
50622,36,,2,,54145
50623,36,,1,,54146
50624,36,,3,,54147
50625,55,,1,mule deer rump maybe,54148
50626,36,,1,,54149
50627,36,,1,,54150
50628,39,,1,,54151
50629,39,,1,,54152
50630,36,,1,,54153
50631,36,,1,,54154
50632,36,,1,,54155
50633,36,,1,,54156
50634,36,,1,,54157
50635,36,,2,,54158
50636,8,,1,found bear hair snag on bush right next to the bear while checking camera,54159
50637,8,,1,,54160
50638,36,,1,velvet,54161
50639,36,,1,,54162
50640,36,,1,,54163
50641,8,,1,,54164
50642,39,,1,,54165
50643,39,,1,,54166
50644,39,1,1,,54167
50645,39,,1,,54168
50646,39,,1,,54169
50647,39,,1,,54170
50648,39,,2,,54171
50649,39,,1,,54172
50650,39,,1,,54173
50651,23,7,1,,54173
50652,39,,1,,54174
50653,39,,1,,54175
50654,39,,1,,54176
50655,23,7,1,,54167
50656,39,1,1,,54168
50657,39,1,1,,54169
50658,39,1,1,,54170
50659,39,1,2,,54171
50660,39,1,1,,54172
50661,39,1,1,,54173
50662,39,3,1,,54174
50663,39,1,1,,54175
50664,39,1,1,,54176
50665,39,1,1,,54177
50666,39,1,1,,54178
50667,23,7,1,,54178
50668,39,1,1,,54179
50669,39,1,1,,54180
50670,39,1,1,,54181
50671,39,1,1,,54182
50672,39,1,1,,54183
50673,39,1,1,,54184
50674,39,1,1,,54185
50675,39,1,1,,54186
50676,39,1,1,,54187
50677,22,,2,,54188
50678,55,,1,,54189
50679,39,1,1,,54190
50680,23,7,1,,54191
50681,39,1,1,,54192
50682,39,1,1,,54193
50683,23,5,1,,54194
50684,39,1,1,,54195
50685,39,8,1,,54196
50686,39,1,1,,54197
50687,39,1,1,,54198
50688,39,1,4,,54199
50689,39,1,2,,54200
50690,39,1,1,,54201
50691,39,1,2,,54202
50692,39,1,1,,54203
50693,39,1,2,,54204
50694,39,1,1,,54205
50695,39,1,2,,54206
50696,39,4,1,,54207
50697,66,,1,,54207
50698,39,1,2,,54208
50699,39,1,2,,54209
50700,39,1,2,,54210
50701,39,3,1,,54211
50702,39,1,2,,54212
50703,39,1,1,,54213
50704,39,3,1,,54214
50705,39,3,1,,54215
50706,39,3,1,,54216
50707,55,,1,,54217
50708,39,1,1,,54218
50709,39,1,1,,54219
50710,39,1,1,,54220
50711,23,5,1,,54221
50712,39,1,1,,54222
50713,23,7,1,,54223
50714,39,1,1,,54224
50715,39,1,1,,54225
50716,39,1,1,,54226
50717,39,1,1,,54227
50718,39,1,1,,54228
50719,23,7,1,,54228
50720,39,1,1,,54229
50721,39,1,2,,54230
50722,23,7,1,,54230
50723,39,1,1,,54231
50724,23,7,1,,54231
50725,39,3,1,,54232
50726,39,1,1,,54233
50727,23,7,1,,54233
50728,39,1,2,,54234
50729,39,3,1,,54235
50730,39,1,2,,54236
50731,39,3,1,,54237
50732,39,1,1,,54238
50733,39,1,2,,54239
50734,39,3,1,,54240
50735,39,3,1,,54241
50736,39,3,1,,54242
50737,39,1,1,,54243
50738,39,1,2,,54244
50739,39,1,2,,54245
50740,39,1,1,,54246
50741,39,1,2,,54248
50742,39,1,2,,54247
50743,23,7,2,,54247
50744,39,1,2,,54248
50745,39,1,1,,54249
50746,39,1,1,,54250
50747,23,7,1,,54250
50748,39,1,2,,54251
50749,39,1,2,,54252
50750,55,,1,,54253
50751,39,1,2,,54254
50752,39,1,1,,54255
50753,23,7,1,,54255
50754,39,1,2,,54256
50755,39,1,2,,54257
50756,23,7,1,,54257
50757,39,1,2,,54258
50758,23,7,1,,54258
50759,39,1,4,,54259
50760,39,1,1,,54260
50761,39,1,1,,54261
50762,39,1,2,,54262
50763,39,1,2,,54263
50764,39,1,3,,54264
50765,39,1,1,,54265
50766,39,1,1,,54265
50767,23,7,1,,54265
50768,39,1,2,,54266
50769,39,1,2,,54267
50770,39,3,2,,54268
50771,39,1,1,,54269
50772,39,1,2,,54270
50773,39,1,3,,54271
50774,39,4,1,,54272
50775,66,,1,,54272
50776,39,1,1,,54273
50777,23,7,1,,54274
50778,23,7,1,,54275
50779,39,1,1,,54275
50780,39,1,2,,54276
50781,23,7,1,,54276
50782,39,1,1,,54277
50783,23,7,1,,54278
50784,39,1,1,,54279
50785,39,1,1,,54280
50786,39,1,1,,54281
50787,39,1,1,,54282
50788,23,7,1,,54282
50789,39,1,2,,54283
50790,39,1,1,,54284
50791,39,1,1,,54285
50792,23,7,1,,54285
50793,39,1,1,,54286
50794,39,1,1,,54287
50795,39,1,2,,54288
50796,23,7,2,,54288
50797,39,1,1,,54289
50798,39,3,1,,54290
50799,39,1,2,,54291
50800,39,1,1,,54292
50801,39,1,1,,54293
50802,39,1,1,,54294
50803,39,1,1,,54295
50804,39,1,2,,54296
50805,39,1,1,,54297
50806,39,1,2,,54298
50807,55,,1,,54299
50808,39,1,1,,54300
50809,39,1,1,,54301
50810,39,1,1,,54302
50811,23,7,1,,54302
50812,39,1,2,,54303
50813,23,7,1,,54303
50814,39,1,1,,54304
50815,39,1,1,,54305
50816,23,7,1,,54305
50817,39,1,2,,54306
50818,39,1,1,,54307
50819,39,1,2,,54308
50820,39,1,2,,54309
50821,39,1,2,,54310
50822,23,7,1,,54310
50823,39,3,1,,54311
50824,39,1,1,,54312
50825,39,1,1,,54313
50826,39,1,1,,54314
50827,39,1,1,,54315
50828,55,,1,,54316
50829,39,3,1,,54317
50830,39,3,1,,54318
50831,39,1,3,,54319
50832,39,1,1,,54320
50833,39,1,1,,54321
50834,23,5,1,,54321
50835,39,1,2,,54322
50836,39,1,1,,54323
50837,39,3,1,,54324
50838,39,1,1,,54325
50839,55,,1,,54326
50840,55,,1,,54327
50841,39,1,1,,54328
50842,39,1,1,,54329
50843,39,1,2,,54330
50844,39,1,2,,54331
50845,39,1,1,,54332
50846,39,1,1,,54333
50847,39,1,1,,54334
50848,55,,1,,54335
50849,39,1,1,,54336
50850,39,1,1,,54337
50851,39,1,1,,54338
50852,39,1,1,,54339
50853,23,7,1,,54339
50854,39,1,1,,54340
50855,39,1,1,,54341
50856,39,1,1,,54342
50857,39,1,1,,54343
50858,39,1,1,,54344
50859,39,1,2,,54345
50860,39,3,1,,54346
50861,39,3,2,,54347
50862,39,1,1,,54348
50863,39,1,1,,54349
50864,39,1,1,,54350
50865,39,1,2,,54351
50866,39,1,2,,54352
50867,39,1,1,,54353
50868,39,1,2,,54354
50869,39,1,1,,54355
50870,39,1,1,,54356
50871,39,1,1,,54357
50872,39,1,1,,54358
50873,39,1,1,,54359
50874,39,3,1,,54360
50875,39,1,1,,54361
50876,39,1,1,,54362
50877,23,7,1,,54362
50878,23,7,1,,54363
50879,39,1,1,,54364
50880,39,1,1,,54365
50881,39,1,1,,54366
50882,23,5,1,,54367
50883,39,1,1,,54368
50884,55,,1,,54369
50885,39,1,1,,54370
50886,39,1,1,,54371
50887,39,1,1,,54372
50888,39,1,2,,54373
50889,39,1,1,,54374
50890,39,1,1,,54375
50891,39,1,1,,54376
50892,39,1,1,,54377
50893,39,3,1,,54378
50894,39,3,1,,54379
50895,39,1,1,,54380
50896,39,1,1,,54381
50897,39,1,1,,54382
50898,39,1,1,,54383
50899,39,1,1,,54384
50900,39,1,1,,54385
50901,39,1,1,,54386
50902,39,1,2,,54387
50903,39,1,1,,54388
50904,39,1,1,,54389
50905,39,1,1,,54390
50906,39,1,2,,54391
50907,39,1,1,,54392
50908,39,1,2,,54393
50909,39,1,2,,54394
50910,39,3,1,,54395
50911,23,5,1,,54396
50912,39,1,1,,54397
50913,23,5,1,,54398
50914,39,1,3,,54399
50915,39,1,4,,54400
50916,39,1,3,,54401
50917,39,1,2,,54402
50918,39,1,2,,54403
50919,39,1,2,,54404
50920,39,1,1,,54405
50921,39,1,1,,54406
50922,39,1,1,,54407
50923,39,3,1,,54408
50924,39,1,1,,54409
50925,39,1,2,,54410
50926,39,8,2,,54411
50927,39,8,1,,54412
50928,39,1,2,,54413
50929,23,7,2,,54413
50930,39,1,1,,54414
50931,39,1,1,,54415
50932,23,7,1,,54415
50933,39,1,1,,54416
50934,39,1,1,,54417
50935,39,1,1,,54418
50936,39,1,1,,54419
50937,39,1,1,,54420
50938,39,1,1,,54421
50939,39,1,2,,54422
50940,39,1,1,,54423
50941,23,7,1,,54423
50942,39,1,1,,54424
50943,23,7,1,,54424
50944,39,1,1,,54425
50945,39,1,2,,54426
50946,39,1,2,,54427
50947,39,1,1,,54428
50948,39,1,2,,54429
50949,23,7,1,,54430
50950,39,1,2,,54431
50951,39,1,2,,54432
50952,39,1,1,,54433
50953,39,1,1,,54434
50954,39,1,1,,54435
50955,39,1,1,,54436
50956,39,1,1,,54437
50957,39,1,1,,54438
50958,39,1,1,,54439
50959,55,,1,,54440
50960,39,1,2,,54441
50961,39,1,1,,54442
50962,39,1,1,,54443
50963,39,3,1,,54444
50964,39,1,1,,54445
50965,39,1,1,,54446
50966,39,1,1,,54447
50967,39,1,2,,54448
50968,39,1,1,,54449
50969,39,1,2,,54450
50970,23,7,1,,54450
50971,39,1,1,,54451
50972,39,1,2,,54452
50973,39,1,2,,54453
50974,39,1,2,,54454
50975,39,1,1,,54455
50976,39,1,1,,54456
50977,39,3,1,,54457
50978,39,1,1,,54458
50979,39,1,1,,54459
50980,39,1,1,,54460
50981,39,1,2,,54461
50982,55,,1,,54462
50983,39,1,1,,54463
50984,55,,1,,54464
50985,39,1,1,,54465
50986,39,1,1,,54466
50987,39,3,1,,54467
50988,39,3,1,,54468
50989,23,7,1,,54469
50990,39,1,2,,54470
50991,39,1,2,,54471
50992,39,1,2,,54472
50993,39,1,1,,54473
50994,23,7,1,,54473
50995,39,3,1,,54474
50996,39,1,1,,54475
50997,23,7,1,,54475
50998,39,3,1,,54476
50999,39,3,1,,54477
51000,39,3,1,,54478
51001,39,1,1,,54479
51002,39,1,2,,54480
51003,39,1,2,,54481
51004,39,3,1,,54482
51005,39,1,2,,54483
51006,39,1,1,,54484
51007,39,1,2,,54485
51008,39,1,1,,54486
51009,39,1,1,,54487
51010,39,1,1,,54488
51011,39,1,1,,54489
51012,23,7,1,,54489
51014,39,1,2,,54490
51015,39,1,2,,54491
51016,39,1,2,,54492
51017,39,1,1,,54493
51018,39,1,1,,54494
51019,39,4,1,,54495
51020,66,,1,,54495
51022,39,1,2,,54496
51023,39,3,2,,54497
51024,39,1,1,,54498
51025,39,1,2,,54499
51026,39,1,1,,54500
51027,39,1,1,,54501
51028,39,1,2,,54502
51029,39,1,1,,54503
51030,39,1,1,,54504
51031,39,1,1,,54505
51032,23,7,1,,54505
51033,39,1,2,,54506
51034,39,1,2,,54507
51035,39,1,2,,54508
51036,39,3,1,,54509
51037,39,1,1,,54510
51038,39,1,2,,54511
51039,39,1,1,,54512
51040,39,1,2,,54513
51041,23,7,1,,54513
51042,39,1,1,,54514
51043,23,7,1,,54514
51044,39,3,1,,54515
51045,39,3,1,,54516
51046,39,1,1,,54517
51047,39,3,1,,54518
51048,39,1,1,,54519
51049,23,7,1,,54519
51050,39,1,1,,54520
51051,39,1,2,,54521
51052,39,1,1,,54522
51053,39,1,1,,54523
51054,39,3,1,,54524
51055,39,3,1,,54525
51056,39,1,1,,54526
51057,39,1,2,,54527
51058,39,1,2,,54528
51059,39,1,2,,54529
51060,39,1,1,,54530
51061,39,1,2,,54531
51062,39,1,1,,54532
51063,39,1,2,,54533
51064,39,1,1,,54534
51065,39,1,1,,54535
51066,39,1,2,,54536
51067,39,1,1,,54537
51068,39,1,2,,54538
51069,39,1,1,,54539
51070,39,1,2,,54540
51071,39,1,2,,54541
51072,23,7,1,,54541
51073,39,1,1,,54542
51074,39,3,1,,54543
51075,39,1,1,,54544
51076,39,1,1,,54545
51077,23,7,1,,54545
51078,39,1,2,,54546
51079,39,1,2,,54547
51080,39,1,2,,54548
51081,39,1,2,,54549
51082,39,1,1,,54550
51083,23,7,1,,54550
51084,39,3,1,,54551
51085,39,1,1,,54552
51086,39,1,1,,54553
51087,39,1,1,,54554
51088,23,7,1,,54554
51089,23,,1,,54555
51090,23,5,1,,54555
51091,43,,1,,54556
51092,39,1,1,,54556
51093,23,7,1,,54556
51094,39,3,1,,54557
51095,39,1,1,,54558
51096,39,1,2,,54559
51097,39,1,2,,54560
51098,39,1,2,,54561
51099,39,1,2,,54562
51100,39,1,1,,54563
51101,39,3,1,,54564
51102,39,1,1,,54565
51103,39,1,1,,54566
51104,39,1,1,,54567
51105,39,1,1,,54568
51106,23,5,1,,54568
51107,39,1,1,,54569
51108,39,1,2,,54570
51109,39,1,2,,54571
51110,39,1,2,,54572
51111,39,1,1,,54573
51112,39,3,1,,54574
51113,39,1,2,,54575
51114,39,1,2,,54576
51115,39,1,1,,54577
51116,23,5,1,,54578
51117,23,5,1,,54579
51118,23,5,1,,54580
51119,39,1,1,,54581
51120,39,1,1,,54582
51121,39,1,1,,54583
51122,39,1,2,,54584
51123,39,1,1,,54585
51124,39,1,1,,54586
51125,39,1,1,,54587
51126,39,1,2,,54588
51127,39,1,2,,54589
51128,39,1,2,,54590
51129,39,1,2,,54591
51130,39,1,1,,54592
51131,39,1,2,,54593
51132,55,,1,,54594
51133,39,1,1,,54595
51134,55,,1,,54596
51135,55,,1,,54597
51136,39,1,1,,54598
51137,39,1,1,,54599
51138,23,5,1,,54599
51139,39,,1,,54600
51140,39,1,1,,54600
51141,39,1,1,,54601
51142,39,1,1,,54602
51143,23,7,1,,54602
51144,39,1,1,,54603
51145,23,7,1,,54603
51146,39,1,1,,54604
51147,39,1,1,,54605
51148,23,7,1,,54605
51149,39,1,2,,54606
51150,39,1,1,,54607
51151,39,1,2,,54608
51152,39,1,2,,54609
51153,39,3,1,,54610
51154,39,1,1,,54611
51155,39,1,2,,54612
51156,39,1,2,,54613
51157,39,1,1,,54614
51158,39,1,1,,54615
51159,39,1,2,,54616
51160,23,7,1,,54616
51161,39,1,1,,54617
51162,39,1,1,,54617
51163,39,3,1,,54618
51164,39,3,1,,54619
51165,23,5,1,,54620
51166,23,7,1,,54621
51167,39,1,1,,54621
51168,39,1,1,,54622
51169,39,1,1,,54623
51170,39,1,1,,54624
51171,39,1,1,,54625
51172,39,1,1,,54626
51173,23,7,1,,54626
51174,39,1,1,,54627
51175,39,1,2,,54628
51176,39,1,2,,54629
51177,39,1,1,,54630
51178,39,1,1,,54631
51179,39,1,1,,54632
51180,39,1,3,,54633
51181,39,1,1,,54634
51182,39,1,3,,54635
51183,39,1,1,,54636
51184,23,7,1,,54636
51185,39,1,2,,54637
51186,23,7,1,,54637
51187,39,1,1,,54638
51188,39,1,1,,54639
51189,39,1,2,,54640
51190,23,7,1,,54640
51191,39,1,1,,54641
51192,39,1,2,,54642
51193,39,1,2,,54643
51194,39,1,1,,54644
51195,39,1,1,,54645
51196,39,1,1,,54646
51197,23,7,1,,54646
51198,39,1,2,,54647
51199,39,1,1,,54648
51200,39,1,1,,54649
51201,39,1,1,,54650
51202,39,3,1,,54651
51203,39,3,1,,54652
51204,39,1,2,,54653
51205,39,1,1,,54654
51206,39,1,2,,54655
51207,39,1,1,,54656
51208,23,7,1,,54656
51209,39,1,2,,54657
51210,39,1,1,,54658
51211,39,1,1,,54659
51212,39,1,1,,54660
51213,80,,1,,54661
51214,39,1,2,,54662
51215,39,1,2,,54663
51216,39,1,1,,54664
51217,39,1,2,,54665
51218,39,1,2,,54666
51219,23,5,1,,54667
51220,39,1,2,,54668
51221,39,1,1,,54669
51222,39,1,1,,54670
51223,39,1,1,,54671
51224,39,1,1,,54672
51225,39,1,3,,54673
51226,39,1,2,,54674
51227,39,1,1,,54675
51228,39,1,2,,54676
51229,39,1,2,,54677
51230,39,1,2,,54678
51231,39,1,2,,54679
51232,39,1,2,,54680
51233,39,1,1,,54681
51234,39,1,2,,54682
51235,39,1,1,,54683
51236,39,1,1,,54684
51237,39,1,2,,54685
51238,23,7,2,,54685
51239,39,1,2,,54686
51240,39,1,2,,54687
51241,55,,1,,54688
51242,39,3,1,,54689
51243,39,1,1,,54690
51244,39,1,1,,54691
51245,39,3,1,,54692
51246,39,3,1,,54693
51247,23,5,1,,54694
51248,39,1,1,,54695
51249,39,1,1,,54696
51250,39,1,1,,54697
51251,39,1,2,,54698
51252,39,1,1,,54699
51253,55,,1,,54700
51254,39,1,1,,54701
51255,39,1,2,,54702
51256,39,1,2,,54703
51257,39,1,2,,54704
51258,39,1,2,,54705
51259,39,1,1,,54706
51260,39,1,2,,54707
51261,39,1,1,,54708
51262,39,1,2,,54709
51263,39,3,1,,54710
51264,39,1,2,,54711
51265,23,7,1,,54711
51266,39,1,2,,54712
51267,23,7,2,,54712
51268,39,1,1,,54713
51269,39,1,1,,54714
51270,39,1,1,,54715
51271,39,1,2,,54716
51272,39,1,1,,54717
51273,39,1,1,,54718
51274,39,1,1,,54719
51275,39,1,1,,54720
51276,55,,1,,54721
51277,39,1,1,,54722
51278,39,1,2,,54723
51279,39,1,4,,54724
51280,39,1,1,,54725
51281,39,3,1,,54726
51282,39,1,2,,54727
51283,39,1,2,,54728
51284,39,3,1,,54729
51285,55,,1,,54730
51286,36,,1,,54731
51287,23,5,1,,54732
51288,39,1,1,,54733
51289,39,3,1,,54734
51290,39,3,1,,54735
51291,39,1,2,,54736
51292,39,3,1,,54737
51293,23,5,1,,54737
51294,55,,1,,54738
51295,39,1,1,,54739
51296,39,1,1,,54740
51297,23,7,1,,54740
51298,39,3,1,,54741
51299,39,1,1,,54742
51300,23,7,2,,54742
51301,39,,1,,54743
51302,39,1,1,,54743
51303,39,1,1,,54744
51304,39,1,3,,54745
51305,39,1,1,,54746
51306,39,1,2,,54747
51307,39,1,1,,54748
51308,39,1,1,,54749
51309,39,1,2,,54750
51310,39,1,1,,54751
51311,39,1,1,,54752
51312,23,7,1,,54752
51313,36,,1,,54753
51314,39,1,1,,54754
51315,39,1,1,,54755
51316,39,1,1,,54756
51317,39,1,1,,54757
51318,39,1,1,,54758
51319,39,1,1,,54759
51320,39,1,1,,54760
51321,39,1,1,,54761
51322,39,1,2,,54762
51323,36,,1,ears,54763
51324,36,,2,,54764
51325,39,1,1,,54765
51326,23,7,1,,54765
51327,39,1,2,,54766
51328,39,1,1,,54767
51329,39,1,1,,54768
51330,39,1,3,,54769
51331,39,1,3,,54770
51332,39,1,1,,54771
51333,39,1,2,,54772
51334,39,1,1,,54773
51335,39,1,1,,54774
51336,39,1,1,,54775
51337,39,1,1,,54776
51338,39,1,1,,54777
51339,39,1,1,,54778
51340,39,1,1,,54779
51341,39,1,2,,54780
51342,39,1,1,,54781
51343,39,3,1,,54782
51344,39,1,2,,54783
51345,39,1,1,,54784
51346,39,1,2,,54785
51347,23,7,1,,54785
51348,39,3,1,,54786
51349,39,1,1,,54787
51350,39,1,1,,54788
51351,39,1,1,,54789
51352,39,1,1,,54790
51353,39,1,2,,54791
51354,39,1,1,,54792
51355,23,7,1,,54792
51356,39,3,1,,54793
51357,39,1,2,,54794
51358,39,1,1,,54795
51359,39,1,1,,54796
51360,39,1,2,,54797
51361,39,1,1,,54798
51362,39,1,3,,54799
51363,23,7,2,,54799
51364,39,1,2,,54800
51365,39,1,2,,54801
51366,39,1,2,,54802
51367,39,1,1,,54803
51368,80,,1,,54804
51369,39,1,2,,54805
51370,39,1,3,,54806
51371,39,1,2,,54807
51372,39,1,2,,54808
51373,39,1,1,,54809
51374,39,1,1,,54810
51375,39,1,2,,54811
51376,39,1,2,,54812
51377,39,1,2,,54813
51378,39,1,2,,54814
51379,39,1,1,,54815
51380,39,1,2,,54816
51381,36,,1,,54817
51382,39,1,1,,54818
51383,39,1,1,,54819
51384,39,3,1,,54820
51385,39,3,1,,54821
51386,39,1,1,,54822
51387,39,1,2,,54823
51388,39,1,1,,54824
51389,39,1,1,,54825
51390,39,1,1,,54826
51391,23,7,1,,54826
51392,39,1,1,,54827
51393,39,1,2,,54828
51394,39,1,1,,54829
51395,39,3,1,,54830
51396,39,1,1,,54831
51397,39,1,2,,54832
51398,39,1,1,,54833
51399,39,1,1,,54834
51400,39,1,1,,54835
51401,39,1,1,,54836
51402,39,3,1,,54837
51403,39,3,1,,54838
51404,39,1,1,,54839
51405,39,1,1,,54840
51406,39,1,2,,54841
51407,39,3,1,,54842
51408,39,3,1,,54843
51409,23,5,1,,54844
51410,23,7,1,,54845
51411,39,1,1,,54845
51412,39,1,2,,54846
51413,39,1,2,,54847
51414,39,1,1,,54848
51415,39,1,2,,54849
51416,39,3,1,,54850
51417,39,1,2,,54851
51418,39,1,2,,54852
51419,39,1,1,,54853
51420,39,1,1,,54854
51421,39,1,2,,54855
51422,23,7,1,,54855
51423,39,1,1,,54856
51424,39,1,1,,54857
51425,39,1,1,,54858
51426,39,3,1,,54859
51427,55,,1,,54860
51428,39,1,2,,54861
51429,39,1,1,,54862
51430,23,5,1,,54862
51431,39,1,1,,54863
51432,39,3,1,,54864
51433,55,,1,,54865
51434,39,1,1,,54866
51435,39,1,1,,54867
51436,39,1,2,,54868
51437,39,1,2,,54869
51438,23,7,1,,54869
51439,23,5,1,,54870
51440,39,1,1,,54871
51441,39,1,3,,54872
51442,39,1,3,,54873
51443,39,1,3,,54874
51444,39,1,2,,54875
51445,39,1,1,,54876
51446,23,7,2,,54876
51447,39,1,2,,54877
51448,39,1,1,,54878
51449,39,1,2,,54879
51450,39,1,1,,54880
51451,39,1,1,,54881
51452,39,1,2,,54882
51453,23,7,2,,54882
51454,39,1,1,,54883
51455,39,3,1,,54884
51456,39,1,1,,54885
51457,23,7,1,,54885
51458,55,,1,,54886
51459,39,1,1,,54887
51460,39,1,2,,54888
51461,39,1,1,,54889
51462,39,1,2,,54890
51463,55,,1,,54891
51464,39,1,1,,54892
51465,39,1,1,,54893
51466,36,,1,,54894
51467,55,,1,,54895
51468,39,3,1,,54896
51469,39,1,1,,54897
51470,39,1,1,,54898
51471,39,3,1,,54899
51472,39,1,1,,54900
51473,39,1,1,,54901
51474,39,1,2,,54902
51475,39,1,1,,54903
51476,39,1,2,,54904
51477,39,1,2,,54905
51478,39,1,2,,54906
51479,39,1,2,,54907
51480,39,1,1,,54908
51481,39,1,2,,54909
51482,39,1,1,,54910
51483,39,1,2,,54911
51484,39,1,2,,54912
51485,39,1,2,,54913
51486,39,1,2,,54914
51487,55,,1,,54915
51488,39,1,1,,54916
51489,39,1,1,,54917
51490,23,7,1,,54917
51491,55,,1,,54918
51492,39,1,1,,54919
51493,55,,1,,54920
51494,39,3,1,,54921
51495,39,1,1,,54922
51496,39,3,1,,54923
51497,39,3,1,,54924
51498,39,1,1,,54925
51499,55,,1,,54926
51500,39,1,1,,54927
51501,39,1,1,,54928
51502,39,1,2,,54929
51503,23,5,1,,54929
51504,39,1,2,,54930
51505,39,1,1,,54931
51506,23,7,1,,54931
51507,23,7,1,,54932
51508,39,1,1,,54932
51509,39,1,1,,54933
51510,39,1,2,,54934
51511,55,,1,,54935
51512,39,3,1,,54936
51513,39,1,2,,54937
51514,39,1,2,,54938
51515,39,1,1,,54939
51516,39,1,3,,54940
51517,23,7,1,,54940
51518,39,1,1,,54941
51519,39,1,1,,54942
51520,39,1,1,,54943
51521,39,1,1,,54943
51522,23,7,1,,54943
51523,39,1,2,,54944
51524,39,1,2,,54945
51525,39,3,1,,54946
51526,55,,1,,54947
51527,55,,1,,54948
51528,55,,1,,54949
51529,39,1,2,,54950
51530,39,1,1,,54951
51531,39,1,1,,54952
51532,23,7,1,,54952
51533,39,3,1,,54953
51534,39,1,1,,54954
51535,39,1,1,,54955
51536,39,1,1,,54956
51537,39,1,1,,54957
51538,23,7,1,,54957
51539,39,3,1,,54958
51540,39,1,1,,54959
51541,39,1,1,,54960
51542,23,7,1,,54960
51543,39,1,3,,54961
51544,39,1,1,,54962
51545,23,7,1,,54962
51546,39,1,2,,54963
51547,39,1,1,,54964
51548,39,1,2,,54965
51549,39,1,2,,54966
51550,39,1,2,,54967
51551,39,1,1,,54968
51552,39,3,1,,54969
51553,39,1,1,,54970
51554,39,3,1,,54971
51555,39,1,2,,54972
51556,39,3,1,,54973
51557,55,,1,,54974
51558,39,1,2,,54975
51559,39,1,2,,54976
51560,39,1,2,,54977
51561,39,1,1,,54978
51562,23,5,1,,54978
51563,39,1,1,,54979
51564,39,3,1,,54980
51565,39,1,1,,54981
51566,39,1,1,,54982
51567,39,1,2,,54983
51568,39,1,1,,54984
51569,39,1,1,,54985
51570,39,1,2,,54986
51571,39,1,1,,54987
51572,39,1,1,,54988
51573,39,1,1,,54989
51574,39,1,2,,54990
51575,39,3,1,,54991
51576,39,1,1,,54992
51577,55,,1,,54993
51578,39,1,1,,54994
51579,39,1,2,,54995
51580,39,1,2,,54996
51581,39,1,1,,54997
51582,39,1,1,,54998
51583,23,7,1,,54998
51584,39,1,1,,54999
51585,55,,1,,55000
51586,39,1,2,,55001
51587,39,1,1,,55002
51588,39,3,1,,55003
51589,39,1,1,,55004
51590,36,,1,,55005
51591,36,,2,,55006
51592,39,1,1,,55007
51593,39,1,1,,55008
51594,39,1,1,,55009
51595,39,1,1,,55010
51596,23,7,1,,55010
51597,39,1,1,,55011
51598,39,1,1,,55012
51599,39,1,1,,55013
51600,39,1,1,,55014
51601,23,5,1,,55014
51602,39,1,1,,55015
51603,23,7,1,,55015
51604,39,1,2,,55016
51605,39,1,2,,55017
51606,23,7,2,,55017
51607,39,1,3,,55018
51608,39,1,1,,55019
51609,39,1,1,,55020
51610,39,1,2,,55021
51611,39,1,1,,55022
51612,39,1,1,,55023
51613,39,1,1,,55024
51614,39,1,1,,55025
51615,39,1,2,,55026
51616,39,1,2,,55027
51617,39,1,2,,55028
51618,39,1,1,,55029
51619,39,1,2,,55030
51620,39,3,1,,55031
51621,39,1,1,,55032
51622,39,1,1,,55033
51623,39,3,1,,55034
51624,39,1,1,,55035
51625,39,1,2,,55036
51626,39,1,1,,55037
51627,39,1,1,,55038
51628,39,1,1,,55039
51629,39,1,1,,55040
51630,39,1,2,,55041
51631,39,1,1,,55042
51632,39,3,1,,55043
51633,39,1,1,,55044
51634,39,1,2,,55045
51635,39,1,2,,55046
51636,23,7,1,,55046
51637,39,1,2,,55047
51638,39,1,1,,55048
51639,39,1,2,,55049
51640,39,1,2,,55050
51641,39,1,2,,55051
51642,39,1,1,,55052
51643,39,1,1,,55053
51644,39,1,1,,55054
51645,39,3,1,,55055
51646,39,1,1,,55056
51647,39,1,1,,55057
51648,36,,1,,55058
51649,36,,1,,55059
51650,36,,1,,55060
51651,39,1,2,,55061
51652,39,1,2,,55062
51653,23,7,2,,55062
51654,39,3,1,,55063
51655,39,1,1,,55064
51656,39,1,1,,55065
51657,39,1,1,,55066
51658,39,1,1,,55067
51659,39,1,1,,55068
51660,39,1,1,,55069
51661,39,1,2,,55070
51662,23,7,1,,55070
51663,39,1,2,,55071
51664,39,1,1,,55072
51665,39,1,1,,55073
51666,39,1,1,,55074
51667,39,3,1,,55075
51668,39,1,1,,55076
51669,39,3,1,,55077
51670,39,1,2,,55078
51671,39,1,1,,55079
51672,23,7,1,,55079
51673,39,1,1,,55080
51674,39,1,2,,55081
51675,39,1,2,,55082
51676,39,1,1,,55083
51677,39,1,1,,55084
51678,39,1,4,,55085
51679,39,1,2,,55086
51680,39,1,1,,55087
51681,39,3,1,,55088
51682,39,1,1,,55089
51683,23,7,1,,55089
51684,39,1,2,,55090
51685,39,1,2,,55091
51686,23,7,1,,55091
51687,39,1,2,,55092
51688,39,1,2,,55093
51689,39,1,2,,55094
51690,39,1,1,,55095
51691,39,1,1,,55096
51692,39,1,2,,55097
51693,39,3,1,,55098
51694,55,,1,,55099
51695,39,1,2,,55100
51696,39,1,2,,55101
51697,39,3,1,,55102
51698,39,3,1,,55103
51699,39,3,1,,55104
51700,39,1,1,,55105
51701,55,,1,,55106
51702,39,1,1,,55107
51703,39,1,2,,55108
51704,39,3,1,,55109
51705,39,1,2,,55110
51706,39,1,1,,55111
51707,23,5,1,,55112
51708,36,,1,,55113
51709,39,3,1,,55114
51710,36,,1,,55115
51711,36,,3,,55116
51712,36,,1,,55117
51713,55,,1,,55118
51714,55,,1,,55119
51715,39,1,2,,55120
51716,39,1,1,,55121
51717,39,1,1,,55122
51718,23,5,1,,55123
51719,23,5,1,,55124
51720,39,1,1,,55125
51721,39,1,1,,55126
51722,39,1,2,,55127
51723,39,1,1,,55128
51724,39,4,1,,55129
51725,39,1,1,,55130
51726,23,7,1,,55130
51727,39,1,2,,55131
51728,39,4,1,,55132
51729,66,,1,,55132
51730,39,1,4,,55133
51731,39,1,1,,55134
51732,39,1,1,,55135
51733,39,1,2,,55136
51734,55,,1,,55137
51735,39,3,1,,55138
51736,55,,1,,55139
51737,39,3,1,,55140
51738,39,1,1,,55141
51739,39,3,1,,55142
51740,39,3,1,,55143
51741,11,,1,,55144
51742,39,1,1,,55145
51743,55,,1,mule deer maybe,55146
51744,39,1,1,,55147
51745,39,1,1,,55148
51746,39,3,1,,55149
51747,39,3,1,,55150
51748,39,1,1,,55151
51749,39,1,1,,55152
51750,55,,1,,55153
51751,39,1,1,,55154
51752,39,1,1,,55155
51753,23,7,1,,55155
51754,39,1,1,,55156
51755,39,1,1,,55157
51756,39,1,1,,55158
51757,39,1,1,,55159
51758,23,7,1,,55159
51759,39,1,1,,55160
51760,23,7,1,,55160
51761,39,1,2,,55161
51762,39,1,1,,55162
51763,39,1,2,,55163
51764,39,1,1,,55164
51765,39,1,1,,55165
51766,39,1,1,,55166
51767,23,7,1,,55166
51768,39,1,3,,55167
51769,39,3,1,,55168
51770,39,1,1,,55169
51771,36,,1,,55170
51772,36,,1,,55171
51773,39,1,1,,55172
51774,39,3,1,,55173
51775,36,,1,,55174
51776,55,,1,,55175
51777,39,3,1,,55176
51778,39,3,1,,55177
51779,55,,1,,55178
51780,55,,1,,55179
51781,39,1,1,,55180
51782,39,1,2,,55181
51783,39,1,1,,55182
51784,55,,1,,55183
51785,39,3,1,,55184
51786,39,3,1,,55185
51787,39,1,1,,55186
51788,39,1,1,,55187
51789,39,1,2,,55188
51790,39,3,1,,55189
51791,39,1,1,,55190
51792,39,1,1,,55191
51793,39,1,2,,55192
51794,39,1,1,,55193
51795,39,1,1,,55194
51796,39,1,1,,55195
51797,39,1,1,,55196
51798,39,3,1,,55197
51799,39,3,1,,55198
51800,55,,1,,55199
51801,55,,1,,55200
51802,55,,1,,55201
51803,39,1,2,,55202
51804,23,7,1,,55203
51805,39,3,1,,55204
51806,39,1,1,,55205
51807,39,3,1,,55206
51808,39,1,2,,55207
51809,23,7,1,,55207
51810,39,1,1,,55208
51811,39,3,1,,55209
51812,39,3,1,,55210
51813,39,1,1,,55211
51814,39,3,1,,55212
51815,39,3,2,,55213
51816,36,,2,,55214
51817,36,,1,,55215
51818,36,,2,,55216
51819,36,,1,,55217
51820,39,3,1,,55218
51821,39,1,1,,55219
51822,39,1,1,,55220
51823,39,1,1,,55221
51824,39,1,1,,55222
51825,23,7,1,,55222
51826,39,1,1,,55223
51827,39,1,1,,55224
51828,39,1,1,,55225
51829,39,1,1,,55226
51830,39,1,2,,55227
51831,39,1,1,,55228
51832,39,1,2,,55229
51833,39,1,1,,55230
51834,39,1,2,,55231
51835,39,3,1,,55232
51836,39,1,1,,55233
51837,23,7,1,,55233
51838,39,1,2,,55234
51839,39,3,2,,55235
51840,39,3,1,,55236
51841,39,1,1,,55237
51842,39,3,1,,55238
51843,39,1,1,,55239
51844,39,1,1,,55240
51845,39,1,2,,55241
51846,39,1,1,,55242
51847,39,1,1,,55243
51848,39,1,1,,55244
51849,23,7,1,,55244
51850,36,,1,,55245
51851,39,1,2,,55246
51852,39,1,3,,55247
51853,39,1,1,,55248
51854,39,1,1,,55249
51855,39,1,2,,55250
51856,39,1,1,,55251
51857,39,1,3,,55252
51858,39,1,2,,55253
51859,39,1,1,,55254
51860,55,,1,,55255
51861,39,1,1,,55256
51862,39,1,2,,55257
51863,39,1,3,,55258
51864,39,1,5,,55259
51865,39,1,3,,55260
51866,39,1,2,,55261
51867,39,1,2,,55262
51868,39,1,2,,55263
51869,39,1,1,,55264
51870,39,3,1,,55265
51871,39,3,1,,55266
51872,55,,1,,55267
51873,39,1,1,,55268
51874,55,,1,,55269
51875,39,1,1,,55270
51876,39,1,1,,55271
51877,39,1,1,,55272
51878,39,1,1,,55273
51879,23,7,1,,55273
51880,39,1,1,,55274
51881,39,1,2,,55275
51882,55,,1,,55276
51883,55,,1,,55277
51884,55,,1,,55278
51885,39,1,1,,55279
51886,55,,1,,55280
51887,55,,1,,55281
51888,39,3,1,,55282
51889,39,1,1,,55283
51890,39,1,1,,55284
51891,39,1,1,,55285
51892,39,1,2,,55286
51893,39,1,1,,55287
51894,23,7,1,,55287
51895,39,3,1,,55288
51896,39,3,1,,55289
51897,39,1,3,,55290
51898,39,3,1,,55291
51899,39,1,1,,55292
51900,23,7,1,,55292
51901,39,1,2,,55293
51902,39,1,3,,55294
51903,39,1,1,,55295
51904,23,5,1,,55295
51905,39,1,1,,55296
51906,39,1,1,,55297
51907,39,1,2,,55298
51908,39,3,1,,55299
51909,39,1,1,,55300
51910,39,1,1,,55301
51911,39,1,1,,55302
51912,55,,1,,55303
51913,39,1,2,,55304
51914,39,3,1,,55305
51915,39,1,1,,55306
51916,39,1,1,,55307
51917,39,1,1,,55308
51918,39,1,1,,55309
51919,39,1,1,,55310
51920,39,1,1,,55311
51921,36,,1,,55312
51922,39,1,3,,55313
51923,55,,1,,55314
51924,39,1,1,,55315
51925,39,1,1,,55316
51926,39,1,1,,55317
51927,39,1,1,,55318
51928,39,1,1,,55319
51929,39,1,1,,55320
51930,39,1,1,,55321
51931,39,1,1,,55322
51932,39,1,1,,55323
51933,39,1,1,,55324
51934,39,1,2,,55325
51935,39,1,1,,55326
51936,39,1,1,,55327
51937,39,1,1,,55328
51938,39,1,1,,55329
51939,39,1,1,,55330
51940,39,1,2,,55331
51941,39,1,1,,55332
51942,23,7,1,,55332
51943,39,1,1,,55333
51944,39,1,1,,55334
51945,39,1,1,,55335
51946,39,1,1,,55336
51947,39,1,1,,55337
51948,39,1,2,,55338
51949,39,1,1,,55339
51950,39,1,2,,55340
51951,39,1,1,,55341
51952,39,1,2,,55342
51953,39,1,2,,55343
51954,23,7,1,,55343
51955,39,1,1,,55344
51956,39,1,1,,55345
51957,39,1,1,,55346
51958,39,1,1,,55347
51959,39,1,2,,55348
51960,39,1,1,,55349
51961,39,1,1,,55350
51962,39,1,1,,55351
51963,39,1,1,,55352
51964,39,1,1,,55353
51965,39,1,1,,55354
51966,39,1,2,,55355
51967,39,1,1,,55356
51968,39,1,1,,55357
51969,39,1,1,,55358
51970,39,1,1,,55359
51971,39,1,1,,55360
51972,39,1,1,,55361
51973,39,1,1,,55362
51974,39,1,1,,55363
51975,39,1,1,,55364
51976,55,,1,,55365
51977,39,1,1,,55366
51978,39,1,1,,55367
51979,39,1,1,,55368
51980,39,1,1,,55369
51981,39,1,1,,55370
51982,39,1,1,,55371
51983,39,1,1,,55372
51984,39,1,1,,55373
51985,39,1,2,,55374
51986,39,1,1,,55375
51987,39,1,1,,55376
51988,39,1,1,,55377
51989,39,1,1,,55378
51990,39,1,1,,55379
51991,39,1,2,,55380
51992,39,1,1,,55381
51993,39,1,1,,55382
51994,39,1,1,,55383
51995,39,1,1,,55384
51996,39,1,1,,55385
51997,39,1,1,,55386
51998,39,1,1,,55387
51999,39,1,1,,55388
52000,39,1,2,,55389
52001,39,1,1,,55390
52002,39,1,2,,55391
52003,39,1,1,,55392
52004,39,1,1,,55393
52005,39,1,1,,55394
52006,39,1,1,,55395
52007,39,1,1,,55396
52008,39,1,1,,55397
52009,39,1,2,,55398
52010,39,1,1,,55399
52011,39,1,1,,55400
52012,39,1,1,,55401
52013,39,1,2,,55402
52014,23,7,2,,55402
52015,39,1,1,,55403
52016,39,3,1,,55404
52017,39,1,2,,55405
52018,39,1,2,,55406
52019,39,3,1,,55407
52020,39,3,1,,55408
52021,39,3,1,,55409
52022,39,3,1,,55410
52023,55,,1,,55411
52024,39,1,1,,55412
52025,39,1,1,,55413
52026,39,1,1,,55414
52027,39,1,1,,55415
52028,23,7,1,,55415
52029,39,1,2,,55416
52030,39,3,1,,55417
52031,39,1,1,,55418
52032,39,3,1,,55419
52033,39,1,2,,55420
52034,39,1,1,,55421
52035,23,7,1,,55421
52036,39,1,1,,55422
52037,39,3,1,,55423
52038,23,7,1,,55424
52039,39,1,2,,55425
52040,39,1,2,,55426
52041,39,1,3,,55427
52042,39,1,2,,55428
52043,39,1,3,,55429
52044,39,1,3,,55430
52045,39,1,1,,55431
52046,23,7,1,,55431
52047,39,1,3,,55432
52048,39,1,1,,55433
52049,39,1,2,,55434
52050,39,1,1,,55435
52051,39,1,3,,55436
52052,39,1,1,,55437
52053,39,1,2,,55438
52054,39,1,1,,55439
52055,39,1,1,,55440
52056,39,1,1,,55441
52057,39,1,2,,55442
52058,23,5,2,Dogs are riding in backpacks on the people.,55442
52059,39,1,1,,55443
52060,39,1,1,,55444
52061,55,,1,,55445
52062,39,1,1,,55446
52063,39,1,1,,55447
52064,39,1,2,,55448
52065,39,1,1,,55449
52066,39,1,1,,55450
52067,39,1,1,,55451
52068,39,1,1,,55452
52069,39,1,1,,55453
52070,39,1,1,,55454
52071,39,1,1,,55455
52072,39,1,2,,55456
52073,39,1,1,,55457
52074,39,1,1,,55458
52075,39,1,1,,55459
52076,39,1,1,,55460
52077,39,1,1,,55461
52078,39,1,1,,55462
52079,39,1,1,,55463
52080,39,1,1,,55464
52081,39,1,3,,55465
52082,39,1,1,,55466
52083,39,6,2,,55467
52084,39,6,2,,55468
52085,39,6,1,,55469
52086,39,6,2,,55470
52087,39,6,1,,55471
52088,55,,1,,55472
52089,39,1,1,,55473
52090,23,7,1,,55473
52091,39,1,1,,55474
52092,39,1,1,,55475
52093,39,1,2,,55476
52094,23,7,1,,55476
52095,39,1,2,,55477
52096,23,7,1,,55477
52097,39,1,2,,55478
52098,39,3,1,,55479
52099,39,1,2,,55480
52100,39,3,1,,55481
52101,55,,1,,55482
52102,22,,1,,55483
52103,39,1,1,,55484
52104,23,7,1,,55484
52105,39,3,1,,55485
52106,39,1,1,,55486
52107,39,1,1,,55487
52108,39,1,1,,55488
52109,39,1,1,,55489
52110,39,1,1,,55490
52111,39,1,1,,55491
52112,39,1,1,,55492
52113,39,1,1,,55493
52114,39,1,1,,55494
52115,39,1,1,,55495
52116,39,3,1,,55496
52117,39,1,1,,55497
52118,39,1,1,,55498
52119,39,1,1,,55499
52120,39,1,1,,55500
52121,39,1,1,,55501
52122,39,1,1,,55502
52123,39,1,1,,55503
52124,23,7,1,,55503
52125,39,3,1,,55504
52126,39,1,1,,55505
52127,39,1,2,,55506
52128,39,1,1,,55507
52129,39,3,1,,55508
52130,39,3,1,,55509
52131,39,1,2,,55510
52132,39,1,2,,55511
52133,39,1,2,,55512
52134,23,7,1,,55512
52135,39,1,2,,55513
52136,39,1,2,,55514
52137,39,1,1,,55515
52138,39,1,1,,55516
52139,39,1,1,,55517
52140,39,1,2,,55518
52141,39,1,1,,55519
52142,23,7,1,,55519
52143,39,1,1,,55520
52144,39,1,2,,55521
52145,23,7,1,,55521
52146,39,1,1,,55522
52147,39,1,3,,55523
52148,39,1,1,,55524
52149,39,1,1,,55525
52150,39,3,1,,55526
52151,39,1,1,,55527
52152,39,1,1,,55528
52153,39,3,1,,55529
52154,39,1,1,,55530
52155,39,1,2,,55531
52156,39,1,4,,55532
52157,39,1,1,,55533
52158,39,1,2,,55534
52159,39,1,1,,55535
52160,39,1,1,,55536
52161,39,1,2,,55537
52162,23,7,1,,55537
52163,39,1,4,,55538
52164,23,7,1,,55538
52165,39,1,3,,55539
52166,39,1,3,,55540
52167,39,1,2,,55541
52168,39,3,1,,55542
52169,39,3,1,,55543
52170,39,3,1,,55544
52171,39,1,1,,55545
52172,39,1,1,,55546
52173,23,7,1,,55546
52174,39,1,1,,55547
52175,23,7,1,,55547
52176,39,1,1,,55548
52177,39,3,1,,55549
52178,39,3,1,,55550
52179,39,1,1,,55551
52180,39,1,1,,55552
52181,39,1,1,,55553
52182,39,1,1,,55554
52183,39,1,1,,55555
52184,39,3,1,,55556
52185,55,,1,,55557
52186,39,3,1,,55558
52187,39,3,1,,55559
52188,23,7,1,,55560
52189,39,1,1,,55561
52190,39,1,1,,55562
52191,39,1,2,,55563
52192,39,1,2,,55564
52193,39,1,1,,55565
52194,23,7,1,,55565
52195,39,1,1,,55566
52196,39,1,2,,55567
52197,39,3,1,,55568
52198,39,1,1,,55569
52199,23,7,1,,55569
52200,39,3,1,,55570
52201,39,3,2,,55571
52202,39,1,1,,55572
52203,39,1,1,,55573
52204,39,1,1,,55574
52205,39,1,1,,55575
52206,39,1,1,,55576
52207,39,3,1,,55577
52208,23,5,1,,55578
52209,39,1,1,,55579
52210,39,1,1,,55580
52211,39,1,1,,55581
52212,39,1,1,,55582
52213,23,7,1,,55582
52214,39,1,1,,55583
52215,39,3,1,,55584
52216,39,1,1,,55585
52217,39,1,1,,55586
52218,23,7,1,,55586
52219,39,1,1,,55587
52220,39,1,2,,55588
52221,39,1,1,,55589
52222,23,7,1,,55589
52223,39,1,1,,55590
52224,23,7,1,,55590
52225,11,,1,,55591
52226,39,1,1,,55592
52227,39,3,1,,55593
52228,39,1,1,,55594
52229,23,7,1,,55594
52230,39,1,1,,55595
52231,39,1,1,,55596
52232,39,1,1,,55597
52233,39,3,1,,55598
52234,39,3,1,,55599
52235,39,1,2,,55600
52236,39,1,1,,55601
52237,23,7,1,,55601
52238,39,3,1,,55602
52239,39,1,1,,55603
52240,39,1,1,,55604
52241,39,3,1,,55605
52242,55,,1,,55606
52243,39,3,1,,55607
52244,39,1,1,,55608
52245,39,3,1,,55609
52246,39,,2,,55610
52247,23,7,1,,55610
52248,39,1,2,,55611
52249,39,1,2,,55612
52250,23,5,1,,55613
52251,39,3,1,,55614
52252,39,1,1,,55615
52253,39,1,1,,55616
52254,39,1,1,,55617
52255,39,1,1,,55618
52256,39,1,2,,55619
52257,39,1,1,,55620
52258,39,1,2,,55621
52259,39,1,1,,55622
52260,39,1,1,,55623
52261,39,1,2,,55624
52262,23,7,1,,55624
52263,23,7,1,,55623
52264,39,1,2,,55625
52265,39,3,1,,55626
52266,39,1,1,,55627
52267,39,1,1,,55628
52268,39,3,1,,55629
52269,23,5,1,,55630
52270,39,1,2,,55631
52271,39,1,3,,55632
52272,39,1,2,,55633
52273,39,1,1,,55634
52274,39,3,1,,55635
52275,39,1,1,,55636
52276,39,1,2,,55637
52277,39,1,1,,55638
52278,39,3,1,,55639
52279,39,1,1,,55640
52280,39,1,2,,55641
52281,39,3,1,,55642
52282,39,1,3,,55643
52283,39,1,2,,55644
52284,39,1,2,,55645
52285,39,1,3,,55646
52286,55,,1,,55647
52287,39,1,1,,55648
52288,39,3,1,,55649
52289,39,3,1,,55650
52290,39,1,1,,55651
52291,39,1,1,,55652
52292,39,1,1,,55653
52293,23,7,1,,55653
52294,39,1,1,,55654
52295,39,1,2,,55655
52296,39,1,1,,55656
52297,39,1,1,,55657
52298,39,1,1,,55658
52299,39,1,1,,55659
52300,39,1,1,,55660
52301,23,7,1,,55660
52302,23,5,1,,55661
52303,39,3,1,,55662
52304,39,3,1,,55663
52305,39,1,2,,55664
52306,39,1,2,,55665
52307,39,1,1,,55666
52308,39,1,1,,55667
52309,39,3,1,,55668
52310,39,1,1,,55669
52311,39,1,1,,55670
52312,39,1,1,,55671
52313,39,1,1,,55672
52314,39,1,2,,55673
52315,39,1,1,,55674
52316,39,1,1,,55675
52317,39,1,1,,55676
52318,39,1,1,,55677
52319,39,1,3,,55678
52320,39,1,2,,55679
52321,39,1,2,,55680
52322,23,7,1,,55680
52323,39,3,1,,55681
52324,39,1,1,,55682
52325,39,1,1,,55683
52326,23,7,1,,55683
52327,39,1,2,,55684
52328,39,1,1,,55685
52329,39,1,1,,55686
52330,23,5,1,,55687
52331,39,1,2,,55688
52332,39,1,1,,55689
52333,39,1,1,,55690
52334,39,1,2,,55691
52335,39,1,1,,55692
52336,39,1,1,,55693
52337,23,7,1,,55693
52338,39,3,1,,55694
52339,39,1,1,,55695
52340,39,3,1,,55696
52341,39,1,1,,55697
52342,39,1,2,,55698
52343,39,1,2,,55699
52344,39,3,1,,55700
52345,39,1,2,,55701
52346,39,1,1,,55702
52347,39,3,1,,55703
52348,39,3,1,,55704
52349,39,3,1,,55705
52350,39,3,2,,55706
52351,39,1,2,,55707
52352,23,5,1,,55708
52353,39,1,2,,55709
52354,39,1,1,,55710
52355,39,1,1,,55711
52356,39,3,1,,55712
52357,39,3,1,,55713
52358,39,1,1,,55714
52359,39,3,1,,55715
52360,39,1,1,,55716
52361,39,1,1,,55717
52362,39,1,1,,55718
52363,39,1,1,,55719
52364,23,7,1,,55719
52365,55,,1,,55720
52366,39,1,2,,55721
52367,39,1,1,,55722
52368,23,7,1,,55722
52369,39,1,2,,55723
52370,23,7,1,,55723
52371,39,3,1,,55724
52372,23,7,1,,55725
52373,39,1,1,,55726
52374,39,1,1,,55727
52375,23,7,1,,55727
52376,55,,1,,55728
52377,39,1,2,,55729
52378,39,1,2,,55730
52379,39,1,1,,55731
52380,39,1,1,,55732
52381,39,3,1,,55733
52382,39,1,2,,55734
52383,39,1,1,,55735
52384,39,1,1,,55736
52385,39,1,1,,55737
52386,39,1,1,,55738
52387,39,1,2,,55739
52388,39,1,1,,55740
52389,39,3,1,,55741
52390,39,1,1,,55742
52391,39,1,2,,55743
52392,39,3,1,,55744
52393,39,3,1,,55745
52394,39,1,2,,55746
52395,39,3,1,,55747
52396,39,1,1,,55748
52397,11,,1,,55749
52398,39,1,1,,55750
52399,39,1,1,,55751
52400,39,1,2,,55752
52401,39,1,2,,55753
52402,39,1,2,,55754
52403,55,,1,,55755
52404,39,1,2,,55756
52405,39,1,1,,55757
52406,23,7,2,,55757
52407,39,1,1,,55758
52408,23,5,1,,55758
52409,39,1,1,,55759
52410,39,3,1,,55760
52411,39,1,3,,55761
52412,39,1,1,,55762
52413,23,7,1,,55762
52414,39,1,2,,55763
52415,39,1,1,,55764
52416,39,3,1,,55765
52417,39,1,1,,55766
52418,39,1,3,,55767
52419,39,3,1,,55768
52420,39,3,1,,55769
52421,39,1,1,,55770
52422,39,1,2,,55771
52423,39,1,2,,55772
52424,39,1,1,,55773
52425,39,1,1,,55774
52426,39,1,1,,55775
52427,23,7,1,,55775
52428,39,1,1,,55776
52429,39,1,1,,55777
52430,39,1,1,,55778
52431,23,7,1,,55778
52432,39,1,1,,55779
52433,39,,1,,55780
52434,23,7,1,,55780
52435,39,1,1,,55781
52436,39,1,1,,55782
52437,39,1,2,,55783
52438,39,1,1,,55784
52439,39,1,1,,55785
52440,39,1,2,,55786
52441,39,3,1,,55787
52442,39,3,1,,55788
52443,39,1,1,,55789
52444,39,3,2,,55790
52445,55,,1,,55791
52446,39,1,1,,55792
52447,39,3,1,,55793
52448,39,1,1,,55794
52449,23,5,1,,55795
52450,39,1,2,,55796
52451,39,1,1,,55797
52452,39,3,1,,55798
52453,39,1,1,,55799
52454,23,7,1,,55799
52455,39,1,1,,55800
52456,39,1,1,,55801
52457,39,1,2,,55802
52458,39,1,2,,55803
52459,39,1,1,,55804
52460,39,1,1,,55805
52461,11,,1,,55806
52462,11,,1,,55807
52463,23,5,1,,55808
52464,39,1,1,,55809
52465,39,1,1,,55810
52466,39,3,1,,55811
52467,39,3,1,,55812
52468,39,1,1,,55813
52469,39,1,2,,55814
52470,39,3,1,,55815
52471,39,1,1,,55816
52472,55,,1,,55817
52473,39,3,1,,55818
52474,39,1,1,,55819
52475,39,3,1,,55820
52476,39,1,2,,55821
52477,23,5,1,,55822
52478,39,1,2,,55823
52479,39,1,1,,55824
52480,39,1,1,,55825
52481,39,1,2,,55826
52482,39,1,1,,55827
52483,39,1,2,,55828
52484,39,1,2,,55829
52485,39,1,1,,55830
52486,39,1,1,,55831
52487,39,1,1,,55832
52488,39,1,2,,55833
52489,39,1,2,,55834
52490,39,1,1,,55835
52491,39,3,1,,55836
52492,39,1,1,,55837
52493,23,7,1,,55837
52494,55,,1,,55838
52495,39,1,1,,55839
52496,39,1,1,,55840
52497,39,3,1,,55841
52498,39,3,1,,55842
52499,22,,1,,55843
52500,22,,1,,55844
52501,11,,1,,55845
52502,23,5,1,,55846
52503,23,7,1,,55847
52504,39,1,1,,55847
52505,39,1,2,,55848
52506,39,1,1,,55849
52507,39,1,2,,55850
52508,39,1,1,,55851
52509,39,1,1,,55852
52510,39,1,1,,55853
52511,39,1,1,,55854
52512,39,1,1,,55855
52513,23,5,1,,55856
52514,39,1,2,,55857
52515,23,7,1,,55857
52516,39,1,1,,55858
52517,39,1,1,,55859
52518,39,1,1,,55860
52519,39,1,2,,55861
52520,39,1,2,,55862
52521,39,1,2,,55863
52522,39,1,2,,55864
52523,39,1,2,,55865
52524,39,1,3,,55866
52525,39,1,1,,55867
52526,39,1,1,,55868
52527,39,1,1,,55869
52528,39,1,1,,55870
52529,39,1,1,,55871
52530,39,1,1,,55872
52531,39,1,1,,55873
52532,39,1,1,,55874
52533,39,1,1,,55875
52534,39,1,1,,55876
52535,39,1,1,,55877
52536,39,3,1,,55878
52537,39,1,1,,55879
52538,39,3,1,,55880
52539,39,1,1,,55881
52540,39,1,1,,55882
52541,39,1,1,,55883
52542,39,1,1,,55884
52543,39,1,1,,55885
52544,39,1,1,,55886
52545,39,1,1,,55887
52546,39,1,2,,55888
52547,39,1,3,,55889
52548,39,1,2,,55890
52549,39,1,1,,55891
52550,39,1,2,,55892
52551,23,7,1,,55892
52552,39,1,1,,55893
52553,39,1,2,,55894
52554,39,1,1,,55895
52555,39,1,1,,55896
52556,39,1,1,,55897
52557,39,1,1,,55898
52558,23,7,1,,55898
52559,39,1,2,,55899
52560,39,1,4,,55900
52561,39,3,1,,55901
52562,39,3,1,,55902
52563,39,1,1,,55903
52564,39,,1,,55904
52565,23,7,2,,55904
52566,39,,1,,55905
52567,23,7,1,,55905
52568,39,1,2,,55906
52569,39,1,1,,55907
52570,39,1,2,,55908
52571,39,1,1,,55909
52572,39,1,2,,55910
52573,39,1,2,,55911
52574,39,3,1,,55912
52575,39,1,1,,55913
52576,39,3,1,,55914
52577,22,,1,,55915
52578,39,,1,,55916
52579,23,7,1,,55916
52580,39,1,2,,55917
52581,39,1,1,,55918
52582,39,1,1,,55919
52583,23,7,1,,55919
52584,39,1,1,,55920
52585,39,1,2,,55921
52586,39,1,1,,55922
52587,39,1,1,,55923
52588,39,1,1,,55924
52589,39,1,1,,55925
52590,39,1,1,,55926
52591,39,3,1,,55927
52592,39,1,1,,55928
52593,39,1,1,,55929
52594,39,1,1,,55930
52595,39,1,1,,55931
52596,39,1,2,,55932
52597,39,1,1,,55933
52598,23,7,1,,55933
52599,39,,1,,55934
52600,23,7,1,,55934
52601,39,1,3,,55935
52602,39,1,1,,55936
52603,11,,1,,55937
52604,39,1,1,,55938
52605,39,1,1,,55939
52606,39,3,1,,55940
52607,39,1,1,,55941
52608,39,1,1,,55942
52609,39,,1,,55943
52610,23,7,1,,55943
52611,39,1,1,,55944
52612,39,1,2,,55945
52613,39,1,2,,55946
52614,39,1,2,,55947
52615,39,1,2,,55948
52616,39,1,2,,55949
52617,39,1,2,,55950
52618,39,3,1,,55951
52619,39,1,1,,55952
52620,39,1,1,,55953
52621,23,5,1,,55954
52622,39,1,2,,55955
52623,23,7,1,,55955
52624,39,1,1,,55956
52625,39,1,2,,55957
52626,39,1,1,,55958
52627,39,1,1,,55959
52628,39,1,1,,55960
52629,39,3,1,,55961
52630,39,1,1,,55962
52631,39,1,1,,55963
52632,39,1,2,,55964
52633,39,3,1,,55965
52634,39,3,1,,55966
52635,39,3,1,,55967
52636,39,3,1,,55968
52637,39,3,1,,55969
52638,39,3,1,,55970
52639,39,1,1,,55971
52640,39,1,1,,55972
52641,39,1,1,,55973
52642,39,1,1,,55974
52643,39,1,1,,55975
52644,39,1,1,,55976
52645,23,7,1,,55976
52646,11,,1,,55977
52647,39,1,1,,55978
52648,23,7,1,,55978
52649,39,1,2,,55979
52650,39,1,2,,55980
52651,39,1,1,,55981
52652,39,1,1,,55982
52653,39,3,1,,55983
52654,39,3,1,,55984
52655,39,3,1,,55985
52656,39,1,1,,55986
52657,39,1,1,,55987
52658,39,3,1,,55988
52659,39,1,1,,55989
52660,39,4,1,,55990
52661,39,1,1,,55991
52662,39,1,1,,55992
52663,39,1,2,,55993
52664,39,1,2,,55994
52665,39,1,1,,55995
52666,39,1,2,,55996
52667,39,1,2,,55997
52668,39,3,1,,55998
52669,39,3,1,,55999
52670,39,1,1,,56000
52671,39,1,1,,56001
52672,39,1,1,,56002
52673,11,,1,,56003
52674,39,,2,,56004
52675,23,7,1,,56004
52676,11,,1,,56005
52677,39,3,1,,56006
52678,39,3,1,,56007
52679,39,1,2,,56008
52680,39,3,1,,56009
52681,39,3,1,,56010
52682,11,,1,,56011
52683,39,1,1,,56012
52684,39,1,1,,56013
52685,23,7,1,,56014
52686,39,1,1,,56014
52687,39,1,1,,56015
52688,39,3,1,,56016
52689,39,1,2,,56017
52690,39,1,1,,56018
52691,39,1,1,,56019
52692,39,3,1,,56020
52693,39,1,1,,56021
52694,39,1,1,,56022
52695,39,3,1,,56023
52696,39,1,1,,56024
52697,39,1,2,,56025
52698,23,5,1,,56026
52699,39,1,1,,56027
52700,39,1,1,,56028
52701,23,7,2,,56029
52702,39,1,2,,56030
52703,39,1,1,,56031
52704,23,7,1,,56031
52705,23,7,2,,56032
52706,23,,1,,56033
52707,39,1,1,,56034
52708,39,1,1,,56035
52709,39,1,1,,56036
52710,39,1,1,,56037
52711,39,1,1,,56038
52712,23,7,1,,56038
52713,22,,1,,56039
52714,39,1,1,,56040
52715,39,1,2,,56041
52716,39,1,3,,56042
52717,39,1,1,,56043
52718,39,1,1,,56044
52719,39,1,1,,56045
52720,39,1,2,,56046
52721,23,7,1,,56047
52722,39,1,2,,56048
52723,39,,1,,56049
52724,23,7,1,,56049
52725,39,1,2,,56050
52726,39,3,1,,56051
52727,39,1,1,,56052
52728,39,1,1,,56053
52729,39,1,1,,56054
52730,39,1,2,,56055
52731,39,1,2,,56056
52732,39,3,1,,56057
52733,39,1,2,,56058
52734,39,1,1,,56059
52735,39,1,2,,56060
52736,39,1,1,,56061
52737,39,3,1,,56062
52738,39,1,2,,56063
52739,39,1,2,,56064
52740,39,3,1,,56065
52741,39,3,1,,56066
52742,11,,1,,56067
52743,39,3,1,,56068
52744,23,7,1,,56069
52745,39,1,1,,56069
52746,39,,1,,56070
52747,23,7,1,,56070
52748,39,1,2,,56071
52749,39,1,1,,56072
52750,39,1,1,,56073
52751,39,1,2,,56074
52752,39,1,2,,56075
52753,39,1,1,,56076
52754,39,1,1,,56077
52755,23,7,2,,56077
52756,39,1,1,,56078
52757,39,1,2,,56079
52758,39,1,1,,56080
52759,39,3,1,,56081
52760,39,3,1,,56082
52761,39,8,1,,56083
52762,39,8,1,,56084
52763,11,,1,,56085
52764,39,3,1,,56086
52765,39,3,1,,56087
52766,39,1,2,,56088
52767,39,1,1,,56089
52768,39,1,2,,56090
52769,39,1,1,,56091
52770,39,1,1,,56092
52771,39,1,1,,56093
52772,39,1,2,,56094
52773,39,1,1,,56095
52774,39,1,2,,56096
52775,39,1,1,,56097
52776,39,1,1,,56098
52777,39,1,1,,56099
52778,39,1,1,,56100
52779,39,3,1,,56101
52780,39,3,1,,56102
52781,39,1,1,,56103
52782,39,,1,,56104
52783,23,7,1,,56104
52784,39,1,1,,56105
52785,39,1,1,,56106
52786,23,7,1,,56106
52787,39,,1,,56107
52788,23,7,1,,56107
52789,39,1,2,,56108
52790,23,7,1,,56108
52791,39,1,1,,56109
52792,23,7,1,,56109
52793,39,1,2,,56110
52794,39,3,1,,56111
52795,39,3,1,,56112
52796,39,3,1,,56113
52797,39,3,1,,56114
52798,39,3,1,,56115
52799,39,1,1,,56116
52800,23,7,2,,56117
52801,39,1,1,,56118
52802,23,5,1,,56119
52803,39,1,1,,56120
52804,39,1,1,,56121
52805,11,,1,,56122
52806,39,1,2,,56123
52807,39,1,1,,56124
52808,39,3,1,,56125
52809,39,1,1,,56126
52810,39,1,1,,56127
52811,39,1,1,,56128
52812,39,1,1,,56129
52813,23,7,1,,56129
52814,39,1,1,,56130
52815,39,1,2,,56131
52816,39,1,1,,56132
52817,23,7,1,,56132
52818,39,1,1,,56133
52819,39,1,1,,56134
52820,39,1,1,,56135
52821,39,3,1,,56136
52822,39,1,1,,56137
52823,39,1,2,,56138
52824,39,1,3,,56139
52825,39,1,2,,56140
52826,39,3,1,,56141
52827,39,1,1,,56142
52828,39,3,1,,56143
52829,39,1,2,,56144
52830,39,3,1,,56145
52831,39,1,1,,56146
52832,39,3,1,,56147
52833,39,3,1,,56148
52834,39,1,1,,56149
52835,39,1,2,,56150
52836,39,3,1,,56151
52837,39,3,1,,56152
52838,39,1,1,,56153
52839,39,1,1,,56154
52840,39,1,1,,56155
52841,39,1,3,,56156
52842,23,7,2,,56156
52843,39,1,1,,56157
52844,39,1,1,,56158
52845,39,1,1,,56159
52846,39,1,1,,56160
52847,39,1,1,,56161
52848,39,1,1,,56162
52849,39,1,1,,56163
52850,23,5,1,,56164
52851,39,1,1,,56165
52852,39,3,1,,56166
52853,23,5,1,,56166
52854,39,1,1,,56167
52855,23,7,1,,56167
52856,39,1,1,,56168
52857,39,1,1,,56169
52858,39,3,1,,56170
52859,39,1,1,,56171
52860,39,3,1,,56172
52861,39,3,1,,56173
52862,39,3,1,,56174
52863,39,1,1,,56175
52864,39,1,1,,56176
52865,39,1,1,,56177
52866,39,1,1,,56178
52867,39,1,1,,56179
52868,39,1,2,,56180
52869,39,1,2,,56181
52870,23,7,1,,56181
52872,39,,1,,56182
52873,23,7,1,,56182
52874,39,1,2,,56183
52875,39,1,2,,56184
52876,23,7,2,,56184
52877,39,3,1,,56185
52878,39,1,2,,56186
52879,39,1,1,,56187
52880,23,7,1,,56187
52881,39,3,1,,56188
52882,39,1,1,,56189
52883,39,3,1,,56190
52884,39,1,1,,56191
52885,23,7,1,,56191
52886,39,1,2,,56192
52887,39,3,1,,56193
52888,39,3,1,,56194
52889,39,1,1,,56195
52890,39,1,2,,56196
52891,39,1,1,,56197
52892,39,1,1,,56198
52893,39,1,1,,56199
52894,23,7,1,,56199
52895,39,1,1,,56200
52896,39,1,1,,56201
52897,39,1,1,,56202
52898,39,1,1,,56203
52899,39,1,1,,56204
52900,23,7,2,,56204
52901,39,1,1,,56205
52902,39,3,1,,56206
52903,39,1,2,,56207
52904,39,1,1,,56208
52905,39,1,1,,56209
52906,11,,1,,56210
52907,39,1,1,,56211
52908,39,1,1,,56212
52909,23,7,1,,56212
52910,39,1,1,,56213
52911,39,3,1,,56214
52912,39,1,1,,56215
52913,39,1,1,,56216
52914,39,1,1,,56217
52915,39,1,1,,56218
52916,39,1,1,,56219
52917,39,1,2,,56220
52918,39,1,1,,56221
52919,39,1,2,,56222
52920,39,3,1,,56223
52921,11,,1,,56224
52922,22,,1,,56225
52923,39,1,1,,56226
52924,39,1,1,,56227
52925,23,7,1,,56227
52926,39,1,1,,56228
52927,39,1,2,,56229
52928,39,1,1,,56230
52929,39,1,1,,56231
52930,39,1,1,,56232
52931,39,1,1,,56233
52932,23,5,1,,56234
52933,39,1,1,,56235
52934,39,1,1,,56236
52935,23,7,1,,56236
52936,39,3,1,,56237
52937,39,1,1,,56238
52938,39,1,1,,56239
52939,39,1,2,,56240
52940,39,1,1,,56241
52941,39,1,1,,56242
52942,39,1,1,,56243
52943,39,1,2,,56244
52944,39,1,1,,56245
52945,39,1,1,,56246
52946,39,1,2,,56247
52947,39,1,2,,56248
52948,39,1,1,,56249
52949,23,7,1,,56249
52950,39,1,1,,56250
52951,39,1,1,,56251
52952,39,1,2,,56252
52953,23,7,1,,56252
52954,23,7,1,,56253
52955,39,1,1,,56254
52956,39,1,2,,56255
52957,39,3,1,,56256
52958,39,1,2,,56257
52959,39,1,1,,56258
52960,55,,1,,56259
52961,39,3,1,,56260
52962,39,1,1,,56261
52963,39,6,1,,56262
52964,23,7,1,,56262
52965,39,6,1,,56263
52966,23,7,1,,56263
52967,39,1,1,,56264
52968,23,7,1,,56264
52969,39,1,1,,56265
52970,39,1,2,,56266
52971,39,1,2,,56267
52972,39,1,1,,56268
52973,39,1,2,,56269
52974,39,1,1,,56270
52975,39,1,1,,56271
52976,23,7,1,,56271
52977,39,1,1,,56272
52978,39,1,1,,56273
52979,39,1,1,,56274
52980,39,1,1,,56275
52981,23,7,1,,56275
52982,39,1,1,,56276
52983,39,1,1,,56277
52984,39,1,1,,56278
52985,39,1,1,,56279
52986,39,1,2,,56280
52987,39,1,1,,56281
52988,39,1,2,,56282
52989,39,1,1,,56283
52990,39,1,1,,56284
52991,39,1,1,,56285
52992,11,,1,,56286
52993,39,1,1,,56287
52994,23,7,1,,56288
52995,39,1,1,,56289
52996,39,1,1,,56290
52997,39,1,2,,56291
52998,23,7,2,,56291
52999,39,1,1,,56293
53000,23,7,1,,56293
53001,39,1,1,,56294
53002,39,1,1,,56295
53003,39,1,2,,56296
53004,39,1,2,,56297
53005,39,1,1,,56298
53006,39,1,1,,56299
53007,39,1,1,,56300
53008,39,1,2,,56301
53009,39,1,1,,56302
53010,39,1,2,,56303
53011,39,1,2,,56304
53012,39,3,1,,56305
53013,39,1,2,,56306
53014,39,1,1,,56307
53015,39,3,1,,56308
53016,39,3,1,,56309
53017,39,3,1,,56310
53018,11,,1,,56311
53019,39,1,1,,56312
53020,39,1,1,,56313
53021,39,1,1,,56314
53022,23,5,1,,56315
53023,39,1,1,,56316
53024,23,7,1,,56317
53025,39,1,1,,56318
53026,39,1,1,,56319
53027,39,1,1,,56320
53028,39,1,1,,56321
53029,39,1,1,,56322
53030,23,7,1,,56322
53031,39,1,1,,56323
53032,39,1,1,,56324
53033,23,7,1,,56324
53034,39,1,1,,56325
53035,23,7,1,,56325
53036,39,1,3,,56326
53037,23,7,2,,56326
53038,39,1,1,,56327
53039,11,,1,,56328
53040,39,1,1,,56329
53041,39,1,2,,56330
53042,39,3,1,,56331
53043,39,1,2,,56332
53044,39,1,2,,56333
53045,39,1,1,,56334
53046,23,7,1,,56334
53047,39,3,1,,56335
53048,39,1,2,,56336
53049,39,1,2,,56337
53050,39,1,2,,56338
53051,39,1,1,,56339
53052,23,7,1,,56339
53053,39,1,2,,56340
53054,23,7,1,,56340
53055,39,1,1,,56341
53056,39,1,2,,56342
53057,39,1,2,,56343
53058,39,1,1,,56344
53059,39,1,2,,56345
53060,39,1,2,,56346
53061,39,1,2,,56347
53062,39,1,1,,56348
53063,23,7,1,,56348
53064,39,1,1,,56349
53065,23,7,1,,56349
53066,39,1,1,,56350
53067,39,1,2,,56351
53068,39,1,2,,56352
53069,39,1,1,,56353
53070,39,1,2,,56354
53071,39,1,2,,56355
53072,39,1,1,,56356
53073,39,1,1,,56357
53074,39,1,1,,56358
53075,39,1,1,,56359
53076,39,1,1,,56360
53077,39,1,1,,56361
53078,39,1,2,,56362
53079,39,1,1,,56363
53080,39,1,1,,56364
53081,39,1,1,,56365
53082,39,1,1,,56366
53083,39,1,1,,56367
53084,39,1,1,,56368
53085,39,1,1,,56369
53086,39,1,1,,56370
53087,39,1,2,,56371
53088,11,,1,,56372
53089,39,1,1,,56373
53090,39,1,1,,56374
53091,39,1,1,,56375
53092,39,1,1,,56376
53093,39,1,1,,56377
53094,39,1,1,,56378
53095,39,1,1,,56379
53096,39,1,2,,56380
53097,23,7,2,,56380
53098,39,1,1,,56381
53099,39,1,1,,56382
53100,39,1,1,,56383
53101,39,1,1,,56384
53102,39,1,1,,56385
53103,39,1,1,,56386
53104,39,1,1,,56387
53105,39,1,1,,56388
53106,39,1,2,,56389
53107,39,1,1,,56390
53108,23,7,1,,56390
53109,39,1,1,,56391
53110,39,1,1,,56392
53111,39,1,1,,56393
53112,39,1,2,,56394
53113,39,1,1,,56395
53114,11,,1,,56396
53115,23,7,1,,56397
53116,39,1,2,,56398
53117,39,1,1,,56399
53118,39,1,2,,56400
53119,39,1,1,,56401
53120,23,7,1,,56401
53121,39,1,1,,56402
53122,23,7,1,,56402
53123,39,1,1,,56403
53124,39,1,1,,56404
53125,39,1,2,,56405
53126,39,1,2,,56406
53127,39,1,2,,56407
53128,39,1,2,,56408
53129,39,1,1,,56409
53130,39,1,1,,56410
53131,39,1,1,,56411
53132,39,1,2,,56412
53133,39,1,2,,56413
53134,39,1,1,,56414
53135,39,1,1,,56415
53136,39,1,2,,56416
53137,39,4,1,,56417
53138,66,,1,,56417
53139,39,1,1,,56418
53140,39,1,2,,56419
53141,39,,1,moon,56420
53142,39,1,1,,56421
53143,39,1,1,,56292
53144,39,1,2,,56422
53145,39,1,1,,56423
53146,39,1,1,,56424
53147,39,1,1,,56425
53148,39,1,1,,56426
53149,23,7,1,,56426
53150,39,1,1,,56427
53151,39,1,2,,56428
53152,39,1,1,,56429
53153,23,7,1,,56429
53154,39,3,1,,56430
53155,39,1,1,,56431
53156,39,1,2,,56432
53157,39,1,1,,56433
53158,39,1,1,,56434
53159,23,7,1,,56434
53160,39,1,2,,56435
53161,23,7,1,,56435
53162,39,3,1,,56436
53163,39,1,1,,56437
53164,39,1,1,,56438
53165,39,1,1,,56439
53166,23,7,1,,56439
53167,39,1,2,,56440
53168,39,1,1,,56441
53169,39,3,1,,56442
53170,39,3,1,,56443
53171,39,1,1,,56444
53172,23,7,1,,56444
53173,39,1,2,,56445
53174,39,1,2,,56446
53175,39,1,1,,56447
53176,39,1,2,,56448
53177,39,1,2,,56449
53178,39,1,1,,56450
53179,39,1,1,,56451
53180,39,1,1,,56452
53181,23,7,1,,56452
53182,39,1,1,,56453
53183,39,1,2,,56454
53184,39,1,2,,56455
53185,39,1,2,,56456
53186,23,7,1,,56456
53187,39,1,1,,56457
53188,39,1,1,,56458
53189,23,7,1,,56459
53190,39,1,2,,56460
53191,39,1,2,,56461
53192,39,1,2,,56462
53193,39,1,2,,56463
53194,39,1,2,,56464
53195,39,1,1,,56465
53196,39,1,1,,56466
53197,39,1,2,,56467
53198,39,1,1,,56468
53199,23,7,1,,56468
53200,39,1,1,,56469
53201,23,5,1,,56469
53202,39,1,1,,56470
53203,39,3,1,,56471
53204,39,3,1,,56472
53205,39,1,2,,56473
53206,23,7,1,,56473
53207,39,1,2,,56474
53208,39,1,2,,56475
53209,39,1,2,,56476
53210,39,1,1,,56477
53211,39,1,1,,56478
53212,23,7,1,,56478
53213,39,1,1,,56479
53214,39,1,1,,56480
53215,39,1,1,,56481
53216,39,1,1,,56482
53217,39,1,1,,56483
53218,23,7,1,,56483
53219,39,1,1,,56484
53220,39,1,2,,56485
53221,39,1,1,,56486
53222,39,1,2,,56487
53223,39,1,1,,56488
53224,39,1,2,,56489
53225,23,7,1,,56490
53226,39,1,1,,56491
53227,39,1,1,,56492
53228,39,1,2,,56493
53229,39,1,1,,56494
53230,23,7,1,,56494
53231,39,1,1,,56495
53232,23,7,1,,56495
53233,23,7,1,,56496
53234,39,1,1,,56497
53235,39,1,1,,56498
53236,39,1,1,,56499
53237,39,1,1,,56500
53238,39,1,1,,56501
53239,39,1,1,,56502
53240,39,1,2,,56503
53241,39,1,1,,56504
53242,39,1,1,,56505
53243,39,1,1,,56506
53244,39,1,2,,56507
53245,39,1,1,,56508
53246,39,1,1,,56509
53247,39,1,2,,56510
53248,8,,1,,56511
53249,39,1,1,,56512
53250,23,5,1,,56513
53251,39,1,1,,56514
53252,39,1,2,,56515
53253,39,1,1,,56516
53254,39,1,1,,56517
53255,23,7,1,,56517
53256,39,1,1,,56518
53257,23,7,1,,56518
53258,39,1,1,,56519
53259,39,1,1,,56520
53260,39,1,2,,56521
53261,39,1,2,,56522
53262,39,1,1,,56523
53263,39,1,1,,56524
53264,39,1,1,,56525
53265,39,1,1,,56526
53266,39,1,1,,56527
53267,39,1,1,,56528
53268,23,5,1,,56529
53269,39,1,1,,56530
53270,23,7,1,,56530
53271,39,1,1,,56531
53272,39,1,1,,56532
53273,39,1,1,,56533
53274,39,1,1,,56534
53275,23,7,1,,56534
53276,39,1,1,,56535
53277,39,1,1,,56536
53278,39,1,2,,56537
53279,39,1,1,,56538
53280,39,1,1,,56539
53281,39,1,1,,56540
53282,39,1,3,,56541
53283,39,1,1,,56542
53284,39,1,2,,56543
53285,39,1,1,,56544
53286,23,7,1,,56544
53287,39,1,2,,56545
53288,39,1,1,,56546
53289,39,1,2,,56547
53290,23,7,1,,56547
53291,39,1,1,,56548
53292,39,1,1,,56549
53293,39,1,1,,56550
53294,39,1,2,,56551
53295,39,1,1,,56552
53296,39,1,1,,56553
53297,39,1,1,,56554
53298,23,7,1,,56554
53299,39,1,2,,56555
53300,39,1,1,,56556
53301,23,7,1,,56556
53302,39,1,1,,56557
53303,39,1,2,,56558
53304,39,1,1,,56559
53305,39,1,1,,56560
53306,23,7,1,,56561
53307,39,1,2,,56562
53308,39,1,1,,56563
53309,39,1,1,,56564
53310,39,1,1,,56565
53311,39,1,2,,56566
53312,39,1,2,,56567
53313,39,1,1,,56568
53314,39,1,2,,56569
53315,80,,1,,56570
53316,39,1,2,,56571
53317,23,7,1,,56572
53318,39,1,2,,56573
53319,39,1,1,,56574
53320,39,1,1,,56575
53321,39,1,2,,56576
53322,39,1,2,,56577
53323,39,1,1,,56578
53324,39,1,2,,56579
53325,39,1,1,,56580
53326,80,,1,,56581
53327,39,1,1,,56582
53328,39,1,2,,56583
53329,39,1,1,,56584
53330,39,1,1,,56585
53331,23,7,1,,56585
53332,39,1,1,,56586
53333,23,7,2,,56586
53334,39,1,1,,56587
53335,39,1,2,,56588
53336,39,3,1,,56589
53337,39,1,1,,56590
53338,39,1,1,,56591
53339,39,1,1,,56592
53340,39,3,1,,56593
53341,39,3,1,,56594
53342,39,1,1,,56595
53343,39,1,1,,56596
53344,39,1,1,,56597
53345,39,1,1,,56598
53346,39,1,4,,56599
53347,60,,1,,56600
53348,39,1,1,,56601
53349,39,1,1,,56602
53350,39,1,1,,56603
53351,39,1,1,,56604
53352,39,1,2,,56605
53353,39,1,1,,56606
53354,39,1,2,,56607
53355,23,7,1,,56607
53356,39,1,2,,56608
53357,23,7,3,,56608
53358,39,1,1,,56609
53359,39,1,1,,56610
53360,39,1,1,,56611
53361,39,1,1,,56612
53362,39,1,1,,56613
53363,60,,1,,56614
53364,39,1,1,,56615
53365,39,1,1,,56616
53366,39,1,2,,56617
53367,39,1,3,,56618
53368,39,1,1,,56619
53369,39,1,2,,56620
53370,39,1,1,,56621
53371,39,1,1,,56622
53372,39,3,1,,56623
53373,60,,1,,56624
53374,39,1,2,,56625
53375,39,1,2,,56626
53376,39,1,1,,56627
53377,39,1,1,,56628
53378,23,7,1,,56628
53379,23,7,2,,56629
53380,39,1,1,,56630
53381,39,1,1,,56631
53382,39,1,2,,56632
53383,39,1,1,,56633
53384,39,1,2,,56634
53385,39,1,1,,56635
53386,23,7,1,,56635
53387,59,1,2,,56636
53388,36,,1,,56637
53389,39,1,1,,56638
53390,39,1,1,,56639
53391,39,1,1,,56640
53392,39,3,1,,56641
53393,39,1,1,,56642
53394,39,1,1,,56643
53395,39,1,1,,56644
53396,39,1,1,,56645
53397,39,1,2,,56646
53398,39,1,2,,56647
53399,36,,1,,56648
53400,39,1,1,,56649
53401,23,7,1,,56649
53402,39,1,2,,56650
53403,39,1,1,,56651
53404,39,1,2,,56652
53405,39,1,2,,56653
53406,39,1,3,,56654
53407,39,1,4,,56655
53408,39,1,3,,56656
53409,39,1,2,,56657
53410,60,,1,,56658
53411,39,1,1,,56659
53412,39,1,1,,56660
53413,39,1,2,,56661
53414,39,1,1,,56662
53415,39,1,1,,56663
53416,39,1,1,,56664
53417,39,1,2,,56665
53418,39,1,1,,56666
53419,39,1,2,,56667
53420,39,1,1,,56668
53421,39,1,1,,56669
53422,39,1,2,,56670
53423,39,1,1,,56671
53424,39,1,1,,56672
53425,39,1,1,,56673
53426,39,1,2,,56674
53427,39,1,1,,56675
53428,39,1,2,,56676
53429,39,1,3,,56677
53430,39,1,3,,56678
53431,39,1,1,,56679
53432,39,1,1,,56680
53433,39,1,1,,56681
53434,39,1,2,,56682
53435,39,1,2,,56683
53436,39,1,2,,56684
53437,39,1,2,,56685
53438,39,1,1,,56686
53439,39,1,2,,56687
53440,39,3,1,,56688
53441,39,1,1,,56689
53442,39,1,1,,56690
53443,39,1,1,,56691
53444,39,1,1,,56692
53445,39,1,1,,56693
53446,39,1,1,,56694
53447,39,1,1,,56695
53448,60,,1,,56697
53449,39,1,1,,56696
53450,39,1,1,,56698
53451,39,1,2,,56699
53452,39,1,1,,56700
53453,39,1,1,,56701
53454,39,1,1,,56702
53455,39,1,1,,56703
53456,39,1,1,,56704
53457,39,1,1,,56705
53458,39,1,2,,56706
53459,55,,1,,56707
53460,39,1,2,,56708
53461,23,5,1,,56708
53462,39,,1,,56709
53463,23,7,1,,56709
53464,39,1,2,,56710
53465,39,1,2,,56711
53466,39,1,2,,56712
53467,39,3,1,,56713
53468,39,1,1,,56714
53469,39,1,2,,56715
53470,39,1,2,,56716
53471,39,1,1,,56717
53472,39,1,2,,56718
53473,39,1,1,,56719
53474,39,1,1,,56720
53475,39,1,2,,56721
53476,23,7,1,,56722
53477,39,1,1,,56723
53478,39,1,1,,56724
53479,39,1,1,,56725
53480,39,1,1,,56726
53481,39,1,1,,56727
53482,39,1,1,,56728
53483,39,1,1,,56729
53484,23,7,1,,56729
53485,39,3,1,,56730
53486,39,1,4,,56731
53487,39,1,2,,56732
53488,39,1,2,,56733
53489,39,1,1,,56734
53490,23,7,1,,56734
53491,39,1,1,,56735
53492,39,1,2,,56736
53493,39,1,1,,56737
53494,39,1,2,,56738
53495,39,1,2,,56739
53496,39,1,2,,56740
53497,23,7,2,,56740
53498,39,1,2,,56741
53499,39,1,1,,56742
53500,39,1,2,,56743
53501,39,1,2,,56744
53502,60,,1,,56745
53503,39,1,1,,56746
53504,60,,1,,56747
53505,39,1,1,,56748
53506,23,5,1,,56748
53507,39,1,2,,56749
53508,39,3,1,,56750
53509,39,1,1,,56751
53510,39,1,1,,56752
53511,39,1,1,,56753
53512,23,5,1,,56753
53513,60,,1,,56754
53514,39,1,2,,56755
53515,39,1,1,,56756
53516,23,7,1,,56757
53517,39,1,2,,56758
53518,39,1,1,,56759
53519,39,1,1,,56760
53520,23,7,1,,56760
53521,39,1,1,,56761
53522,39,1,1,,56762
53523,39,1,1,,56763
53524,39,1,1,,56764
53525,23,5,1,,56764
53526,39,1,2,,56765
53527,39,1,1,,56766
53528,23,7,1,,56766
53529,39,3,1,,56767
53530,60,,1,,56768
53531,39,1,1,,56769
53532,39,1,1,,56770
53533,39,1,2,,56771
53534,39,1,2,,56772
53535,39,1,1,,56773
53536,39,1,2,,56774
53537,23,7,1,,56774
53538,39,1,1,,56775
53539,39,1,1,,56776
53540,39,1,1,,56777
53541,23,7,1,,56777
53542,39,1,2,,56778
53543,39,1,1,,56779
53544,39,1,2,,56780
53545,39,1,1,,56781
53546,60,,1,,56782
53547,39,1,1,,56783
53548,39,1,1,,56784
53549,39,1,1,,56785
53550,39,1,1,,56786
53551,23,,1,,56786
53552,60,,1,,56787
53553,60,,1,,56788
53554,39,1,1,,56789
53555,23,7,1,,56789
53556,39,1,1,,56790
53557,60,,1,,56791
53558,39,3,1,,56792
53559,39,1,1,,56793
53560,23,7,1,,56793
53561,39,1,1,,56794
53562,39,1,2,,56795
53563,39,1,2,,56796
53564,39,1,2,,56797
53565,23,5,1,,56797
53566,39,1,1,,56798
53567,39,1,1,,56799
53568,39,1,2,,56800
53569,39,1,1,,56801
53570,39,1,2,,56802
53571,39,1,2,,56803
53572,39,1,2,,56804
53573,39,1,1,,56805
53574,23,7,1,,56805
53575,39,1,1,,56806
53576,39,1,1,,56807
53577,39,1,1,,56808
53578,39,1,1,,56809
53579,39,1,1,,56810
53580,39,1,1,,56811
53581,39,1,2,,56812
53582,39,1,1,,56813
53583,39,1,1,,56814
53584,39,1,1,,56815
53585,39,1,1,,56816
53586,39,1,2,,56817
53587,39,1,1,,56818
53588,39,1,1,,56819
53589,39,1,2,,56820
53590,39,1,2,,56821
53591,39,1,1,,56822
53592,39,1,1,,56823
53593,23,5,1,,56824
53594,39,1,1,,56825
53595,39,1,1,,56826
53596,39,1,1,,56827
53597,39,1,1,,56828
53598,39,1,1,,56829
53599,39,1,1,,56830
53600,23,7,1,,56831
53601,39,1,1,,56832
53602,39,1,1,,56833
53603,39,3,1,,56834
53604,39,1,1,,56835
53605,23,5,1,,56835
53606,39,1,1,,56836
53607,23,7,1,,56836
53608,39,1,2,,56837
53609,39,1,2,,56838
53610,23,7,2,,56838
53611,39,1,1,,56839
53612,39,1,1,,56840
53613,39,1,1,,56841
53614,39,1,1,,56842
53615,39,1,1,,56843
53616,39,1,1,,56844
53617,60,,1,,56845
53618,39,1,1,,56846
53619,60,,1,,56847
53620,39,1,1,,56848
53621,39,1,2,,56849
53622,39,1,1,,56850
53623,39,1,1,,56851
53624,39,1,2,,56852
53625,39,1,2,,56853
53626,39,1,2,,56854
53627,39,1,2,,56855
53628,39,3,1,,56856
53629,39,1,3,,56857
53630,39,1,1,,56858
53631,39,1,1,,56859
53632,36,,1,,56860
53633,39,1,2,,56861
53634,39,1,2,,56862
53635,23,7,2,,56862
53636,39,3,1,,56863
53637,39,1,1,,56864
53638,39,1,2,,56865
53639,39,1,1,,56866
53640,60,,1,,56867
53641,39,1,2,,56868
53642,23,5,1,,56869
53643,39,1,1,,56870
53644,39,1,1,,56871
53645,39,1,2,,56872
53646,23,5,1,,56872
53647,39,1,1,,56873
53648,39,1,1,,56874
53649,39,1,2,,56875
53650,60,,1,,56876
53651,23,7,1,,56877
53652,60,,1,,56878
53653,39,1,2,,56879
53654,23,7,1,,56879
53655,39,1,2,,56880
53656,39,1,2,,56881
53657,39,1,2,,56882
53658,39,1,1,,56883
53659,39,1,1,,56884
53660,39,1,1,,56885
53661,39,1,1,,56886
53662,39,1,2,,56887
53663,39,1,2,,56888
53664,39,1,1,,56889
53665,60,,1,,56890
53666,39,1,1,,56891
53667,39,1,2,,56892
53668,39,1,2,,56893
53669,39,1,1,,56894
53670,36,,1,,56895
53671,39,3,1,,56896
53672,36,,1,,56897
53673,36,,1,,56898
53674,36,,1,,56899
53675,39,1,1,,56900
53676,36,,1,,56901
53677,39,1,2,,56902
53678,39,1,2,,56903
53679,39,1,1,,56904
53680,39,1,2,,56905
53681,39,1,1,,56906
53682,39,1,1,,56907
53683,39,1,2,,56908
53684,39,1,1,,56909
53685,39,4,1,,56910
53686,39,1,1,,56911
53687,23,5,1,,56911
53688,39,4,1,,56912
53689,39,1,2,,56913
53690,39,1,2,,56914
53691,60,,1,,56915
53692,60,,1,,56916
53693,60,,1,,56917
53694,39,1,1,,56918
53695,39,3,1,,56919
53696,60,,1,,56920
53697,39,1,1,,56921
53698,39,1,1,,56922
53699,39,1,1,,56923
53700,60,,1,,56924
53701,39,1,1,,56925
53702,39,1,1,,56926
53703,39,1,1,,56927
53704,23,7,1,,56927
53705,39,1,1,,56928
53706,39,1,1,,56929
53707,23,7,1,,56929
53708,39,1,1,,56930
53709,39,1,1,,56931
53710,39,1,1,,56932
53711,39,1,1,,56933
53712,39,1,1,,56934
53713,39,1,1,,56935
53714,39,1,1,,56936
53715,39,1,1,,56937
53716,23,7,1,,56937
53717,39,1,1,,56938
53718,39,1,2,,56939
53719,36,,1,,56940
53720,39,1,1,,56941
53721,39,3,1,,56942
53722,39,1,1,,56943
53723,39,1,1,,56944
53724,39,1,2,,56945
53725,39,1,1,,56946
53726,39,1,1,,56947
53727,39,1,1,,56948
53728,39,1,1,,56949
53729,39,1,2,,56950
53730,39,1,1,,56951
53731,39,1,1,,56952
53732,39,1,2,,56953
53733,39,1,1,,56954
53734,39,1,2,,56955
53735,23,7,1,,56955
53736,39,1,1,,56956
53737,39,1,1,,56957
53738,39,1,1,,56958
53739,39,1,2,,56959
53740,23,7,1,,56960
53741,39,1,1,,56961
53742,39,1,2,,56962
53743,23,7,1,,56962
53744,60,,1,,56963
53745,39,3,1,,56964
53746,36,,1,,56965
53747,39,1,1,,56966
53748,60,,1,,56967
53749,39,6,2,,56968
53750,39,1,1,,56969
53751,39,1,1,,56970
53752,23,7,1,,56970
53753,39,1,2,,56971
53754,39,1,2,,56972
53755,39,3,1,,56973
53756,23,7,1,,56974
53757,39,1,2,,56975
53758,39,1,1,,56976
53759,39,1,1,,56977
53760,39,1,1,,56978
53761,39,1,2,,56979
53762,39,1,1,,56980
53763,23,7,2,,56980
53764,39,1,1,,56981
53765,39,1,1,,56982
53766,23,7,1,,56982
53767,39,1,1,,56983
53768,23,7,1,,56983
53769,39,1,1,,56984
53770,23,7,1,,56984
53771,60,,1,,56985
53772,39,3,1,,56986
53773,60,,1,,56987
53774,39,3,1,,56988
53775,39,3,1,,56989
53776,39,1,1,,56990
53777,39,1,2,,56991
53778,39,1,1,,56992
53779,39,1,1,,56993
53780,23,7,1,,56993
53781,39,1,1,,56994
53782,23,7,1,,56994
53783,39,1,1,,56995
53784,39,1,1,,56996
53785,39,1,1,,56997
53786,39,1,2,,56998
53787,39,1,1,,56999
53788,23,7,1,,56999
53789,39,1,2,,57000
53790,39,1,1,,57001
53791,23,7,1,,57001
53792,39,1,1,,57002
53793,39,1,1,,57003
53794,23,7,1,,57003
53795,39,1,1,,57004
53796,36,,1,,57005
53797,39,1,1,,57006
53798,39,1,1,,57007
53799,23,7,1,,57007
53800,39,1,2,,57008
53801,39,1,2,,57009
53802,60,,1,,57010
53803,39,1,2,,57011
53804,22,,1,,57012
53805,23,7,1,,57013
53806,39,3,1,,57014
53807,39,1,1,,57015
53808,39,1,1,,57016
53809,39,1,1,,57017
53810,39,1,1,,57018
53811,39,1,1,,57019
53812,39,1,1,,57020
53813,39,1,1,,57021
53814,39,1,1,,57022
53815,39,1,1,,57023
53816,39,1,1,,57024
53817,39,1,1,,57025
53818,39,3,1,,57026
53819,39,1,1,,57027
53820,39,1,1,,57028
53821,39,1,1,,57029
53822,39,1,1,,57030
53823,39,1,1,,57031
53824,39,1,1,,57032
53825,39,1,1,,57033
53826,23,7,1,,57033
53827,39,3,1,,57034
53828,39,1,1,,57035
53829,39,1,2,,57036
53830,23,7,1,,57036
53831,39,1,1,,57037
53832,39,3,1,,57038
53833,39,1,2,,57039
53834,39,1,2,,57040
53835,39,1,2,,57041
53836,39,1,1,,57042
53837,39,1,2,,57043
53838,39,1,2,,57044
53839,39,1,1,,57045
53840,39,3,1,,57046
53841,39,1,1,,57047
53842,39,1,2,,57048
53843,39,1,3,,57049
53844,39,1,1,,57050
53845,39,1,2,,57051
53846,39,1,1,,57052
53847,39,1,1,,57053
53848,23,7,1,,57053
53849,39,1,1,,57054
53850,23,7,1,,57054
53851,39,1,1,,57055
53852,39,1,2,,57056
53853,39,1,3,,57057
53854,23,7,1,,57057
53855,39,1,2,,57058
53856,39,3,1,,57059
53857,60,,1,,57060
53858,39,3,1,,57061
53859,39,1,1,,57062
53860,39,1,1,,57063
53861,23,7,1,,57063
53862,39,1,1,,57064
53863,23,7,1,,57064
53864,39,1,1,,57065
53865,39,3,1,,57066
53866,39,3,1,,57067
53867,39,1,1,,57068
53868,39,1,1,,57069
53869,39,1,1,,57070
53870,39,1,1,,57071
53871,39,1,1,,57072
53872,39,1,2,,57073
53873,23,7,1,,57073
53874,39,1,1,,57074
53875,39,1,2,,57075
53876,39,1,1,,57076
53877,23,7,1,,57076
53878,39,1,2,,57077
53879,39,1,2,,57078
53880,23,7,1,,57078
53881,60,,1,,57079
53882,39,3,2,,57080
53883,39,1,1,,57081
53884,39,1,1,,57082
53885,39,1,1,,57083
53886,39,1,1,,57084
53887,60,,1,,57085
53888,39,1,1,,57086
53889,60,,1,,57087
53890,23,5,1,,57088
53891,39,1,1,,57089
53892,39,1,1,,57090
53893,39,1,1,,57091
53894,39,1,1,,57092
53895,39,3,1,,57093
53896,39,1,1,,57094
53897,39,1,1,,57095
53898,23,7,1,,57095
53899,39,1,1,,57096
53900,39,1,2,,57097
53901,39,1,1,,57098
53902,23,7,1,,57098
53903,39,1,1,,57099
53904,23,7,1,,57099
53905,80,,1,,57100
53906,39,1,2,,57101
53907,39,1,1,,57102
53908,23,7,1,,57102
53909,39,1,1,,57103
53910,39,1,1,,57104
53911,39,1,1,,57105
53912,60,,1,,57106
53913,39,1,2,,57107
53914,39,1,1,,57108
53915,23,7,1,,57108
53916,60,,1,,57109
53917,39,1,1,,57110
53918,39,1,1,,57111
53919,39,1,1,,57112
53920,39,1,1,,57113
53921,23,7,1,,57113
53922,39,3,1,,57114
53923,39,1,1,,57115
53924,39,3,1,,57116
53925,39,3,1,,57117
53926,39,1,1,,57118
53927,39,1,1,,57119
53928,23,7,1,,57120
53929,39,3,1,,57121
53930,39,1,1,,57122
53931,39,1,1,,57123
53932,39,1,1,,57124
53933,39,1,1,,57125
53934,39,1,2,,57126
53935,39,1,2,,57127
53936,39,1,1,,57128
53937,39,1,2,,57129
53938,39,1,1,,57130
53939,39,1,1,,57131
53940,23,7,1,,57131
53941,39,1,1,,57132
53942,23,7,1,,57132
53943,39,1,2,,57133
53944,39,1,1,,57134
53945,39,1,1,,57135
53946,60,,1,,57136
53947,39,1,1,,57137
53948,23,5,1,,57137
53949,39,1,1,,57138
53950,39,1,3,,57139
53951,39,1,1,,57140
53952,39,1,1,,57141
53953,39,1,1,,57142
53954,39,1,2,,57143
53955,39,1,1,,57144
53956,60,,1,,57145
53957,39,1,1,,57146
53958,39,1,2,,57147
53959,60,,1,,57148
53960,39,1,1,,57149
53961,39,1,1,,57150
53962,39,1,2,,57151
53963,39,1,3,,57152
53964,39,1,1,,57153
53965,60,,1,,57154
53966,39,1,1,,57155
53967,39,1,1,,57156
53968,23,7,1,,57157
53969,39,1,1,,57158
53970,39,1,2,,57159
53971,39,1,1,,57160
53972,39,1,1,,57161
53973,39,1,1,,57162
53974,39,1,1,,57163
53975,39,1,1,,57164
53976,23,7,1,,57164
53977,23,5,1,,57165
53978,39,3,1,,57166
53979,39,1,2,,57167
53980,39,1,2,,57168
53981,39,1,1,,57169
53982,39,1,1,,57170
53983,39,3,1,,57171
53984,39,1,1,,57172
53985,39,1,1,,57173
53986,39,1,1,,57174
53987,39,1,1,,57175
53988,39,1,1,,57176
53989,39,1,1,,57177
53990,39,1,1,,57178
53991,39,1,1,,57179
53992,39,1,1,,57180
53993,39,1,3,,57181
53994,39,1,2,,57182
53995,39,1,2,,57183
53996,23,7,1,,57183
53997,39,1,1,,57184
53998,39,1,1,,57185
53999,39,1,2,,57186
54000,39,1,1,,57187
54001,39,1,1,,57188
54002,23,5,1,,57189
54003,39,1,2,,57190
54004,39,1,1,,57191
54005,39,1,1,,57192
54006,39,1,2,,57193
54007,39,1,2,,57194
54008,39,1,1,,57195
54009,60,,1,,57196
54010,23,7,1,,57197
54011,39,,1,,57197
54012,60,,1,,57198
54013,39,3,1,,57199
54014,39,1,1,,57200
54015,39,1,1,,57201
54016,39,1,2,,57202
54017,60,,1,,57203
54018,39,1,1,,57204
54019,39,1,1,,57205
54020,60,,1,,57206
54021,39,3,1,,57207
54022,39,3,1,,57208
54023,39,1,2,,57209
54024,39,1,1,,57210
54025,23,5,2,,57211
54026,39,1,1,,57212
54027,39,1,1,,57213
54028,39,3,1,,57214
54029,39,3,1,,57215
54030,39,1,1,,57216
54031,39,3,1,,57217
54032,39,1,1,,57218
54033,39,1,1,,57219
54034,39,1,1,,57220
54035,39,1,1,,57221
54036,23,7,1,,57221
54037,39,1,2,,57222
54038,39,1,1,,57223
54039,23,7,1,,57223
54040,60,,1,,57224
54041,39,1,2,,57225
54042,39,1,1,,57226
54043,23,7,1,,57226
54044,23,7,1,,57227
54045,60,,1,,57228
54046,39,1,2,,57229
54047,39,1,2,,57230
54048,39,1,1,,57231
54049,39,1,1,,57232
54050,39,1,1,,57233
54051,39,1,1,,57234
54052,39,1,1,,57235
54053,39,1,1,,57236
54054,39,3,1,,57237
54055,39,1,1,,57238
54056,39,1,1,,57239
54057,39,1,2,,57240
54058,23,5,1,,57240
54059,60,,1,,57241
54060,39,3,1,,57242
54061,39,1,2,,57243
54062,39,3,1,,57244
54063,39,1,1,,57245
54064,39,1,1,,57246
54065,39,1,2,,57247
54066,39,1,2,,57248
54067,60,,1,,57249
54068,39,1,1,,57250
54069,23,7,2,,57250
54070,39,1,2,,57251
54071,39,1,1,,57252
54072,39,3,1,,57253
54073,39,1,2,,57254
54074,39,1,1,,57255
54075,23,7,1,,57255
54076,39,1,2,,57256
54077,39,1,1,,57257
54078,39,3,1,,57258
54079,39,1,1,,57259
54080,39,1,2,,57260
54081,39,3,1,,57261
54082,39,1,1,,57262
54083,39,1,2,,57263
54084,39,1,2,,57264
54085,39,1,1,,57265
54086,39,1,1,,57266
54087,39,1,1,,57267
54088,23,7,1,,57267
54089,39,1,1,,57268
54090,39,1,1,,57269
54091,39,1,1,,57270
54092,23,7,1,,57270
54093,39,1,1,,57271
54094,39,1,1,,57272
54095,23,7,1,,57272
54096,39,1,1,,57273
54097,39,1,2,,57274
54098,39,1,1,,57275
54099,39,1,2,,57276
54100,39,1,2,,57277
54101,39,1,1,,57278
54102,39,1,2,,57279
54103,39,1,1,,57280
54104,60,,1,,57281
54105,39,1,1,,57282
54106,23,7,1,,57283
54107,39,,1,,57283
54108,23,,1,,57284
54109,39,1,2,,57285
54110,39,1,1,,57286
54111,39,1,1,,57287
54112,39,1,1,,57288
54113,39,1,1,,57289
54114,39,1,2,,57290
54115,39,1,2,,57291
54116,39,1,1,,57292
54117,39,1,1,,57293
54118,60,,1,,57294
54119,23,,1,,57295
54120,39,1,1,,57296
54121,39,1,1,,57297
54122,39,3,1,,57298
54123,39,3,1,,57299
54124,39,1,1,,57300
54125,39,1,2,,57301
54126,39,3,1,,57302
54127,39,1,1,,57303
54128,39,1,1,,57304
54129,60,,1,,57305
54130,39,1,1,,57306
54131,39,1,2,,57307
54132,23,5,1,,57308
54133,39,1,2,,57309
54134,39,1,1,,57310
54135,39,1,1,,57311
54136,39,1,2,,57312
54137,39,1,1,,57313
54138,39,1,2,,57314
54139,39,1,1,,57315
54140,39,1,2,,57316
54141,39,1,2,,57317
54142,39,1,1,,57318
54143,39,1,1,,57319
54144,60,,1,,57320
54145,39,1,1,,57321
54146,23,7,1,,57321
54147,39,1,1,,57322
54148,39,1,1,,57323
54149,60,3,1,,57324
54150,39,3,1,,57325
54151,22,,1,,57326
54152,23,7,1,,57327
54153,23,7,1,,57328
54154,39,,1,,57328
54155,39,1,1,,57329
54156,39,1,1,,57330
54157,39,1,1,,57331
54158,39,1,1,,57332
54159,39,1,1,,57333
54160,39,1,1,,57334
54161,39,1,1,,57335
54162,39,1,1,,57336
54163,23,5,1,,57337
54164,39,1,2,,57338
54165,23,7,1,,57338
54166,39,1,2,,57339
54167,39,1,1,,57340
54168,39,1,1,,57341
54169,39,1,3,,57342
54170,39,1,2,,57343
54171,39,1,2,,57344
54172,39,1,1,,57345
54173,39,1,2,,57346
54174,39,1,3,,57347
54175,39,1,2,,57348
54176,39,1,1,,57349
54177,39,1,1,,57350
54178,39,1,1,,57351
54179,39,1,1,,57352
54180,39,1,1,,57353
54181,39,1,1,,57354
54182,39,1,1,,57355
54183,39,1,1,,57356
54184,39,1,1,,57357
54185,39,1,1,,57358
54186,39,1,1,,57359
54187,39,1,1,,57360
54188,39,1,1,,57361
54189,39,1,1,,57362
54190,39,1,1,,57363
54191,39,1,1,,57364
54192,39,1,1,,57365
54193,39,1,1,,57366
54194,39,1,1,,57367
54195,39,1,2,,57368
54196,39,1,1,,57369
54197,39,1,2,,57370
54198,39,1,1,,57371
54199,39,1,2,,57372
54200,23,7,1,,57372
54201,39,1,1,,57373
54202,39,1,2,,57374
54203,39,1,1,,57375
54204,39,1,1,,57376
54205,39,1,2,,57377
54206,39,1,2,,57378
54207,39,1,2,,57379
54208,39,1,2,,57380
54209,60,,1,,57381
54210,39,3,1,,57382
54211,39,1,1,,57383
54212,39,1,1,,57384
54213,23,7,1,,57384
54214,39,1,1,,57385
54215,23,7,1,,57385
54216,39,1,1,,57386
54217,39,1,1,,57387
54218,39,1,2,,57388
54219,39,1,1,,57389
54220,39,1,2,,57390
54221,39,1,2,,57391
54222,60,,1,,57392
54223,60,,1,,57393
54224,11,,1,,57394
54225,39,1,1,,57395
54226,39,1,2,,57396
54227,39,1,1,,57397
54228,39,1,1,,57398
54229,23,7,1,,57398
54230,39,1,1,,57399
54231,39,1,2,,57400
54232,39,1,2,,57401
54233,39,1,1,,57402
54234,39,1,1,,57403
54235,39,1,1,,57404
54236,39,1,1,,57405
54237,39,1,1,,57406
54238,39,1,1,,57407
54239,39,1,1,,57408
54240,39,1,1,,57409
54241,39,1,2,,57410
54242,39,1,1,,57411
54243,23,7,1,,57411
54244,39,1,1,,57412
54245,39,1,1,,57413
54246,39,1,1,,57414
54247,39,1,1,,57415
54248,39,1,2,,57416
54249,39,1,1,,57417
54250,39,1,1,,57418
54251,23,7,1,,57418
54252,60,,1,,57419
54253,39,1,1,,57420
54254,39,1,1,,57421
54255,23,5,1,,57422
54256,39,1,2,,57423
54257,39,1,1,,57424
54258,39,1,2,,57425
54259,39,1,1,,57426
54260,39,1,1,,57427
54261,39,1,1,,57428
54262,60,,1,,57429
54263,39,1,2,,57430
54264,60,,1,,57431
54265,39,3,1,,57432
54266,39,3,1,,57433
54267,39,1,1,,57434
54268,39,1,1,,57435
54269,39,1,2,,57436
54270,39,1,1,,57437
54271,39,1,1,,57438
54272,60,,1,,57439
54273,39,3,1,,57440
54274,39,1,1,,57441
54275,39,1,1,,57442
54276,39,3,1,,57443
54277,39,1,1,,57444
54278,39,1,1,,57445
54279,39,4,1,,57446
54280,39,1,1,,57447
54281,39,1,1,,57448
54282,39,1,2,,57449
54283,39,1,2,,57450
54284,39,1,2,,57451
54285,39,1,1,,57452
54286,39,1,1,,57453
54287,60,,1,,57454
54288,60,,1,,57455
54289,39,1,2,,57456
54290,39,1,1,,57457
54291,39,1,1,,57458
54292,39,1,2,,57459
54293,39,1,2,,57460
54294,39,3,1,,57461
54295,60,,1,,57462
54296,39,1,1,,57463
54297,39,1,1,,57464
54298,23,5,1,,57465
54299,39,1,1,,57466
54300,39,1,2,,57467
54301,39,1,1,,57468
54302,39,1,1,,57469
54303,60,,1,,57470
54304,39,1,1,,57471
54305,39,1,2,,57472
54306,23,5,1,,57473
54307,39,1,1,,57474
54308,39,1,1,,57475
54309,23,7,2,,57476
54310,39,1,2,,57477
54311,39,1,1,,57478
54312,23,5,1,,57478
54313,23,7,2,,57479
54314,23,5,1,,57480
54315,39,1,1,,57481
54316,39,1,1,,57482
54317,39,1,1,,57483
54318,39,1,1,,57484
54319,39,3,1,,57485
54320,39,1,2,,57486
54321,22,,1,,57487
54322,39,1,1,,57488
54323,39,1,1,,57489
54324,39,1,2,,57490
54325,39,1,1,,57491
54326,39,1,1,,57492
54327,39,1,1,,57493
54328,23,5,1,,57494
54329,39,1,2,,57495
54330,39,1,2,,57496
54331,23,7,1,,57496
54332,39,1,2,,57497
54333,36,,1,,57498
54334,39,1,1,,57499
54335,39,1,1,,57500
54336,39,1,2,,57501
54337,39,1,2,,57502
54338,39,3,1,,57503
54339,39,1,2,,57504
54340,39,1,2,,57505
54341,39,1,2,,57506
54342,39,1,1,,57507
54343,39,3,1,,57508
54344,39,1,1,,57509
54345,39,1,2,,57510
54346,39,3,1,,57511
54347,23,7,1,,57512
54348,23,7,1,,57513
54349,39,1,2,,57514
54350,39,1,1,,57515
54351,39,1,1,,57516
54352,39,1,2,,57517
54353,39,1,1,,57518
54354,39,1,1,,57519
54355,23,7,2,,57520
54356,39,,1,,57520
54357,39,1,1,,57521
54358,39,1,2,,57522
54359,39,1,1,,57523
54360,39,1,1,,57524
54361,23,7,1,,57524
54362,39,3,1,,57525
54363,39,1,1,,57526
54364,39,8,1,,57527
54365,39,3,1,,57528
54366,60,,1,,57529
54367,39,1,2,,57530
54368,39,1,1,,57531
54369,39,1,2,,57532
54370,39,1,1,,57533
54371,39,1,2,,57534
54372,39,1,1,,57535
54373,39,1,3,,57536
54374,39,1,1,,57537
54375,39,1,1,,57538
54376,39,1,1,,57539
54377,39,1,4,,57540
54378,39,3,1,,57541
54379,39,1,1,,57542
54380,60,,1,,57543
54381,39,3,1,,57544
54382,39,1,1,,57545
54383,39,1,1,,57546
54384,23,7,1,,57546
54385,39,1,1,,57547
54386,39,1,1,,57548
54387,39,1,1,,57549
54388,23,7,1,,57549
54389,39,1,2,,57550
54390,23,7,1,,57550
54391,39,1,1,,57551
54392,23,7,1,,57551
54393,39,1,1,,57552
54394,39,3,1,,57553
54395,39,1,1,,57554
54396,23,7,2,,57555
54397,39,1,1,,57556
54398,23,,1,,57557
54399,39,1,1,,57558
54400,39,1,1,,57559
54401,39,3,1,,57560
54402,39,1,1,,57561
54403,39,1,1,,57562
54404,55,,1,,57563
54405,39,1,1,,57564
54406,39,1,1,,57565
54407,39,1,1,,57566
54408,39,1,1,,57567
54409,23,7,1,,57567
54410,39,1,2,,57568
54411,39,1,1,,57569
54412,39,1,1,,57570
54413,39,1,1,,57571
54414,60,,1,,57572
54415,39,1,1,,57573
54416,39,1,3,,57574
54417,39,1,2,,57575
54418,39,3,1,,57576
54419,39,1,2,,57577
54420,39,1,1,,57578
54421,60,,1,,57579
54422,39,1,1,,57580
54423,39,1,1,,57581
54424,39,3,1,,57582
54425,39,1,1,,57583
54426,39,1,1,,57584
54427,39,1,2,,57585
54428,23,5,1,,57585
54429,39,1,1,,57586
54430,39,1,1,,57587
54431,39,1,1,,57588
54432,39,1,1,,57589
54433,39,1,1,,57590
54434,39,1,1,,57591
54435,39,1,1,,57592
54436,23,,1,,57593
54437,39,1,1,,57594
54438,39,1,1,,57595
54439,39,1,1,,57596
54440,39,1,1,,57597
54441,23,7,1,,57597
54442,39,1,1,,57598
54443,39,1,1,,57599
54444,39,1,1,,57600
54445,23,7,1,,57600
54446,39,1,1,,57601
54447,39,1,1,,57602
54448,39,1,1,,57603
54449,60,,1,,57604
54450,39,1,1,,57605
54451,39,1,1,,57606
54452,39,1,1,,57607
54453,39,1,1,,57608
54454,39,1,1,,57609
54455,39,1,1,,57610
54456,39,1,1,,57611
54457,23,7,1,,57611
54458,39,1,1,,57612
54459,39,1,2,,57613
54460,39,1,1,,57614
54461,39,1,1,,57615
54462,23,7,1,,57615
54463,39,1,1,,57616
54464,39,1,2,,57617
54465,23,7,1,,57617
54466,39,1,1,,57618
54467,39,1,1,,57619
54468,39,1,1,,57620
54469,60,,1,,57621
54470,39,3,1,,57622
54471,39,1,1,,57623
54472,39,1,2,,57624
54473,39,1,1,,57625
54474,39,1,1,,57626
54475,39,1,1,,57627
54476,23,7,1,,57627
54477,39,1,1,,57628
54478,39,1,1,,57629
54479,39,1,1,,57630
54480,39,1,1,,57631
54481,39,1,1,,57632
54482,23,7,1,,57632
54483,39,1,1,,57633
54484,39,1,1,,57634
54485,39,1,1,,57635
54486,39,1,1,,57636
54487,23,7,1,,57636
54488,39,1,1,,57637
54489,39,1,1,,57638
54490,39,1,1,,57639
54491,39,1,2,,57640
54492,39,1,1,,57641
54493,39,1,2,,57642
54494,39,1,1,,57643
54495,55,,1,,57644
54496,39,1,1,,57645
54497,39,1,1,,57646
54498,23,7,1,,57646
54499,39,1,1,,57647
54500,39,1,1,,57648
54501,39,1,1,,57649
54502,39,1,1,,57650
54503,39,1,1,,57651
54504,39,1,1,,57652
54505,23,7,1,,57653
54506,39,1,1,,57654
54507,39,1,1,,57655
54508,23,7,1,,57655
54509,39,3,1,,57656
54510,39,1,1,,57657
54511,39,1,1,,57658
54512,39,1,3,,57659
54513,39,1,1,,57660
54514,39,1,1,,57661
54515,39,1,2,,57662
54516,39,1,1,,57663
54517,39,1,1,,57664
54518,39,1,2,,57665
54519,39,1,2,,57666
54520,39,1,1,,57667
54521,23,7,1,,57667
54522,39,1,1,,57668
54523,39,1,1,,57669
54524,39,1,2,,57670
54525,39,1,1,,57671
54526,23,7,1,,57671
54527,39,1,1,,57672
54528,39,1,2,,57673
54529,39,1,1,,57674
54530,39,1,1,,57675
54531,39,1,2,,57676
54532,39,1,2,,57677
54533,39,1,1,,57678
54534,39,1,2,,57679
54535,39,1,2,,57680
54536,39,4,1,,57681
54537,39,1,1,,57682
54538,39,1,1,,57683
54539,39,,1,,57684
54540,23,7,1,,57684
54541,39,1,1,,57685
54542,23,7,1,,57686
54543,39,1,1,,57687
54544,39,1,1,,57688
54545,39,1,1,,57689
54546,23,7,2,,57689
54547,39,1,1,,57690
54548,39,1,1,,57691
54549,39,1,2,,57692
54550,39,1,1,,57693
54551,39,1,1,,57694
54552,23,7,1,,57694
54553,39,1,1,,57695
54554,39,1,2,,57696
54555,23,7,1,,57696
54556,39,1,1,,57697
54557,39,3,1,,57698
54558,39,1,1,,57699
54559,39,1,1,,57700
54560,39,1,1,,57701
54561,39,1,1,,57702
54562,39,1,1,,57703
54563,39,1,1,,57704
54564,39,1,1,,57705
54565,39,1,1,,57706
54566,39,1,1,,57707
54567,39,1,1,,57708
54568,39,1,1,,57709
54569,39,1,1,,57710
54570,23,7,1,,57710
54571,39,1,2,,57711
54572,39,1,2,,57712
54573,39,1,2,,57713
54574,23,7,1,,57713
54575,39,1,1,,57714
54576,39,1,1,,57715
54577,39,1,1,,57716
54578,39,1,1,,57717
54579,60,,1,,57718
54580,39,1,2,,57719
54581,39,1,1,,57720
54582,39,1,1,,57721
54583,39,1,2,,57722
54584,39,1,1,,57723
54585,39,1,1,,57724
54586,39,1,1,,57725
54587,39,1,2,,57726
54588,39,1,1,,57727
54589,39,1,1,,57728
54590,39,1,1,,57729
54591,39,1,1,,57730
54592,39,1,1,,57731
54593,60,,1,,57732
54594,39,1,1,,57733
54595,39,1,1,,57734
54596,39,1,1,,57735
54597,39,1,1,,57736
54598,23,7,1,,57736
54599,39,1,1,,57737
54600,39,1,1,,57738
54601,39,1,1,,57739
54602,39,1,1,,57740
54603,39,1,2,,57741
54604,39,3,1,,57742
54605,39,1,1,,57743
54606,39,1,1,,57744
54607,39,1,1,,57745
54608,39,1,1,,57746
54609,39,1,1,,57747
54610,39,1,2,,57748
54611,39,1,2,,57749
54612,39,1,2,,57750
54613,39,1,1,,57751
54614,39,1,1,,57752
54615,39,1,2,,57753
54616,39,1,1,,57754
54617,39,1,1,,57755
54618,39,1,1,,57756
54619,23,5,1,,57757
54620,23,5,1,,57758
54621,23,7,1,,57759
54622,39,,1,,57759
54623,60,,1,,57760
54624,39,1,1,,57761
54625,39,1,1,,57762
54626,23,,1,,57763
54627,39,1,1,,57764
54628,39,1,1,,57765
54629,39,1,1,,57766
54630,60,,1,,57767
54631,39,1,2,,57768
54632,39,1,1,,57769
54633,39,3,1,,57770
54634,39,3,1,,57771
54635,39,1,1,,57772
54636,39,1,1,,57773
54637,39,1,1,,57774
54638,39,1,1,,57775
54639,39,1,2,,57776
54640,39,1,1,,57777
54641,39,1,1,,57778
54642,39,1,1,,57779
54643,39,1,2,,57780
54644,39,1,1,,57781
54645,39,1,1,,57782
54646,39,1,1,,57783
54647,39,3,1,,57784
54648,23,5,1,,57785
54649,39,1,2,,57786
54650,23,5,1,,57787
54651,39,1,2,,57788
54652,39,1,2,,57789
54653,39,1,2,,57790
54654,39,1,2,,57791
54655,39,1,2,,57792
54656,39,1,2,,57793
54657,39,1,1,,57794
54658,39,1,1,,57795
54659,39,1,1,,57796
54660,39,1,2,,57797
54661,39,1,2,,57798
54662,39,1,2,,57799
54663,39,1,1,,57800
54664,23,7,2,,57800
54665,39,1,1,,57801
54666,39,1,1,,57802
54667,39,1,1,,57803
54668,39,1,1,,57804
54669,39,1,1,,57805
54670,39,1,2,,57806
54671,39,1,1,,57807
54672,23,7,1,,57807
54673,39,1,1,,57808
54674,39,1,2,,57809
54675,39,1,1,,57810
54676,39,1,2,,57811
54677,39,1,2,,57812
54678,55,,1,,43048
54679,22,,1,,58548
54680,36,,1,,58357
54681,22,,1,,58824
54682,36,,1,,58825
54683,36,,1,,58826
54684,36,,2,,58827
54685,36,,1,,58828
54686,36,,1,,58829
54687,36,,1,,58830
54688,63,,1,,58831
54689,63,,2,,58832
54690,36,,1,,58833
54691,22,,1,,58834
54692,36,,1,,58835
54693,36,,1,,58836
54694,39,,1,,58837
54695,39,,1,,58838
54696,36,,1,,58839
54697,36,,1,,58840
54698,36,,1,,58841
54699,39,,1,,58842
54700,39,,1,,58843
54701,39,,1,,58844
54702,36,,1,,58845
54703,39,,1,,58846
54704,36,,4,,58847
54705,36,,1,,58848
54706,36,,1,,58849
54707,63,,1,,58850
54708,63,,1,,58851
54709,36,,1,,58852
54710,39,,1,,58853
54711,39,,1,,18261
54712,39,,1,,18262
54713,39,,1,,18263
54714,39,,1,,18264
54715,39,,1,,18265
54716,39,,1,,18266
54717,39,,1,,18267
54718,39,,1,,18268
54719,39,,1,,18269
54720,39,,1,,18270
54721,39,,1,,18271
54722,39,,1,,18272
54723,39,,1,,18273
54724,39,,1,,18274
54725,39,,1,,18275
54726,39,,1,,18276
54727,39,,1,,18277
54728,39,,1,,18278
54729,39,,1,,18279
54730,39,,1,,18280
54731,39,,1,,18281
54732,39,,1,,18282
54733,39,,1,,18283
54734,39,,1,,18284
54735,39,,1,,18285
54736,39,,1,,18286
54737,39,,1,,18287
54738,39,,1,,18288
54739,39,,1,,18289
54740,39,,1,,18290
54741,39,,1,,18291
54742,39,,1,,18294
54743,39,,1,,18295
54744,39,,1,,18296
54745,39,,1,,18297
54746,39,,1,,18298
54747,39,,1,,18299
54748,39,,1,,18300
54749,39,,1,,18301
54750,39,,1,,18302
54751,60,,1,,18303
54752,60,,1,,18304
54753,60,,1,,18305
54754,60,,1,,18306
54755,60,,1,,18307
54756,60,,1,,18308
54757,60,,1,,18309
54758,60,,1,,18310
54759,60,,1,,18311
54760,60,,1,,18312
54761,60,,1,,18313
54762,60,,1,,18314
54763,60,,1,,18315
54764,60,,1,,18316
54765,60,,1,,18317
54766,60,,1,,18392
54767,60,,1,,18393
54768,60,,1,,18394
54769,60,,1,,18395
54770,60,,1,,18396
54771,60,,1,,18397
54772,60,,1,,18398
54773,60,,1,,18399
54774,60,,1,,18400
54775,60,,1,,18401
54776,60,,1,,18402
54777,60,,1,,18403
54778,60,,1,,18404
54779,60,,1,,18405
54780,60,,1,,18406
54781,60,,1,,18407
54782,60,,1,,18408
54783,60,,1,,18409
54784,60,,1,,18410
54785,60,,1,,18411
54786,60,,1,,18412
54787,60,,1,,18413
54788,49,,1,,18414
54789,60,,1,,18415
54790,60,,1,,18416
54791,60,,1,,18417
54792,60,,1,,18418
54793,60,,1,,18419
54794,60,,1,,18420
54795,60,,1,,18421
54796,60,,1,,18422
54797,60,,1,,18423
54798,60,,1,,18424
54799,60,,1,,18425
54800,60,,1,,18426
54801,60,,1,,18427
54802,60,,1,,18428
54803,60,,1,,18429
54804,60,,1,,18430
54805,60,,1,,18431
54806,60,,1,,18432
54807,60,,1,,18433
54808,60,,1,,18434
54809,60,,1,,18435
54810,60,,1,,18436
54811,60,,1,,18437
54812,60,,1,,18438
54813,60,,1,,18439
54814,60,,1,,18440
54815,60,,1,,18441
54816,60,,1,,18442
54817,60,,1,,18443
54818,60,,1,,18444
54819,60,,1,,18445
54820,60,,1,,18446
54821,60,,1,,18447
54822,60,,1,,18448
54823,60,,1,,18449
54824,60,,1,,18450
54825,60,,1,,18451
54826,60,,1,,18452
54827,60,,1,,18453
54828,60,,1,,18454
54829,60,,1,,18455
54830,60,,1,,18456
54831,60,,1,,18457
54832,60,,1,,18458
54833,60,,1,,18459
54834,60,,1,,18460
54835,60,,1,,18461
54836,60,,1,,18462
54837,60,,1,,18463
54838,60,,1,,18464
54839,60,,1,,18465
54840,60,,1,,18466
54841,60,,1,,18467
54842,60,,1,,18468
54843,60,,1,,18469
54844,60,,1,,18470
54845,60,,1,,18471
54846,60,,1,,18472
54847,60,,1,,18473
54848,60,,1,,18474
54849,60,,1,,18475
54850,60,,1,,18476
54851,60,,1,,18477
54852,60,,1,,18478
54853,60,,1,,18479
54854,60,,1,,18480
54855,60,,1,,18481
54856,60,,1,,18482
54857,60,,1,,18483
54858,60,,1,,18484
54859,60,,1,,18485
54860,60,,1,,18486
54861,60,,1,,18487
54862,60,,1,,18488
54863,60,,1,,18489
54864,60,,1,,18490
54865,60,,1,,18491
54866,60,,1,,18492
54867,60,,1,,18493
54868,60,,1,,18494
54869,60,,1,,18495
54870,60,,1,,18496
54871,60,,1,,18497
54872,60,,1,,18498
54873,60,,1,,18499
54874,60,,1,,18500
54875,60,,1,,18501
54876,60,,1,,18502
54877,60,,1,,18503
54878,60,,1,,18504
54879,60,,1,,18505
54880,60,,1,,18506
54881,60,,1,,18507
54882,60,,1,,18508
54883,60,,1,,18509
54884,60,,1,,18510
54885,60,,1,,18511
54886,60,,1,,18512
54887,60,,1,,18513
54888,60,,1,,18514
54889,60,,1,,18515
54890,60,,1,,18516
54891,60,,1,,18517
54892,60,,1,,18518
54893,60,,1,,18519
54894,60,,1,,18520
54895,60,,1,,18521
54896,60,,1,,18522
54897,60,,1,,18523
54898,60,,1,,18524
54899,60,,1,,18525
54900,60,,1,,18526
54901,60,,1,,18527
54902,60,,1,,18528
54903,60,,1,,18529
54904,60,,1,,18530
54905,60,,1,,18531
54906,60,,1,,18532
54907,60,,1,,18533
54908,60,,1,,18534
54909,60,,1,,18535
54910,60,,1,,18536
54911,60,,1,,18537
54912,60,,1,,18538
54913,60,,1,,18539
54914,60,,1,,18540
54915,60,,1,,18541
54916,60,,1,,18542
54917,74,,1,,18543
54918,74,,1,,18544
54919,74,,1,,18545
54920,74,,1,,18546
54921,60,,1,,18547
54922,60,,1,,18548
54923,60,,1,,18549
54924,74,,1,,18550
54925,74,,1,,18551
54926,74,,1,,18552
54927,74,,1,,18553
54928,74,,1,,18554
54929,74,,1,,18555
54930,60,,1,,18556
54931,60,,1,,18557
54932,60,,1,,18558
54933,60,,1,,18559
54934,60,,1,,18560
54935,60,,1,,18561
54936,60,,1,,18562
54937,60,,1,,18563
54938,60,,1,,18564
54939,60,,1,,18565
54940,60,,1,,18566
54941,60,,1,,18567
54942,60,,1,,18568
54943,60,,1,,18569
54944,60,,1,,18570
54945,60,,1,,18571
54946,60,,1,,18572
54947,60,,1,,18573
54948,60,,1,,18574
54949,60,,1,,18575
54950,60,,1,,18576
54951,60,,1,,18577
54952,60,,1,,18578
54953,60,,1,,18579
54954,60,,1,,18580
54955,60,,1,,18581
54956,60,,1,,18582
54957,60,,1,,18583
54958,60,,1,,18584
54959,60,,1,,18585
54960,60,,1,,18586
54961,60,,1,,18587
54962,60,,1,,18588
54963,60,,1,,18589
54964,60,,1,,18590
54965,60,,1,,18591
54966,60,,1,,18592
54967,60,,1,,18593
54968,60,,1,,18594
54969,60,,1,,18595
54970,60,,1,,18596
54971,60,,1,,18597
54972,60,,1,,18598
54973,60,,1,,18599
54974,60,,1,,18600
54975,60,,1,,18601
54976,60,,1,,18602
54977,60,,1,,18603
54978,60,,1,,18604
54979,60,,1,,18605
54980,60,,1,,18606
54981,60,,1,,18607
54982,60,,1,,18608
54983,60,,1,,18609
54984,60,,1,,18610
54985,60,,1,,18611
54986,60,,1,,18612
54987,60,,1,,18613
54988,60,,1,,18614
54989,60,,1,,18615
54990,60,,1,,18616
54991,60,,1,,18617
54992,60,,1,,18618
54993,60,,1,,18619
54994,60,,1,,18620
54995,60,,1,,18621
54996,60,,1,,18622
54997,60,,1,,18623
54998,60,,1,,18624
54999,60,,1,,18625
55000,60,,1,,18626
55001,60,,1,,18627
55002,60,,1,,18628
55003,60,,1,,18629
55004,60,,1,,18630
55005,60,,1,,18631
55006,60,,1,,18632
55007,60,,1,,18633
55008,60,,1,,18634
55009,60,,1,,18635
55010,60,,1,,18636
55011,60,,1,,18637
55012,60,,1,,18638
55013,60,,1,,18639
55014,60,,1,,18640
55015,60,,1,,18641
55016,60,,1,,18642
55017,60,,1,,18643
55018,60,,1,,18644
55019,60,,1,,18645
55020,60,,1,,18646
55021,60,,1,,18647
55022,60,,1,,18648
55023,60,,1,,18649
55024,60,,1,,18650
55025,60,,1,,18651
55026,60,,1,,18652
55027,60,,1,,18653
55028,60,,1,,18654
55029,60,,1,,18655
55030,60,,1,,18656
55031,60,,1,,18657
55032,60,,1,,18658
55033,60,,1,,18659
55034,60,,1,,18660
55035,60,,1,,18661
55036,60,,1,,18662
55037,60,,1,,18663
55038,60,,1,,18664
55039,60,,1,,18665
55040,60,,1,,18666
55041,60,,1,,18667
55042,60,,1,,18668
55043,60,,1,,18669
55044,60,,1,,18670
55045,60,,1,,18671
55046,60,,1,,18672
55047,60,,1,,18673
55048,60,,1,,18674
55049,60,,1,,18675
55050,60,,1,,18676
55051,60,,1,,18677
55052,60,,1,,18678
55053,60,,1,,18679
55054,60,,1,,18680
55055,60,,1,,18681
55056,60,,1,,18682
55057,60,,1,,18683
55058,60,,1,,18684
55059,60,,1,,18685
55060,60,,1,,18686
55061,60,,1,,18687
55062,60,,1,,18318
55063,60,,1,,18319
55064,60,,1,,18320
55065,60,,1,,18321
55066,60,,1,,18322
55067,60,,1,,18323
55068,60,,1,,18324
55069,60,,1,,18325
55070,60,,1,,18326
55071,60,,1,,18327
55072,60,,1,,18328
55073,60,,1,,18329
55074,60,,1,,18330
55075,60,,1,,18331
55076,60,,1,,18332
55077,60,,1,,18333
55078,60,,1,,18334
55079,60,,1,,18335
55080,60,,1,,18336
55081,60,,1,,18337
55082,60,,1,,18338
55083,60,,1,,18339
55084,60,,1,,18340
55085,60,,1,,18341
55086,60,,1,,18342
55087,60,,1,,18343
55088,60,,1,,18344
55089,60,,1,,18345
55090,60,,1,,18346
55091,60,,1,,18347
55092,60,,1,,18348
55093,60,,1,,18349
55094,60,,1,,18350
55095,60,,1,,18351
55096,60,,1,,18352
55097,60,,1,,18353
55098,60,,1,,18354
55099,60,,1,,18355
55100,60,,1,,18356
55101,60,,1,,18357
55102,60,,1,,18358
55103,60,,1,,18359
55104,60,,1,,18360
55105,60,,1,,18361
55106,60,,1,,18362
55107,60,,1,,18363
55108,60,,1,,18364
55109,60,,1,,18365
55110,60,,1,,18366
55111,60,,1,,18367
55112,60,,1,,18368
55113,60,,1,,18369
55114,60,,1,,18370
55115,60,,1,,18371
55116,60,,1,,18372
55117,60,,1,,18373
55118,60,,1,,18374
55119,60,,1,,18375
55120,60,,1,,18376
55121,60,,1,,18377
55122,60,,1,,18378
55123,60,,1,,18379
55124,60,,1,,18380
55125,60,,1,,18381
55126,60,,1,,18382
55127,60,,1,,18383
55128,60,,1,,18384
55129,60,,1,,18385
55130,60,,1,,18386
55131,60,,1,,18387
55132,60,,1,,18388
55133,60,,1,,18389
55134,60,,1,,18390
55135,60,,1,,18391
55136,60,,1,,18688
55137,60,,1,,18689
55138,60,,1,,18690
55139,60,,1,,18691
55140,60,,1,,18692
55141,60,,1,,18693
55142,60,,1,,18694
55143,60,,1,,18695
55144,60,,1,,18696
55145,60,,1,,18697
55146,60,,1,,18698
55147,60,,1,,18699
55148,60,,1,,18700
55149,60,,1,,18701
55150,60,,1,,18702
55151,60,,1,,18703
55152,60,,1,,18704
55153,60,,1,,18705
55154,60,,1,,18706
55155,60,,1,,18707
55156,60,,1,,18708
55157,60,,1,,18709
55158,60,,1,,18710
55159,60,,1,,18711
55160,60,,1,,18712
55161,60,,1,,18713
55162,60,,1,,18714
55163,60,,1,,18715
55164,60,,1,,18716
55165,60,,1,,18717
55166,60,,1,,18718
55167,60,,1,,18719
55168,60,,1,,18720
55169,60,,1,,18721
55170,60,,1,,18722
55171,60,,1,,18723
55172,60,,1,,18724
55173,60,,1,,18725
55174,60,,1,,18726
55175,60,,1,,18727
55176,60,,1,,18728
55177,60,,1,,18729
55178,60,,1,,18730
55179,60,,1,,18731
55180,60,,1,,18732
55181,60,,1,,18733
55182,60,,1,,18734
55183,60,,1,,18735
55184,60,,1,,18736
55185,60,,1,,18737
55186,60,,1,,18738
55187,60,,1,,18739
55188,60,,1,,18740
55189,60,,1,,18741
55190,60,,1,,18742
55191,60,,1,,18743
55192,60,,1,,18744
55193,60,,1,,18745
55194,60,,1,,18746
55195,60,,1,,18747
55196,60,,1,,18748
55197,60,,1,,18749
55198,60,,1,,18750
55199,60,,1,,18751
55200,60,,1,,18752
55201,60,,1,,18753
55202,60,,1,,18754
55203,60,,1,,18755
55204,60,,1,,18756
55205,60,,1,,18757
55206,60,,1,,18758
55207,60,,1,,18759
55208,60,,1,,18760
55209,60,,1,,18761
55210,60,,1,,18762
55211,60,,1,,18763
55212,60,,1,,18764
55213,60,,1,,18765
55214,60,,1,,18766
55215,60,,1,,18767
55216,60,,1,,18768
55217,60,,1,,18769
55218,60,,1,,18770
55219,60,,1,,18771
55220,60,,1,,18772
55221,60,,1,,18773
55222,60,,1,,18774
55223,60,,1,,18775
55224,60,,1,,18776
55225,60,,1,,18777
55226,60,,1,,18778
55227,60,,1,,18779
55228,60,,1,,18780
55229,60,,1,,18781
55230,60,,1,,18782
55231,60,,1,,18783
55232,60,,1,,18784
55233,60,,1,,18785
55234,60,,1,,18786
55235,60,,1,,18787
55236,60,,1,,18788
55237,60,,1,,18789
55238,60,,1,,18790
55239,60,,1,,18791
55240,60,,1,,18792
55241,60,,1,,18793
55242,60,,1,,18794
55243,60,,1,,18795
55244,60,,1,,18796
55245,60,,1,,18797
55246,60,,1,,18798
55247,60,,1,,18799
55248,60,,1,,18800
55249,60,,1,,18801
55250,60,,1,,18802
55251,60,,1,,18803
55252,60,,1,,18804
55253,60,,1,,18805
55254,60,,1,,18806
55255,60,,1,,18807
55256,60,,1,,18808
55257,60,,1,,18809
55258,60,,1,,18810
55259,60,,1,,18811
55260,60,,1,,18812
55261,60,,1,,18813
55262,60,,1,,18814
55263,60,,1,,18815
55264,60,,1,,18816
55265,60,,1,,18817
55266,60,,1,,18818
55267,60,,1,,18819
55268,60,,1,,18820
55269,60,,1,,18821
55270,60,,1,,18822
55271,60,,1,,18823
55272,60,,1,,18824
55273,60,,1,,18825
55274,60,,1,,18826
55275,60,,1,,18827
55276,60,,1,,18828
55277,60,,1,,18829
55278,60,,1,,18830
55279,60,,1,,18831
55280,60,,1,,18832
55281,60,,1,,18833
55282,60,,1,,18834
55283,60,,1,,18835
55284,60,,1,,18836
55285,60,,1,,18837
55286,60,,1,,18838
55287,60,,1,,18839
55288,60,,1,,18840
55289,60,,1,,18841
55290,60,,1,,18842
55291,60,,1,,18843
55292,13,,1,,18844
55293,60,,1,,18845
55294,60,,1,,18846
55295,60,,1,,18847
55296,60,,1,,18848
55297,60,,1,,18849
55298,60,,1,,18850
55299,60,,1,,18851
55300,60,,1,,18852
55301,60,,1,,18853
55302,60,,1,,18854
55303,60,,1,,18855
55304,60,,1,,18856
55305,60,,1,,18857
55306,60,,1,,18858
55307,60,,1,,18859
55308,60,,1,,18860
55309,60,,1,,18861
55310,60,,1,,18862
55311,60,,1,,18863
55312,60,,1,,18864
55313,60,,1,,18865
55314,60,,1,,18866
55315,60,,1,,18867
55316,60,,1,,18868
55317,60,,1,,18869
55318,60,,1,,18870
55319,60,,1,,18871
55320,60,,1,,18872
55321,60,,1,,18873
55322,60,,1,,18874
55323,60,,1,,18875
55324,60,,1,,18876
55325,60,,1,,18877
55326,60,,1,,18878
55327,60,,1,,18879
55328,60,,1,,18880
55329,60,,1,,18881
55330,60,,1,,18882
55331,60,,1,,18883
55332,60,,1,,18884
55333,60,,1,,18885
55334,60,,1,,18886
55335,60,,1,,18887
55336,60,,1,,18888
55337,60,,1,,18889
55338,60,,1,,18890
55339,60,,1,,18891
55340,60,,1,,18892
55341,60,,1,,18893
55342,60,,1,,18894
55343,60,,1,,18895
55344,60,,1,,18896
55345,60,,1,,18897
55346,60,,1,,18898
55347,60,,1,,18899
55348,60,,1,,18900
55349,60,,1,,18901
55350,60,,1,,18902
55351,60,,1,,18903
55352,60,,1,,18904
55353,60,,1,,18905
55354,60,,1,,18906
55355,60,,1,,18907
55356,60,,1,,18908
55357,60,,1,,18909
55358,60,,1,,18910
55359,60,,1,,18911
55360,60,,1,,18912
55361,60,,1,,18913
55362,60,,1,,18914
55363,60,,1,,18915
55364,60,,1,,18916
55365,60,,1,,18917
55366,60,,1,,18918
55367,60,,1,,18919
55368,60,,1,,18920
55369,60,,1,,18921
55370,60,,1,,18922
55371,60,,1,,18923
55372,60,,1,,18924
55373,60,,1,,18925
55374,60,,1,,18926
55375,60,,1,,18927
55376,60,,1,,18928
55377,60,,1,,18929
55378,60,,1,,18930
55379,60,,1,,18931
55380,60,,1,,18932
55381,60,,1,,18933
55382,60,,1,,18934
55383,60,,1,,18935
55384,60,,1,,18936
55385,60,,1,,18937
55386,60,,1,,18938
55387,60,,1,,18939
55388,60,,1,,18940
55389,60,,1,,18941
55390,60,,1,,18942
55391,60,,1,,18943
55392,60,,1,,18944
55393,60,,1,,18945
55394,60,,1,,18946
55395,60,,1,,18947
55396,60,,1,,18948
55397,60,,1,,18949
55398,60,,1,,18950
55399,60,,1,,18951
55400,60,,1,,18952
55401,60,,1,,18953
55402,60,,1,,18954
55403,60,,1,,18955
55404,60,,1,,18956
55405,60,,1,,18957
55406,60,,1,,18958
55407,60,,1,,18959
55408,60,,1,,18960
55409,60,,1,,18961
55410,60,,1,,18962
55411,60,,1,,18963
55412,60,,1,,18964
55413,60,,1,,18965
55414,60,,1,,18966
55415,60,,1,,18967
55416,60,,1,,18968
55417,60,,1,,18969
55418,60,,1,,18970
55419,60,,1,,18971
55420,60,,1,,18972
55421,60,,1,,18973
55422,60,,1,,18974
55423,60,,1,,18975
55424,60,,1,,18976
55425,60,,1,,18977
55426,60,,1,,18978
55427,60,,1,,18979
55428,60,,1,,18980
55429,60,,1,,18981
55430,60,,1,,18982
55431,60,,1,,18983
55432,60,,1,,18984
55433,60,,1,,18985
55434,60,,1,,18986
55435,60,,1,,18987
55436,60,,1,,18988
55437,60,,1,,18989
55438,60,,1,,18990
55439,60,,1,,18991
55440,60,,1,,18992
55441,60,,1,,18993
55442,60,,1,,18994
55443,60,,1,,18995
55444,60,,1,,18996
55445,60,,1,,18997
55446,60,,1,,18998
55447,60,,1,,18999
55448,60,,1,,19000
55449,60,,1,,19001
55450,60,,1,,19002
55451,60,,1,,19003
55452,60,,1,,19004
55453,60,,1,,19005
55454,60,,1,,19006
55455,60,,1,,19007
55456,60,,1,,19008
55457,60,,1,,19009
55458,60,,1,,19010
55459,60,,1,,19011
55460,60,,1,,19012
55461,60,,1,,19013
55462,60,,1,,19014
55463,60,,1,,19015
55464,60,,1,,19016
55465,60,,1,,19017
55466,60,,1,,19018
55467,60,,1,,19019
55468,60,,1,,19020
55469,60,,1,,19021
55470,60,,1,,19022
55471,60,,1,,19023
55472,60,,1,,19024
55473,60,,1,,19025
55474,60,,1,,19026
55475,60,,1,,19027
55476,60,,1,,19028
55477,60,,1,,19029
55478,60,,1,,19030
55479,60,,1,,19031
55480,60,,1,,19032
55481,60,,1,,19033
55482,60,,1,,19034
55483,60,,1,,19035
55484,60,,1,,19036
55485,60,,1,,19037
55486,60,,1,,19038
55487,60,,1,,19039
55488,60,,1,,19040
55489,60,,1,,19041
55490,60,,1,,19042
55491,60,,1,,19043
55492,60,,1,,19044
55493,60,,1,,19045
55494,60,,1,,19046
55495,60,,1,,19047
55496,60,,1,,19048
55497,39,,1,,19049
55498,39,,1,,19057
55499,60,,1,,19058
55500,60,,1,,19491
55501,60,,1,,19492
55502,60,,1,,19493
55503,60,,1,,19494
55504,60,,1,,19495
55505,60,,1,,19496
55506,60,,1,,19497
55507,60,,1,,19498
55508,60,,1,,19499
55509,60,,1,,19500
55510,60,,1,,19501
55511,60,,1,,19502
55512,60,,1,,19503
55513,60,,1,,19504
55514,60,,1,,19505
55515,60,,1,,19506
55516,60,,1,,19507
55517,60,,1,,19508
55518,60,,1,,19509
55519,60,,1,,19510
55520,60,,1,,19511
55521,60,,1,,19512
55522,60,,1,,19513
55523,60,,1,,19514
55524,60,,1,,19515
55525,60,,1,,19516
55526,60,,1,,19517
55527,60,,1,,19518
55528,60,,1,,19519
55529,60,,1,,19520
55530,60,,1,,19521
55531,60,,1,,19522
55532,60,,1,,19523
55533,60,,1,,19524
55534,60,,1,,19525
55535,60,,1,,19526
55536,60,,1,,19527
55537,60,,1,,19528
55538,60,,1,,19529
55539,60,,1,,19530
55540,60,,1,,19531
55541,60,,1,,19532
55542,60,,1,,19533
55543,60,,1,,19534
55544,60,,1,,19535
55545,60,,1,,19536
55546,60,,1,,19537
55547,60,,1,,19538
55548,60,,1,,19539
55549,60,,1,,19540
55550,60,,1,,19541
55551,60,,1,,19542
55552,60,,1,,19543
55553,60,,1,,19544
55554,60,,1,,19545
55555,60,,1,,19546
55556,60,,1,,19547
55557,60,,1,,19548
55558,60,,1,,19549
55559,60,,1,,19550
55560,60,,1,,19551
55561,60,,1,,19552
55562,60,,1,,19553
55563,60,,1,,19554
55564,60,,1,,19555
55565,60,,1,,19556
55566,60,,1,,19557
55567,60,,1,,19558
55568,60,,1,,19559
55569,60,,1,,19560
55570,60,,1,,19561
55571,60,,1,,19562
55572,60,,1,,19563
55573,60,,1,,19564
55574,60,,1,,19565
55575,60,,1,,19566
55576,60,,1,,19567
55577,60,,1,,19568
55578,60,,1,,19569
55579,60,,1,,19570
55580,60,,1,,19571
55581,60,,1,,19572
55582,60,,1,,19573
55583,60,,1,,19574
55584,60,,1,,19575
55585,60,,1,,19576
55586,60,,1,,19577
55587,60,,1,,19578
55588,60,,1,,19579
55589,60,,1,,19580
55590,60,,1,,19581
55591,60,,1,,19582
55592,60,,1,,19583
55593,60,,1,,19584
55594,60,,1,,19585
55595,60,,1,,19586
55596,60,,1,,19587
55597,60,,1,,19588
55598,60,,1,,19589
55599,60,,1,,19590
55600,60,,1,,19591
55601,60,,1,,19592
55602,60,,1,,19593
55603,60,,1,,19594
55604,60,,1,,19595
55605,60,,1,,19596
55606,60,,1,,19597
55607,60,,1,,19598
55608,60,,1,,19599
55609,60,,1,,19600
55610,60,,1,,19601
55611,60,,1,,19602
55612,60,,1,,19603
55613,60,,1,,19604
55614,60,,1,,19605
55615,60,,1,,19606
55616,13,,1,,19607
55617,60,,1,,19608
55618,60,,1,,19609
55619,60,,1,,19610
55620,60,,1,,19611
55621,60,,1,,19612
55622,60,,1,,19613
55623,60,,1,,19614
55624,60,,1,,19615
55625,60,,1,,19616
55626,60,,1,,19617
55627,60,,1,,19618
55628,60,,1,,19619
55629,60,,1,,19620
55630,60,,1,,19621
55631,60,,1,,19622
55632,60,,1,,19623
55633,60,,1,,19624
55634,60,,1,,19625
55635,60,,1,,19626
55636,60,,1,,19627
55637,60,,1,,19628
55638,60,,1,,19629
55639,60,,1,,19630
55640,60,,1,,19631
55641,60,,1,,19632
55642,60,,1,,19633
55643,60,,1,,19634
55644,60,,1,,19635
55645,60,,1,,19636
55646,60,,1,,19637
55647,60,,1,,19638
55648,60,,1,,19639
55649,60,,1,,19640
55650,60,,1,,19641
55651,60,,1,,19642
55652,60,,1,,19643
55653,60,,1,,19644
55654,60,,1,,19645
55655,60,,1,,19646
55656,60,,1,,19647
55657,60,,1,,19648
55658,60,,1,,19649
55659,60,,1,,19650
55660,60,,1,,19651
55661,60,,1,,19652
55662,60,,1,,19653
55663,60,,1,,19654
55664,60,,1,,19655
55665,60,,1,,19656
55666,60,,1,,19657
55667,60,,1,,19658
55668,60,,1,,19659
55669,60,,1,,19660
55670,60,,1,,19661
55671,60,,1,,19662
55672,60,,1,,19663
55673,60,,1,,19664
55674,60,,1,,19665
55675,60,,1,,19666
55676,60,,1,,19667
55677,60,,1,,19668
55678,60,,1,,19669
55679,60,,1,,19670
55680,60,,1,,19671
55681,60,,1,,19672
55682,60,,1,,19673
55683,60,,1,,19674
55684,60,,1,,19675
55685,60,,1,,19676
55686,60,,1,,19677
55687,60,,1,,19678
55688,60,,1,,19679
55689,60,,1,,19680
55690,60,,1,,19681
55691,60,,1,,19682
55692,60,,1,,19683
55693,60,,1,,19684
55694,60,,1,,19685
55695,60,,1,,19686
55696,60,,1,,19687
55697,60,,1,,19688
55698,60,,1,,19689
55699,60,,1,,19690
55700,60,,1,,19691
55701,60,,1,,19692
55702,60,,1,,19693
55703,60,,1,,19694
55704,60,,1,,19695
55705,60,,1,,19696
55706,60,,1,,19697
55707,60,,1,,19698
55708,60,,1,,19699
55709,60,,1,,19700
55710,60,,1,,19701
55711,60,,1,,19702
55712,60,,1,,19703
55713,60,,1,,19704
55714,60,,1,,19705
55715,60,,1,,19706
55716,60,,1,,19707
55717,60,,1,,19708
55718,60,,1,,19709
55719,60,,1,,19710
55720,60,,1,,19711
55721,60,,1,,19712
55722,60,,1,,19713
55723,60,,1,,19714
55724,60,,1,,19715
55725,60,,1,,19716
55726,60,,1,,19717
55727,60,,1,,19718
55728,60,,1,,19719
55729,60,,1,,19720
55730,60,,1,,19721
55731,60,,1,,19722
55732,60,,1,,19723
55733,60,,1,,19724
55734,60,,1,,19725
55735,60,,1,,19726
55736,60,,1,,19727
55737,60,,1,,19728
55738,60,,1,,19729
55739,60,,1,,19730
55740,60,,1,,19731
55741,60,,1,,19732
55742,60,,1,,19733
55743,60,,1,,19734
55744,60,,1,,19735
55745,60,,1,,19736
55746,60,,1,,19737
55747,60,,1,,19738
55748,60,,1,,19739
55749,60,,1,,19740
55750,60,,1,,19741
55751,60,,1,,19742
55752,60,,1,,19743
55753,60,,1,,19744
55754,60,,1,,19745
55755,60,,1,,19746
55756,60,,1,,19747
55757,60,,1,,19748
55758,60,,1,,19749
55759,60,,1,,19750
55760,60,,1,,19751
55761,60,,1,,19752
55762,60,,1,,19753
55763,60,,1,,19754
55764,60,,1,,19755
55765,60,,1,,19756
55766,60,,1,,19757
55767,60,,1,,19758
55768,60,,1,,19759
55769,60,,1,,19760
55770,60,,1,,19761
55771,60,,1,,19762
55772,60,,1,,19763
55773,60,,1,,19764
55774,60,,1,,19765
55775,60,,1,,19766
55776,60,,1,,19767
55777,60,,1,,19768
55778,60,,1,,19769
55779,60,,1,,19770
55780,60,,1,,19771
55781,60,,1,,19772
55782,60,,1,,19773
55783,60,,1,,19774
55784,60,,1,,19775
55785,60,,1,,19776
55786,60,,1,,19777
55787,60,,1,,19778
55788,60,,1,,19779
55789,60,,1,,19780
55790,60,,1,,19781
55791,60,,1,,19782
55792,60,,1,,19783
55793,60,,1,,19784
55794,60,,1,,19785
55795,60,,1,,19786
55796,60,,1,,19787
55797,60,,1,,19788
55798,60,,1,,19789
55799,60,,1,,19790
55800,60,,1,,19791
55801,60,,1,,19792
55802,60,,1,,19793
55803,60,,1,,19794
55804,60,,1,,19795
55805,60,,1,,19796
55806,60,,1,,19797
55807,60,,1,,19798
55808,60,,1,,19799
55809,60,,1,,19800
55810,60,,1,,19801
55811,60,,1,,19802
55812,60,,1,,19803
55813,60,,1,,19804
55814,60,,1,,19805
55815,60,,1,,19806
55816,60,,1,,19807
55817,60,,1,,19808
55818,60,,1,,19809
55819,60,,1,,19810
55820,60,,1,,19811
55821,39,,1,,19813
55822,60,,1,,19814
55823,39,,1,,19815
55824,39,,1,,19816
55825,39,,1,,19817
55826,39,,1,,19818
55827,60,,1,,19819
55828,39,,1,,19820
55829,39,,1,,19821
55830,60,,1,,19822
55831,60,,1,,19823
55832,60,,1,,19824
55833,60,,1,,19825
55834,60,,1,,19826
55835,60,,1,,19827
55836,60,,1,,19828
55837,60,,1,,19829
55838,60,,1,,19830
55839,60,,1,,19831
55840,60,,1,,19832
55841,60,,1,,19833
55842,60,,1,,19834
55843,60,,1,,19835
55844,60,,1,,19836
55845,60,,1,,19837
55846,60,,1,,19838
55847,60,,1,,19839
55848,60,,1,,19840
55849,60,,1,,19841
55850,60,,1,,19842
55851,60,,1,,19843
55852,60,,1,,19844
55853,60,,1,,19845
55854,60,,1,,19846
55855,60,,1,,19847
55856,60,,1,,19848
55857,60,,1,,19849
55858,60,,1,,19850
55859,60,,1,,19851
55860,60,,1,,19852
55861,60,,1,,19853
55862,60,,1,,19854
55863,60,,1,,19855
55864,60,,1,,19856
55865,60,,1,,19857
55866,60,,1,,19858
55867,60,,1,,19859
55868,60,,1,,19860
55869,60,,1,,19861
55870,60,,1,,19862
55871,60,,1,,19863
55872,60,,1,,19864
55873,60,,1,,19865
55874,60,,1,,19866
55875,60,,1,,19867
55876,60,,1,,19868
55877,60,,1,,19869
55878,60,,1,,19870
55879,60,,1,,19871
55880,60,,1,,19872
55881,60,,1,,19873
55882,60,,1,,19874
55883,60,,1,,19875
55884,60,,1,,19876
55885,60,,1,,19877
55886,60,,1,,19878
55887,60,,1,,19879
55888,60,,1,,19880
55889,60,,1,,19881
55890,60,,1,,19882
55891,60,,1,,19883
55892,60,,1,,19884
55893,60,,1,,19885
55894,60,,1,,19886
55895,60,,1,,19887
55896,60,,1,,19888
55897,60,,1,,19889
55898,60,,1,,19890
55899,60,,1,,19891
55900,60,,1,,19892
55901,60,,1,,19893
55902,60,,1,,19894
55903,60,,1,,19895
55904,60,,1,,19896
55905,60,,1,,19897
55906,60,,1,,19898
55907,60,,1,,19899
55908,60,,1,,19900
55909,60,,1,,19901
55910,60,,1,,19902
55911,60,,1,,19903
55912,60,,1,,19904
55913,60,,1,,19905
55914,60,,1,,19906
55915,60,,1,,19907
55916,60,,1,,19908
55917,60,,1,,19909
55918,60,,1,,19910
55919,60,,1,,19911
55920,60,,1,,19912
55921,60,,1,,19913
55922,60,,1,,19914
55923,60,,1,,19915
55924,60,,1,,19916
55925,60,,1,,19917
55926,60,,1,,19918
55927,60,,1,,19919
55928,60,,1,,19920
55929,60,,1,,19921
55930,60,,1,,19922
55931,60,,1,,19923
55932,60,,1,,19924
55933,60,,1,,19925
55934,60,,1,,19926
55935,60,,1,,19927
55936,60,,1,,19928
55937,60,,1,,19929
55938,60,,1,,19930
55939,60,,1,,19931
55940,60,,1,,19932
55941,49,,1,,19933
55942,60,,1,,19934
55943,60,,1,,19935
55944,60,,1,,19936
55945,60,,1,,19937
55946,60,,1,,19938
55947,60,,1,,19939
55948,60,,1,,19940
55949,60,,1,,19941
55950,60,,1,,19942
55951,60,,1,,19943
55952,60,,1,,19944
55953,60,,1,,19945
55954,60,,1,,19946
55955,60,,1,,19947
55956,60,,1,,19948
55957,60,,1,,19949
55958,60,,1,,19950
55959,60,,1,,19951
55960,60,,1,,19952
55961,60,,1,,19953
55962,60,,1,,19954
55963,60,,1,,19955
55964,60,,1,,19956
55965,60,,1,,19957
55966,60,,1,,19958
55967,60,,1,,19959
55968,60,,1,,19960
55969,60,,1,,19961
55970,60,,1,,19962
55971,60,,1,,19963
55972,60,,1,,19964
55973,60,,1,,19965
55974,60,,1,,19966
55975,60,,1,,19967
55976,60,,1,,19968
55977,60,,1,,19969
55978,60,,1,,19970
55979,60,,1,,19971
55980,60,,1,,19972
55981,60,,1,,19973
55982,60,,1,,19974
55983,60,,1,,19975
55984,60,,1,,19976
55985,60,,1,,19977
55986,60,,1,,19978
55987,60,,1,,19979
55988,60,,1,,19980
55989,60,,1,,19981
55990,60,,1,,19982
55991,60,,1,,19983
55992,60,,1,,19984
55993,60,,1,,19985
55994,60,,1,,19986
55995,60,,1,,19987
55996,60,,1,,19988
55997,60,,1,,19989
55998,60,,1,,19990
55999,60,,1,,19991
56000,60,,1,,19992
56001,60,,1,,19993
56002,60,,1,,19994
56003,60,,1,,19995
56004,60,,1,,19996
56005,60,,1,,19997
56006,60,,1,,19998
56007,60,,1,,19999
56008,60,,1,,20000
56009,60,,1,,20001
56010,60,,1,,20002
56011,60,,1,,20003
56012,60,,1,,20004
56013,60,,1,,20005
56014,60,,1,,20006
56015,60,,1,,20007
56016,60,,1,,20008
56017,60,,1,,20009
56018,60,,1,,20010
56019,60,,1,,20011
56020,60,,1,,20012
56021,60,,1,,20013
56022,60,,1,,20014
56023,60,,1,,20015
56024,60,,1,,20016
56025,60,,1,,20017
56026,60,,1,,20018
56027,60,,1,,20019
56028,60,,1,,20020
56029,60,,1,,20021
56030,60,,1,,20022
56031,60,,1,,20023
56032,60,,1,,20024
56033,60,,1,,20025
56034,60,,1,,20026
56035,60,,1,,20027
56036,60,,1,,20028
56037,60,,1,,20029
56038,60,,1,,20030
56039,60,,1,,20031
56040,60,,1,,20032
56041,60,,1,,20033
56042,60,,1,,20034
56043,60,,1,,20035
56044,60,,1,,20036
56045,60,,1,,20037
56046,60,,1,,20038
56047,60,,1,,20039
56048,60,,1,,20040
56049,60,,1,,20041
56050,60,,1,,20042
56051,60,,1,,20043
56052,60,,1,,20044
56053,60,,1,,20045
56054,60,,1,,20046
56055,60,,1,,20047
56056,60,,1,,20048
56057,60,,1,,20049
56058,60,,1,,20050
56059,60,,1,,20051
56060,60,,1,,20052
56061,60,,1,,20053
56062,60,,1,,20054
56063,60,,1,,20055
56064,60,,1,,20056
56065,60,,1,,20057
56066,60,,1,,20058
56067,60,,1,,20059
56068,60,,1,,20060
56069,60,,1,,20061
56070,60,,1,,20062
56071,60,,1,,20063
56072,74,,1,,20064
56073,74,,1,,20065
56074,60,,1,,20066
56075,60,,1,,20067
56076,60,,1,,20068
56077,60,,1,,20069
56078,74,,1,,20070
56079,74,,1,,20071
56080,74,,1,,20072
56081,74,,1,,20073
56082,60,,1,,20074
56083,74,,1,,20075
56084,60,,1,,20076
56085,60,,1,,20077
56086,74,,1,,20078
56087,60,,1,,20079
56088,60,,1,,20080
56089,60,,1,,20081
56090,60,,1,,20082
56091,60,,1,,20083
56092,60,,1,,20084
56093,74,,1,,20085
56094,60,,1,,20086
56095,60,,1,,20087
56096,60,,1,,20088
56097,60,,1,,20089
56098,60,,1,,20090
56099,60,,1,,20091
56100,60,,1,,20092
56101,74,,2,,20093
56102,74,,1,,20094
56103,60,,1,,20095
56104,60,,1,,20096
56105,60,,1,,20097
56106,60,,1,,20098
56107,60,,1,,20099
56108,60,,1,,20100
56109,60,,1,,20101
56110,60,,1,,20102
56111,60,,1,,20103
56112,60,,1,,20104
56113,60,,1,,20105
56114,60,,1,,20106
56115,60,,1,,20107
56116,60,,1,,20108
56117,60,,1,,20109
56118,60,,1,,20110
56119,60,,1,,20111
56120,60,,1,,20112
56121,60,,1,,20113
56122,60,,1,,20114
56123,60,,1,,20115
56124,60,,1,,20116
56125,60,,1,,20117
56126,60,,1,,20118
56127,60,,1,,20119
56128,60,,1,,20120
56129,60,,1,,20121
56130,60,,1,,20122
56131,60,,1,,20123
56132,60,,1,,20124
56133,60,,1,,20125
56134,60,,1,,20126
56135,60,,1,,20127
56136,60,,1,,20128
56137,60,,1,,20129
56138,60,,1,,20130
56139,60,,1,,20131
56140,60,,1,,20132
56141,60,,1,,20133
56142,60,,1,,20134
56143,60,,1,,20135
56144,60,,1,,20136
56145,60,,1,,20137
56146,60,,1,,20138
56147,60,,1,,20139
56148,60,,1,,20140
56149,60,,1,,20141
56150,60,,1,,20142
56151,60,,1,,20145
56152,60,,1,,20146
56153,60,,1,,20147
56154,60,,1,,20148
56155,60,,1,,20149
56156,60,,1,,20150
56157,60,,1,,20151
56158,60,,1,,20152
56159,60,,1,,20153
56160,60,,1,,20154
56161,60,,1,,20155
56162,60,,1,,20156
56163,60,,1,,20157
56164,60,,1,,20158
56165,60,,1,,20159
56166,60,,1,,20160
56167,60,,1,,20161
56168,60,,1,,20162
56169,60,,1,,20163
56170,60,,1,,20164
56171,60,,1,,20165
56172,60,,1,,20166
56173,60,,1,,20167
56174,60,,1,,20168
56175,60,,1,,20169
56176,60,,1,,20170
56177,60,,1,,20171
56178,60,,1,,20172
56179,60,,1,,20173
56180,60,,1,,20174
56181,60,,1,,20175
56182,60,,1,,20176
56183,60,,1,,20177
56184,60,,1,,20178
56185,60,,1,,20179
56186,60,,1,,20180
56187,60,,1,,20181
56188,60,,1,,20182
56189,60,,1,,20183
56190,60,,1,,20184
56191,60,,1,,20185
56192,60,,1,,20186
56193,60,,1,,20187
56194,60,,1,,20188
56195,60,,1,,20189
56196,60,,1,,20190
56197,60,,1,,20191
56198,60,,1,,20192
56199,60,,1,,20193
56200,60,,1,,20194
56201,60,,1,,20195
56202,60,,1,,20196
56203,60,,1,,20197
56204,60,,1,,20198
56205,60,,1,,20199
56206,60,,1,,20200
56207,60,,1,,20201
56208,60,,1,,20202
56209,60,,1,,20203
56210,60,,1,,20204
56211,60,,1,,20205
56212,60,,1,,20206
56213,60,,1,,20207
56214,60,,1,,20208
56215,60,,1,,20209
56216,60,,1,,20210
56217,60,,1,,20211
56218,60,,1,,20212
56219,60,,1,,20213
56220,60,,1,,20214
56221,60,,1,,20215
56222,60,,1,,20216
56223,60,,1,,20217
56224,60,,1,,20218
56225,60,,1,,20219
56226,60,,1,,20220
56227,60,,1,,20221
56228,60,,1,,20222
56229,60,,1,,20223
56230,60,,1,,20224
56231,60,,1,,20225
56232,60,,1,,20226
56233,60,,1,,20227
56234,60,,1,,20228
56235,60,,1,,20229
56236,60,,1,,20230
56237,60,,1,,20231
56238,60,,1,,20232
56239,60,,1,,20233
56240,60,,1,,20234
56241,60,,1,,20235
56242,60,,1,,20236
56243,60,,1,,20237
56244,60,,1,,20238
56245,60,,1,,20239
56246,60,,1,,20240
56247,60,,1,,20241
56248,60,,1,,20242
56249,60,,1,,20243
56250,60,,1,,20244
56251,60,,1,,20245
56252,60,,1,,20246
56253,60,,1,,20247
56254,60,,1,,20248
56255,60,,1,,20249
56256,60,,1,,20250
56257,60,,1,,20251
56258,60,,1,,20252
56259,60,,1,,20253
56260,60,,1,,20254
56261,60,,1,,20255
56262,60,,1,,20256
56263,60,,1,,20257
56264,60,,1,,20258
56265,60,,1,,20259
56266,60,,1,,20260
56267,60,,1,,20261
56268,60,,1,,20262
56269,60,,1,,20263
56270,60,,1,,20264
56271,60,,1,,20265
56272,60,,1,,20266
56273,60,,1,,20267
56274,60,,1,,20268
56275,60,,1,,20269
56276,60,,1,,20270
56277,60,,1,,20271
56278,60,,1,,20272
56279,60,,1,,20273
56280,60,,1,,20274
56281,60,,1,,20275
56282,60,,1,,20276
56283,60,,1,,20277
56284,60,,1,,20278
56285,60,,1,,20279
56286,60,,1,,20280
56287,60,,1,,20281
56288,60,,1,,20282
56289,60,,1,,20283
56290,60,,1,,20284
56291,60,,1,,20285
56292,60,,1,,20286
56293,60,,1,,20287
56294,60,,1,,20288
56295,60,,1,,20289
56296,60,,1,,20290
56297,60,,1,,20291
56298,60,,1,,20292
56299,60,,1,,20293
56300,60,,1,,20294
56301,60,,1,,20295
56302,60,,1,,20296
56303,60,,1,,20297
56304,60,,1,,20298
56305,60,,1,,20299
56306,60,,1,,20300
56307,60,,1,,20301
56308,60,,1,,20302
56309,60,,1,,20303
56310,60,,1,,20304
56311,60,,1,,20305
56312,60,,1,,20306
56313,60,,1,,20307
56314,60,,1,,20308
56315,60,,1,,20309
56316,60,,1,,20310
56317,60,,1,,20311
56318,60,,1,,20312
56319,60,,1,,20313
56320,60,,1,,20314
56321,60,,1,,20315
56322,60,,1,,20316
56323,60,,1,,20317
56324,60,,1,,20318
56325,60,,1,,20319
56326,60,,1,,20320
56327,60,,1,,20321
56328,60,,1,,20322
56329,60,,1,,20323
56330,60,,1,,20324
56331,60,,1,,20325
56332,60,,1,,20326
56333,60,,1,,20327
56334,60,,1,,20328
56335,60,,1,,20329
56336,60,,1,,20330
56337,60,,1,,20331
56338,60,,1,,20332
56339,60,,1,,20333
56340,60,,1,,20334
56341,60,,1,,20335
56342,60,,1,,20336
56343,60,,1,,20337
56344,60,,1,,20338
56345,60,,1,,20339
56346,60,,1,,20340
56347,60,,1,,20341
56348,60,,1,,20342
56349,60,,1,,20343
56350,60,,1,,20344
56351,60,,1,,20345
56352,60,,1,,20346
56353,60,,1,,20347
56354,60,,1,,20348
56355,60,,1,,20349
56356,60,,1,,20350
56357,60,,1,,20351
56358,60,,1,,20352
56359,60,,1,,20353
56360,60,,1,,20354
56361,60,,1,,20355
56362,60,,1,,20356
56363,60,,1,,20357
56364,60,,1,,20358
56365,60,,1,,20359
56366,60,,1,,20360
56367,60,,1,,20361
56368,60,,1,,20362
56369,13,,1,,20363
56370,60,,1,,20364
56371,60,,1,,20365
56372,60,,1,,20366
56373,60,,1,,20367
56374,60,,1,,20368
56375,60,,1,,20369
56376,60,,1,,20370
56377,60,,1,,20371
56378,60,,1,,20372
56379,60,,1,,20373
56380,60,,1,,20374
56381,60,,1,,20375
56382,60,,1,,20376
56383,60,,1,,20377
56384,60,,1,,20378
56385,60,,1,,20379
56386,60,,1,,20380
56387,60,,1,,20381
56388,60,,1,,20382
56389,60,,1,,20383
56390,60,,1,,20384
56391,60,,1,,20385
56392,60,,1,,20386
56393,60,,1,,20387
56394,60,,1,,20388
56395,60,,1,,20389
56396,60,,1,,20390
56397,60,,1,,20391
56398,60,,1,,20392
56399,60,,1,,20393
56400,60,,1,,20394
56401,60,,1,,20395
56402,60,,1,,20396
56403,60,,1,,20397
56404,60,,1,,20398
56405,60,,1,,20399
56406,60,,1,,20400
56407,60,,1,,20401
56408,60,,1,,20402
56409,60,,1,,20403
56410,60,,1,,20404
56411,60,,1,,20405
56412,60,,1,,20406
56413,60,,1,,20407
56414,60,,1,,20408
56415,60,,1,,20409
56416,60,,1,,20410
56417,60,,1,,20411
56418,60,,1,,20412
56419,60,,1,,20413
56420,60,,1,,20414
56421,60,,1,,20415
56422,60,,1,,20416
56423,60,,1,,20417
56424,60,,1,,20418
56425,60,,1,,20419
56426,60,,1,,20420
56427,60,,1,,20421
56428,60,,1,,20422
56429,60,,1,,20423
56430,60,,1,,20424
56431,60,,1,,20425
56432,60,,1,,20426
56433,60,,1,,20427
56434,60,,1,,20428
56435,60,,1,,20429
56436,60,,1,,20430
56437,60,,1,,20431
56438,60,,1,,20432
56439,60,,1,,20433
56440,60,,1,,20434
56441,60,,1,,20435
56442,60,,1,,20436
56443,60,,1,,20437
56444,60,,1,,20438
56445,60,,1,,20439
56446,60,,1,,20440
56447,60,,1,,20441
56448,60,,1,,20442
56449,60,,1,,20443
56450,60,,1,,20444
56451,60,,1,,20445
56452,60,,1,,20446
56453,60,,1,,20447
56454,60,,1,,20448
56455,60,,1,,20449
56456,60,,1,,20450
56457,60,,1,,20451
56458,60,,1,,20452
56459,60,,1,,20453
56460,60,,1,,20454
56461,60,,1,,20455
56462,60,,1,,20456
56463,60,,1,,20457
56464,60,,1,,20458
56465,60,,1,,20459
56466,60,,1,,20460
56467,60,,1,,20461
56468,60,,1,,20462
56469,60,,1,,20463
56470,60,,1,,20464
56471,60,,1,,20465
56472,60,,1,,20466
56473,60,,1,,20467
56474,60,,1,,20468
56475,60,,1,,20469
56476,60,,1,,20470
56477,60,,1,,20471
56478,60,,1,,20472
56479,60,,1,,20473
56480,60,,1,,20474
56481,60,,1,,20475
56482,60,,1,,20476
56483,60,,1,,20477
56484,60,,1,,20478
56485,60,,1,,20479
56486,60,,1,,20480
56487,60,,1,,20481
56488,60,,1,,20482
56489,60,,1,,20483
56490,60,,1,,20484
56491,60,,1,,20485
56492,60,,1,,20486
56493,60,,1,,20487
56494,60,,1,,20488
56495,60,,1,,20489
56496,60,,1,,20490
56497,60,,1,,20491
56498,60,,1,,20492
56499,60,,1,,20493
56500,60,,1,,20494
56501,60,,1,,20495
56502,60,,1,,20496
56503,60,,1,,20497
56504,60,,1,,20498
56505,60,,1,,20499
56506,60,,1,,20500
56507,60,,1,,20501
56508,60,,1,,20502
56509,60,,1,,20503
56510,60,,1,,20504
56511,60,,1,,20505
56512,60,,1,,20506
56513,60,,1,,20507
56514,60,,1,,20508
56515,60,,1,,20509
56516,60,,1,,20510
56517,60,,1,,20511
56518,60,,1,,20512
56519,60,,1,,20513
56520,60,,1,,20514
56521,60,,1,,20515
56522,60,,1,,20516
56523,60,,1,,20517
56524,60,,1,,20518
56525,60,,1,,20519
56526,60,,1,,20520
56527,60,,1,,20521
56528,60,,1,,20522
56529,60,,1,,20523
56530,60,,1,,20524
56531,60,,1,,20525
56532,60,,1,,20526
56533,60,,1,,20527
56534,60,,1,,20528
56535,60,,1,,20529
56536,60,,1,,20530
56537,60,,1,,20531
56538,60,,1,,20532
56539,60,,1,,20533
56540,60,,1,,20534
56541,60,,1,,20535
56542,60,,1,,20536
56543,60,,1,,20537
56544,60,,1,,20538
56545,60,,1,,20539
56546,60,,1,,20540
56547,60,,1,,20541
56548,60,,1,,20542
56549,60,,1,,20543
56550,60,,1,,20544
56551,60,,1,,20545
56552,60,,1,,20546
56553,60,,1,,20547
56554,60,,1,,20548
56555,60,,1,,20549
56556,60,,1,,20550
56557,60,,1,,20551
56558,60,,1,,20552
56559,60,,1,,20553
56560,60,,1,,20554
56561,60,,1,,20555
56562,60,,1,,20556
56563,60,,1,,20557
56564,60,,1,,20558
56565,60,,1,,20559
56566,60,,1,,20560
56567,60,,1,,20561
56568,60,,1,,20562
56569,60,,1,,20563
56570,60,,1,,20564
56571,60,,1,,20565
56572,60,,1,,20566
56573,60,,1,,20567
56574,39,,1,,20568
56575,60,,1,,27297
56576,11,,1,,27326
56577,39,,1,,57813
56578,39,6,1,,57814
56579,36,,1,,57815
56580,36,,1,,57816
56581,36,,1,,57817
56582,36,,1,,57818
56583,36,,1,,57819
56584,39,,1,,57820
56585,39,,1,,57821
56586,22,,1,,57822
56587,36,,1,,57823
56588,36,,1,,57824
56589,36,,1,,57825
56590,59,,4,,57826
56591,36,,1,,57827
56592,36,,1,,57828
56593,36,,1,,57829
56594,36,,3,,57830
56595,36,,1,,57831
56596,36,,1,,57832
56597,22,,1,,57833
56598,22,,1,,57834
56599,36,,1,,57835
56600,36,,1,,57836
56601,36,,1,,57837
56602,36,,1,,57838
56603,36,,1,,57839
56604,36,,1,,57840
56605,63,,2,,57841
56606,63,,2,,57842
56607,36,,1,,57843
56608,22,,1,,57844
56609,36,,1,,57845
56610,36,,1,,57846
56611,39,,1,,57847
56612,39,,1,,57848
56613,36,,1,,57849
56614,36,,1,,57850
56615,36,,1,,57851
56616,39,,1,,57852
56617,39,,1,,57853
56618,39,,1,,57854
56619,36,,1,,57855
56620,39,,1,,57856
56621,36,,4,,57857
56622,36,,1,,57858
56623,36,,1,,57859
56624,63,,2,,57860
56625,63,,2,,57861
56626,36,,1,,57862
56627,39,,1,,57863
56628,39,,1,,57864
56629,39,,1,,57865
56630,39,,1,,57866
56631,39,,1,,57867
56632,63,,1,,57868
56633,63,,1,,57869
56634,63,,1,,57870
56635,63,,1,,57871
56636,63,,1,,57872
56637,63,,1,,57873
56638,63,,1,,57874
56639,63,,1,,57875
56640,63,,1,,57876
56641,63,,1,,57877
56642,63,,1,,57878
56643,63,,1,,57879
56644,63,,1,,57880
56645,36,,1,,57881
56646,36,,1,,57882
56647,13,,1,,57883
56648,22,,1,,57884
56649,39,,1,,57885
56650,39,,1,,57886
56651,63,,1,,57887
56652,63,,1,,57888
56653,36,,1,,57889
56654,22,,1,,57890
56655,39,,1,,57891
56656,39,,1,,57892
56657,22,,1,,57893
56658,22,,1,,57894
56659,39,,1,,57895
56660,39,,1,,57896
56661,22,,1,,57897
56662,22,,1,,57898
56663,36,,1,,57899
56664,22,,1,,57900
56665,22,,1,,57901
56666,13,,1,,57902
56667,13,,1,,57903
56668,13,,1,mouse in mouth,57904
56669,39,,1,,57905
56670,36,,1,,57906
56671,39,,1,,57907
56672,39,,1,,57908
56673,36,,1,,57909
56674,39,,1,,57910
56675,39,,1,,57911
56676,39,,1,,57912
56677,22,,1,,57913
56678,22,,1,,57914
56679,36,,1,,57915
56680,43,,1,,57916
56681,22,,1,,57917
56682,22,,1,,57918
56683,22,,1,,57919
56684,36,,1,,57920
56685,22,,1,,57921
56686,36,,1,,57922
56687,36,,2,,57923
56688,36,,3,,57924
56689,36,,3,,57925
56690,22,,1,,57926
56691,22,,1,,57927
56692,22,,1,,57928
56693,60,,1,,57929
56694,39,3,1,,57930
56695,13,,1,,57931
56696,22,,1,,57932
56697,22,,1,,57933
56698,39,1,1,,57934
56699,39,1,1,,57935
56700,36,,1,,57936
56701,13,,1,,57937
56702,36,,1,,57938
56703,36,,2,,57939
56704,36,,1,,57940
56705,36,,2,,57941
56706,39,,1,,57942
56707,39,,1,,57943
56708,22,,1,,57944
56709,22,,1,,57945
56710,22,,1,,57946
56711,39,1,2,,57947
56712,11,,1,,57948
56713,39,,1,,57949
56714,39,,1,,57950
56715,39,,1,,57951
56716,39,,1,,57952
56717,22,,1,,57953
56718,22,,1,,57954
56719,22,,1,,57955
56720,13,,1,,57956
56721,22,,1,,57957
56722,22,,1,,57958
56723,22,,1,,57959
56724,22,,1,,57960
56725,22,,1,,57961
56726,22,,1,,57963
56727,13,,2,,57962
56728,39,,1,,57964
56729,39,,1,,57965
56730,22,,1,,57966
56731,39,4,2,,57967
56732,39,4,2,,57968
56733,22,,1,,57969
56734,22,,1,,57970
56735,36,,1,,57971
56736,22,,1,,57972
56737,22,,1,,57973
56738,36,,1,,57974
56739,43,,1,,57975
56740,22,,1,,57976
56741,22,,1,,57977
56742,36,,1,,57978
56743,22,,1,,57979
56744,22,,1,,57980
56745,22,,1,,57981
56746,22,,1,,57982
56747,36,,3,,57983
56748,22,,1,,57984
56749,22,,1,,57985
56750,22,,1,,57986
56751,22,,1,,57987
56752,22,,1,,57988
56753,22,,1,,57989
56754,22,,1,,57990
56755,22,,1,,57991
56756,59,,1,,57992
56757,59,,4,,57993
56758,39,,1,,57994
56759,39,,1,,57995
56760,39,,1,,57996
56761,39,1,1,,57997
56762,22,,1,,57998
56763,25,,1,,57999
56764,22,,1,,58000
56765,22,,1,,58001
56766,36,,1,,58002
56767,36,,1,,58003
56768,22,,1,,58004
56769,36,,3,,58005
56770,22,,1,,58006
56771,13,,1,,58007
56772,22,,1,,58008
56773,36,,2,,58009
56774,36,,3,,58010
56775,36,,3,,58011
56776,36,,2,,58012
56777,36,,2,,58013
56778,36,,1,,58014
56779,39,,1,,58015
56780,39,,1,,58016
56781,36,,1,,58017
56782,43,,1,,58018
56783,36,,1,,58019
56784,22,,1,,58020
56785,22,,1,,58021
56786,39,,1,,58022
56787,22,,1,,58023
56788,39,,1,,58024
56789,13,,1,,58025
56790,60,,1,,58026
56791,39,1,2,,58027
56792,39,1,1,,58028
56793,36,,2,,58029
56794,36,,1,,58030
56795,36,,1,,58031
56796,36,,1,,58032
56797,36,,1,,58033
56798,36,,1,,58034
56799,22,,2,,58035
56800,43,,1,,58036
56801,22,,1,,58037
56802,22,,1,,58038
56803,22,,1,,58039
56804,43,,1,,58040
56805,36,,1,,58041
56806,36,,2,,58042
56807,36,,1,,58043
56808,36,,2,,58044
56809,36,,1,,58045
56810,36,,2,,58046
56811,39,,1,,58047
56812,39,,1,,58048
56813,22,,1,,58049
56814,22,,1,,58050
56815,22,,1,,58051
56816,13,,1,,58052
56817,22,,1,,58053
56818,50,,1,,58054
56819,43,,1,,58055
56820,22,,1,,58056
56821,22,,1,,58057
56822,50,,1,,58058
56823,39,,1,,58059
56824,39,,1,,58060
56825,39,,1,,58061
56826,39,,1,,58062
56827,36,,1,,58063
56828,36,,4,,58064
56829,36,,3,,58065
56830,36,,1,,58066
56831,36,,1,,58067
56832,36,,1,,58068
56833,22,,1,,58069
56834,25,,1,,58070
56835,25,,1,,58071
56836,36,,1,,58072
56837,36,,1,,58073
56838,25,,1,,58074
56839,22,,1,,58075
56840,36,,2,,58076
56841,36,,2,,58077
56842,36,,4,,58078
56843,36,,1,,58079
56844,39,4,1,,58080
56845,39,4,2,,58081
56846,22,,1,,58082
56847,80,,1,,58083
56848,13,,1,,58084
56849,22,,1,,58085
56850,23,5,1,,58086
56851,23,5,1,,58087
56852,36,,1,,58088
56853,39,,1,dirt bike,58089
56854,22,,1,,58090
56855,36,,1,,58091
56856,36,,1,,58092
56857,36,,1,,58093
56858,36,,1,,58094
56859,36,,2,,58095
56860,39,,1,,58096
56861,39,,1,,58097
56862,22,,1,,58098
56863,39,1,1,,58099
56864,23,5,1,,58099
56865,23,5,1,,58100
56866,39,1,1,,58100
56867,22,,1,,58101
56868,60,,1,,58102
56869,39,,1,,58103
56870,80,,1,,58104
56871,36,,1,,58105
56872,22,,1,,58106
56873,22,,1,,58107
56874,22,,1,,58108
56875,36,,1,,58109
56876,36,,1,,58110
56877,22,,1,,58111
56878,36,,3,,58112
56879,36,,1,,58113
56880,36,,1,,58114
56881,36,,1,,58115
56882,36,,1,,58116
56883,36,,1,,58117
56884,36,,1,,58118
56885,36,,1,,58119
56886,36,,1,,58120
56887,36,,1,,58121
56888,23,5,1,,58122
56889,23,5,1,,58123
56890,80,,1,,58124
56891,36,,1,,58125
56892,39,,1,,58126
56893,39,,1,,58127
56894,36,,1,,58128
56895,23,5,1,,58129
56896,23,5,1,,58130
56897,39,,1,,58130
56898,23,5,1,,58131
56899,23,5,1,,58132
56900,39,,1,,58132
56901,39,,1,,58133
56902,39,,1,,58134
56903,8,,1,,58135
56904,25,,1,,58136
56905,25,,1,,58137
56906,25,,1,,58138
56907,60,,1,,58139
56908,36,,1,,58140
56909,36,,1,,58141
56910,13,,1,,58142
56911,36,,1,,58143
56912,36,,2,,58144
56913,36,,2,,58145
56914,36,,1,,58146
56915,23,5,1,,58147
56916,23,5,1,,58148
56917,39,,1,,58148
56918,36,,1,,58149
56919,60,,1,,58150
56920,36,,1,,58151
56921,36,,1,,58152
56922,36,,1,,58153
56923,36,,1,,58154
56924,36,,1,,58155
56925,36,,1,,58156
56926,36,,1,,58157
56927,80,,1,,58158
56928,39,1,1,,58159
56929,39,1,1,,58160
56930,23,5,1,,58160
56931,25,,1,,58161
56932,39,,1,,58162
56933,39,,1,,58163
56934,39,,1,,58164
56935,39,,1,,58165
56936,39,4,2,,58166
56937,39,4,2,,58167
56938,39,1,1,,58168
56939,22,,1,,58169
56940,36,,1,,58170
56941,39,1,1,,58171
56942,39,1,1,,58172
56943,23,5,1,,58172
56945,23,5,1,,58173
56946,23,5,1,,58174
56947,39,1,1,,58174
56948,39,6,2,,58175
56949,39,,1,,58176
56950,39,,1,,58177
56951,39,,1,,58178
56952,39,,1,,58179
56953,36,,1,,58180
56954,36,,1,,58181
56955,36,,1,,58182
56956,36,,1,,58183
56957,36,,1,,58184
56958,36,,1,,58185
56959,25,,2,,58186
56960,25,,1,,58187
56961,39,,1,,58188
56962,39,,1,,58189
56963,36,,1,,58190
56964,36,,1,,58191
56965,39,,1,,58192
56966,39,,1,,58193
56967,39,,1,,58194
56968,39,,1,,58195
56969,36,,1,,58196
56970,39,,1,,58197
56971,39,,1,,58198
56972,39,,1,,58199
56973,60,,1,,58200
56974,60,,1,,58201
56975,60,,1,,58202
56976,60,,1,,58203
56977,60,,1,,58204
56978,60,,1,,58205
56979,39,,1,,58206
56980,39,,1,,58207
56981,60,,1,,58208
56982,39,,1,,58209
56983,39,,1,,58210
56984,60,,1,,58211
56985,60,,1,,58212
56986,39,,1,,58213
56987,39,,1,,58214
56988,60,,1,,58215
56989,60,,1,,58216
56990,60,,1,,58217
56991,36,,1,,58218
56992,60,,1,,58219
56993,60,,1,,58220
56994,60,,1,,58221
56995,60,,1,,58222
56996,60,,1,,58223
56997,60,,1,,58224
56998,60,,1,,58225
56999,60,,1,,58226
57000,60,,1,,58227
57001,60,,1,,58228
57002,60,,1,,58229
57003,60,,1,,58230
57004,60,,1,,58231
57005,60,,1,,58232
57006,60,,1,,58233
57007,60,,1,,58234
57008,60,,1,,58235
57009,60,,1,,58236
57010,60,,1,,58237
57011,60,,1,,58238
57012,60,,1,,58239
57013,60,,1,,58240
57014,39,1,1,,58241
57015,39,,1,,58242
57016,39,,1,,58243
57017,60,,1,,58244
57018,60,,1,,58245
57019,60,,1,,58246
57020,60,,1,,58247
57021,60,,1,,58248
57022,60,,1,,58249
57023,60,,1,,58250
57024,60,,1,,58251
57025,60,,1,,58252
57026,60,,1,,58253
57027,60,,1,,58254
57028,60,,1,,58255
57029,60,,1,,58256
57030,60,,1,,58257
57031,60,,1,,58258
57032,60,,1,,58259
57033,60,,1,,58260
57034,60,,1,,58261
57035,60,,1,,58262
57036,60,,1,,58263
57037,60,,1,,58264
57038,60,,1,,58265
57039,60,,1,,58266
57040,60,,1,,58267
57041,60,,1,,58268
57042,60,,1,,58269
57043,60,,1,,58270
57044,60,,1,,58271
57045,60,,1,,58272
57046,60,,1,,58273
57047,60,,1,,58274
57048,60,,1,,58275
57049,60,,1,,58276
57050,60,,1,,58277
57051,60,,1,,58278
57052,60,,1,,58279
57053,60,,1,,58280
57054,60,,1,,58281
57055,60,,1,,58282
57056,60,,1,,58283
57057,60,,1,,58284
57058,60,,1,,58285
57059,39,,1,,58286
57060,39,,1,,58287
57061,36,,1,,58288
57062,60,,1,,58289
57063,60,,1,,58290
57064,60,,1,,58291
57065,60,,1,,58292
57066,60,,1,,58293
57067,60,,1,,58294
57068,60,,1,,58295
57069,60,,1,,58296
57070,60,,1,,58297
57071,60,,1,,58298
57072,39,,1,,58299
57073,60,,1,,58300
57074,60,,1,,58301
57075,60,,1,,58302
57076,39,,1,,58303
57077,60,,1,,58304
57078,39,6,1,,58305
57079,39,6,1,,58306
57080,60,,1,,58307
57081,60,,1,,58308
57082,39,6,1,,58309
57083,36,,1,,58310
57084,36,,1,,58311
57085,36,,1,,58312
57086,36,,1,,58313
57087,36,,1,,58314
57088,39,,1,,58315
57089,39,,1,,58316
57090,22,,1,,58317
57091,36,,1,,58318
57092,36,,1,,58319
57093,36,,1,,58320
57094,59,,1,,58321
57095,36,,1,,58322
57096,36,,1,,58323
57097,36,,1,,58324
57098,36,,1,,58325
57099,36,,1,,58326
57100,36,,1,,58327
57101,22,,1,,58328
57102,22,,1,,58329
57103,36,,1,,58330
57104,36,,1,,58331
57105,36,,1,,58332
57106,36,,1,,58333
57107,36,,1,,58334
57108,55,,1,,48840
57109,39,6,1,,59298
57110,39,6,1,,59299
57111,39,1,1,,59300
57112,39,1,2,,59301
57113,39,3,1,,59302
57114,39,1,2,,59303
57115,39,1,1,,59304
57116,39,1,1,,59305
57117,23,7,1,,59305
57118,39,1,1,,59306
57119,23,7,1,,59306
57120,39,1,2,,59307
57121,39,1,1,,59308
57122,39,1,1,,59309
57123,39,1,3,,59310
57124,39,1,1,,59311
57125,39,1,1,,59312
57126,39,1,1,,59313
57127,39,1,1,,59314
57128,39,1,2,,59315
57129,39,1,1,,59316
57130,39,1,1,,59317
57131,39,1,1,,59318
57132,39,3,1,,59319
57133,39,1,1,,59320
57134,39,1,2,,59321
57135,39,3,1,,59322
57136,39,1,1,,59323
57137,39,3,1,,59324
57138,39,1,1,,59325
57139,39,1,1,,59326
57140,39,1,1,,59327
57141,39,1,1,,59328
57142,39,1,1,,59329
57143,39,3,1,,59330
57144,36,,1,,59331
57145,39,3,1,,59332
57146,39,1,1,,59333
57147,39,1,1,,59334
57148,39,1,1,,59335
57149,39,1,1,,59336
57150,39,1,1,,59337
57151,55,,1,,59338
57152,39,1,1,,59339
57153,39,1,2,,59340
57154,39,1,2,,59341
57155,39,3,1,,59342
57156,39,1,2,,59343
57157,39,3,1,,59344
57158,39,1,2,,59345
57159,39,1,1,,59346
57160,39,1,1,,59347
57161,39,1,1,,59348
57162,39,,1,,59349
57163,39,,1,,59350
57164,55,,1,,59351
57165,55,,1,,59352
57166,55,,1,,59353
57167,39,3,1,,59354
57168,39,3,1,,59355
57169,39,3,1,,59356
57170,39,1,1,,59357
57171,39,1,1,,59358
57172,39,1,1,,59359
57173,39,1,1,,59360
57174,39,3,1,,59361
57175,39,1,1,,59362
57176,39,3,1,,59363
57177,39,3,1,,59364
57178,39,1,2,,59365
57179,39,3,1,,59366
57180,55,,1,,59367
57181,55,,1,,59368
57182,55,,1,,59369
57183,39,1,1,,59370
57184,39,1,1,,59371
57185,39,4,1,,59372
57186,39,1,1,,59373
57187,39,1,1,,59374
57188,39,1,1,,59375
57189,39,3,1,,59376
57190,39,1,1,,59377
57191,39,1,1,,59378
57192,39,3,1,,59379
57193,39,3,1,,59380
57194,39,1,2,,59381
57195,39,1,2,,59382
57196,55,,1,,59383
57197,55,,1,,59384
57198,55,,1,,59385
57199,39,1,2,,59386
57200,39,1,1,,59387
57201,39,3,2,,59388
57202,39,3,1,,59389
57203,39,1,1,,59390
57204,39,1,2,,59391
57205,39,3,1,,59392
57206,39,1,1,,59393
57207,55,,1,,59394
57208,11,,1,,59395
57209,39,1,1,,59396
57210,39,1,2,,59397
57211,11,,1,,59398
57212,11,,1,,59399
57213,39,1,1,,59400
57214,39,1,1,,59401
57215,39,1,1,,59402
57216,39,3,1,,59403
57217,39,3,1,,59404
57218,39,3,1,,59405
57219,39,4,1,,59406
57220,39,1,1,,59407
57221,36,,1,,59408
57222,39,1,1,,59409
57223,23,5,1,,59409
57224,39,1,2,,59410
57225,39,1,2,,59411
57226,39,1,1,,59412
57227,11,,1,,59413
57228,39,1,2,,59414
57229,39,1,1,,59415
57230,39,1,1,,59416
57231,39,1,1,,59417
57232,39,4,1,,59418
57233,39,3,1,,59419
57234,39,1,1,,59420
57235,39,1,1,,59421
57236,39,3,1,,59422
57237,11,,1,,59423
57238,55,,1,,59424
57239,39,1,1,,59425
57240,39,1,1,,59426
57241,39,1,2,,59427
57242,39,1,1,,59428
57243,39,3,1,,59429
57244,39,1,1,,59430
57245,39,1,1,,59431
57246,39,1,1,,59432
57247,39,1,1,,59433
57248,11,,1,,59434
57249,39,1,1,,59435
57250,39,1,1,,59436
57251,39,,1,,59437
57252,11,,1,,59438
57253,11,,1,,59439
57254,11,,1,,59440
57255,11,,1,,59441
57256,39,6,1,,59442
57257,39,6,1,,59443
57258,39,6,1,,59444
57259,39,6,1,,59445
57260,39,6,1,,59446
57261,11,,1,,59447
57262,11,,1,,59448
57263,39,,1,,59449
57264,39,,1,,59450
57265,39,,1,,59451
57266,39,3,1,,59452
57267,55,,1,,59453
57268,39,3,1,,59454
57269,39,,1,,59455
57270,39,,1,,59456
57271,55,,1,,59457
57272,39,,1,,59458
57273,39,,1,,59459
57274,55,,1,,59460
57275,39,,1,,59461
57276,39,,1,,59462
57277,39,,1,,59463
57278,39,,1,,59464
57279,39,,1,,59465
57280,39,,1,,59466
57281,39,1,1,,59467
57282,55,,1,,59468
57283,55,,1,,59469
57284,39,3,2,,59470
57285,39,3,1,,59471
57286,39,3,1,,59472
57287,39,1,1,,59473
57288,55,,1,,59474
57289,55,,1,,59475
57290,39,1,1,,59476
57291,39,1,1,,59477
57292,39,1,1,,59478
57293,39,3,1,,59479
57294,39,3,1,,59480
57295,55,,1,,59481
57296,39,3,1,,59482
57297,55,,1,,59483
57298,55,,1,,59484
57299,39,3,2,,59485
57300,55,,1,,59486
57301,55,,1,,59487
57302,39,3,1,,59488
57303,39,3,1,,59489
57304,55,,1,,59490
57305,39,3,1,,59491
57306,39,3,1,,59492
57307,55,,1,,59493
57308,55,,1,,59494
57309,55,,1,,59495
57310,55,,1,,59496
57311,55,,1,,59497
57312,55,,1,,59498
57313,55,,1,,59499
57314,55,,1,,59500
57315,39,1,1,,59501
57316,39,1,1,,59502
57317,39,1,1,,59503
57318,39,1,1,,59504
57319,39,1,1,,59505
57320,55,,1,,59506
57321,23,7,1,,59507
57322,23,7,1,,59508
57323,23,7,1,,59509
57324,39,1,1,,59509
57325,39,1,1,,59510
57326,23,7,1,,59510
57327,39,1,1,,59511
57328,23,7,1,,59511
57329,39,3,1,,59512
57330,11,,1,,59513
57331,11,,1,,59514
57332,39,8,2,,59515
57333,39,8,2,,59516
57334,39,8,2,,59517
57335,39,1,1,,59518
57336,39,1,1,,59519
57337,11,,1,,59520
57338,39,3,1,,59521
57339,39,3,1,,59522
57340,11,,1,,59523
57341,23,7,1,,59524
57342,23,7,1,,59525
57343,39,1,1,,59525
57344,39,1,2,,59526
57345,39,1,1,,59527
57346,39,1,1,,59528
57347,39,1,1,,59529
57348,39,1,2,,59530
57349,39,1,2,,59531
57350,39,1,2,,59532
57351,39,1,1,,59533
57352,39,1,1,,59534
57353,39,1,1,,59535
57354,39,8,1,,59536
57355,39,8,1,,59537
57356,39,8,1,,59538
57357,39,1,1,,59539
57358,39,3,1,,59540
57359,39,1,2,,59541
57360,23,7,1,,59541
57361,39,1,1,,59542
57362,39,1,1,,59543
57363,11,,1,,59544
57364,11,,1,,59545
57365,11,,1,,59546
57366,23,,1,,59547
57367,11,,1,,59548
57368,11,,1,,59549
57369,11,,1,,59550
57370,23,7,1,,59551
57371,23,7,1,,59552
57372,23,7,1,,59553
57373,39,1,2,,59554
57374,39,1,2,,59555
57375,11,,1,,59556
57376,39,1,1,,59557
57377,39,1,1,,59558
57378,39,1,1,,59559
57379,39,1,1,,59560
57380,11,,1,,59561
57381,39,1,1,,59562
57382,11,,1,,59563
57383,39,1,1,,59564
57384,11,,1,,59565
57385,11,,1,,59566
57386,39,1,1,,59567
57387,39,1,2,,59568
57388,39,1,1,,59569
57389,39,1,2,,59570
57390,39,1,2,,59571
57391,55,,1,,59572
57392,39,1,1,,59573
57393,39,1,2,,59574
57394,11,,1,,59575
57395,11,,1,,59576
57396,39,1,2,,59577
57397,39,1,2,,59578
57398,39,1,1,,59579
57399,39,1,1,,59580
57400,23,7,1,,59580
57402,11,,1,,59581
57403,11,,1,,59582
57404,55,,1,,59583
57405,39,1,1,,59584
57406,23,7,1,,59584
57407,11,,1,,59585
57408,11,,1,,59586
57409,39,1,1,,59587
57410,11,,1,,59588
57411,11,,1,,59589
57412,39,1,1,,59590
57413,11,,1,,59591
57414,11,,1,,59592
57415,36,,1,,59593
57416,11,,1,,59594
57417,36,,2,,59595
57418,36,,2,,59596
57419,36,,2,,59597
57420,36,,1,,59598
57421,36,,1,,59599
57422,39,1,1,,59600
57423,11,,1,,59601
57424,11,,1,,59602
57425,39,2,1,,59603
57426,39,2,1,,59604
57427,55,,1,,59605
57428,39,2,1,,59606
57429,39,2,1,,59607
57430,39,2,1,,59608
57431,39,2,1,,59609
57432,55,,1,,59610
57433,55,,1,,59611
57434,55,,1,,59612
57435,39,1,1,,59613
57436,39,1,2,,59614
57437,39,1,2,,59615
57438,55,,1,,59616
57439,23,,1,,59617
57440,55,,1,,59618
57441,55,,1,,59619
57442,8,,1,,59620
57443,8,,1,,59621
57444,8,,1,,59622
57445,55,,1,,59623
57446,55,,1,,59624
57447,55,,1,,59625
57448,55,,1,,59626
57449,55,,1,,59627
57450,36,,1,,59628
57451,55,,1,,59629
57452,55,,1,,59630
57453,55,,1,,59631
57454,55,,1,,59632
57455,36,,1,,59633
57456,36,,1,,59634
57457,36,,1,,59635
57458,36,,1,,59636
57459,36,,1,,59637
57460,55,,1,,59638
57461,36,,1,,59639
57462,55,,1,,59640
57463,55,,1,,59641
57464,55,,1,,59642
57465,36,,1,,59643
57466,36,,1,,59644
57467,36,,1,,59645
57468,36,,1,,59646
57469,36,,1,,59647
57470,36,,1,,59648
57471,55,,1,,59649
57472,36,,1,,59650
57473,36,,1,,59651
57474,36,,1,,59652
57475,55,,1,,59653
57476,55,,1,,59654
57477,55,,1,,59655
57478,55,,1,,59656
57479,39,2,1,,59657
57480,39,2,1,,59658
57481,39,2,1,,59659
57482,55,,1,,59660
57483,39,2,1,,59661
57484,39,2,1,,59662
57485,55,,1,,59663
57486,55,,1,,59664
57487,55,,1,,59665
57488,39,1,1,,59666
57489,39,1,1,,59667
57490,55,,1,,59668
57491,55,,1,,59669
57492,55,,1,,59670
57493,55,,1,,59671
57494,55,,1,,59672
57495,55,,1,,59673
57496,55,,1,,59674
57497,55,,1,,59675
57498,55,,1,,59676
57499,36,,1,,59677
57500,36,,1,,59678
57501,55,,1,,59679
57502,55,,1,,59680
57503,55,,1,,59681
57504,55,,1,,59682
57505,36,,1,,59683
57506,36,,1,,59684
57507,36,,1,,59685
57508,55,,1,,59686
57509,55,,1,,59687
57510,55,,1,,59688
57511,36,,1,,59689
57512,36,,1,,59690
57513,36,,1,,59691
57514,36,,1,,59692
57515,55,,1,,59693
57516,36,,1,,59694
57517,36,,1,,59695
57518,39,1,2,,59696
57519,39,1,2,,59697
57520,39,1,1,,59698
57521,55,,1,,59699
57522,55,,1,,59700
57523,55,,1,,59701
57524,55,,1,,59702
57525,39,1,1,,59703
57526,23,7,1,,59703
57527,55,,1,,59704
57528,39,1,1,,59705
57529,55,,1,,59706
57530,39,,1,,59707
57531,55,,1,,59708
57532,55,,1,,59709
57533,39,,1,,59710
57534,55,,1,,59711
57535,55,,1,,59712
57536,55,,1,,59713
57537,55,,1,,59714
57538,55,,1,,59715
57539,55,,1,,59716
57540,36,,1,,59717
57541,36,,1,,59718
57542,36,,1,,59719
57543,36,,1,,59720
57544,36,,1,,59721
57545,36,,1,,59722
57546,55,,1,,59723
57547,55,,1,,59724
57548,55,,1,,59725
57549,55,,1,,59726
57550,36,,1,,59727
57551,36,,1,,59728
57552,36,,1,,59729
57553,36,,1,,59730
57554,36,,1,,59731
57555,36,,1,,59732
57556,36,,1,,59733
57557,36,,1,,59734
57558,36,,1,,59735
57559,39,1,2,,59736
57560,55,,1,,59737
57561,39,1,2,,59738
57562,39,1,2,,59739
57563,55,,1,,59740
57564,55,,1,,59741
57565,55,,1,,59742
57566,36,,1,,59743
57567,36,,1,,59744
57568,36,,1,,59745
57569,36,,1,,59746
57570,36,,1,,59747
57571,55,,1,,59748
57572,36,,1,,59749
57573,36,,1,,59750
57574,36,,1,,59751
57575,36,,1,,59752
57576,39,1,1,,59753
57577,39,1,1,,59754
57578,39,1,2,,59755
57579,39,1,4,,59756
57580,39,1,4,,59757
57581,39,1,4,,59758
57582,55,,1,,59759
57583,39,1,2,,59760
57584,39,1,1,,59761
57585,39,1,1,,59762
57586,39,1,2,,59763
57587,39,1,2,,59764
57588,39,1,2,,59765
57589,39,1,3,,59766
57590,39,1,3,,59767
57591,39,1,4,,59768
57592,39,1,3,,59769
57593,39,1,1,,59770
57594,39,1,3,,59771
57595,39,1,4,,59772
57596,39,1,5,,59773
57597,39,1,5,,59774
57598,39,1,4,,59775
57599,39,1,5,,59776
57600,39,1,2,,59777
57601,39,1,3,,59778
57602,39,1,3,,59779
57603,39,1,3,,59780
57604,55,,1,,59781
57605,39,1,4,,59782
57606,39,1,4,,59783
57607,39,1,4,,59784
57608,39,1,3,,59785
57609,39,1,5,,59786
57610,39,1,5,,59787
57611,39,1,6,,59788
57612,39,1,4,,59789
57613,39,1,4,,59790
57614,39,1,4,,59791
57615,55,,1,,59792
57616,39,1,5,,59793
57617,39,1,4,,59794
57618,39,1,5,,59795
57619,39,1,4,,59796
57620,39,1,4,,59797
57621,39,1,4,,59798
57622,39,1,3,,59799
57623,39,1,3,,59800
57624,39,1,1,,59801
57625,39,1,1,,59802
57626,39,1,1,,59803
57627,39,1,1,,59804
57628,39,1,1,,59805
57629,39,1,1,,59806
57630,39,1,1,,59807
57631,39,1,1,,59808
57632,39,1,2,,59809
57633,39,1,2,,59810
57634,39,1,2,,59811
57635,39,1,2,,59812
57636,39,1,2,,59813
57637,39,1,1,,59814
57638,39,1,2,,59815
57639,39,1,1,,59816
57640,39,1,1,,59817
57641,39,1,3,,59818
57642,39,1,2,,59819
57643,39,1,4,,59820
57644,39,1,4,,59821
57645,39,1,4,,59822
57646,39,1,1,,59823
57647,39,1,2,,59824
57648,39,1,1,,59825
57649,39,1,3,,59826
57650,39,1,1,,59827
57651,39,1,1,,59828
57652,39,1,1,,59829
57653,39,1,1,,59830
57654,39,1,1,,59831
57655,39,1,1,,59832
57656,39,1,1,,59833
57657,39,1,1,,59834
57658,39,1,1,,59835
57659,39,1,1,,59836
57660,23,7,1,,59836
57661,39,1,2,,59837
57662,39,1,2,,59838
57663,39,1,2,,59839
57664,39,1,3,,59840
57665,39,1,3,,59841
57666,39,1,3,,59842
57667,39,1,6,,59843
57668,39,1,6,,59844
57669,39,1,6,,59845
57670,39,1,7,,59846
57671,39,1,1,,59847
57672,23,7,1,,59847
57673,39,1,7,,59848
57674,39,1,7,,59849
57675,39,1,7,,59850
57676,39,1,7,,59851
57677,39,1,7,,59852
57678,39,1,8,,59853
57679,39,1,8,,59854
57680,39,1,8,,59855
57681,39,1,7,,59856
57682,39,1,6,,59857
57683,23,,1,,59858
57684,39,1,5,,59859
57685,39,1,3,,59860
57686,39,1,3,,59861
57687,39,1,3,,59862
57688,39,1,2,,59863
57689,39,1,2,,59864
57690,39,1,2,,59865
57691,39,1,1,,59866
57692,39,1,1,,59867
57693,39,1,1,,59868
57694,55,,1,,59869
57695,39,1,3,,59870
57696,39,1,2,,59871
57697,39,1,3,,59872
57698,39,1,1,,59873
57699,39,1,2,,59874
57700,39,1,2,,59875
57701,39,1,3,,59876
57702,39,1,3,,59877
57703,39,1,3,,59878
57704,39,1,3,,59879
57705,55,,1,,59880
57706,39,1,3,,59881
57707,39,1,3,,59882
57708,39,1,3,,59883
57709,39,1,3,,59884
57710,39,1,3,,59885
57711,39,1,3,,59886
57712,39,1,3,,59887
57713,39,1,3,,59888
57714,39,1,3,,59889
57715,39,1,5,,59890
57716,55,,1,,59891
57717,39,1,5,,59892
57718,11,,1,,59893
57719,11,,1,,59894
57720,11,,1,,59895
57721,39,1,3,,59896
57722,39,1,1,,59897
57723,39,1,1,,59898
57724,39,1,3,,59899
57725,39,1,3,,59900
57726,39,1,3,,59901
57727,39,1,1,,59902
57728,23,7,1,,59902
57729,39,1,3,,59903
57730,39,1,2,,59904
57731,39,1,1,,59905
57732,39,1,1,,59906
57733,55,,1,,59907
57734,55,,1,,59908
57735,39,1,1,,59909
57736,39,1,1,,59910
57737,55,,1,,59911
57738,39,1,2,,59912
57739,39,1,1,,59913
57740,23,7,1,,59913
57741,39,1,2,,59914
57742,39,1,2,,59915
57743,39,1,3,,59916
57744,39,1,1,,59917
57745,39,1,1,,59918
57746,39,1,1,,59919
57747,39,1,1,,59920
57748,39,1,1,,59921
57749,39,1,2,,59922
57750,39,1,2,,59923
57751,39,1,1,,59924
57752,23,7,1,,59924
57753,39,1,3,,59925
57754,39,1,2,,59926
57755,39,1,2,,59927
57756,39,1,2,,59928
57757,39,1,2,,59929
57758,39,1,3,,59930
57759,39,1,4,,59931
57760,39,1,3,,59932
57761,39,1,3,,59933
57762,39,1,2,,59934
57763,55,,1,,59935
57764,39,1,2,,59936
57765,39,1,2,,59937
57766,39,1,2,,59938
57767,39,3,1,,59939
57768,55,,1,,59940
57769,55,,1,,59941
57770,55,,1,,59942
57771,55,,1,,59943
57772,55,,1,,59944
57773,80,,1,,59945
57774,55,,1,,59946
57775,80,,1,,59947
57776,80,,1,,59948
57777,8,,1,,59949
57778,8,,1,,59950
57779,8,,1,,59951
57780,11,,1,,59952
57781,11,,1,,59953
57782,11,,1,,59954
57783,39,1,1,,59955
57785,23,7,1,,59955
57786,55,,1,,59956
57787,55,,1,,59957
57788,55,,1,,59958
57789,39,1,1,,59959
57790,39,1,1,,59960
57791,55,,1,,59961
57792,39,1,1,,59962
57793,39,1,1,,59963
57794,55,,1,,59964
57795,39,1,1,,59965
57796,55,,1,,59966
57797,55,,1,,59967
57798,39,3,1,,59968
57799,39,1,1,,59969
57800,39,1,2,,59970
57801,39,1,2,,59971
57802,55,,1,,59972
57803,55,,1,,59973
57804,55,,1,,59974
57805,39,3,1,,59975
57806,55,,1,,59976
57807,55,,1,,59977
57808,23,5,1,,59978
57809,39,3,1,,59979
57810,23,,1,,59980
57811,55,,1,,59981
57812,39,1,1,,59982
57813,39,1,1,,59983
57814,39,1,1,,59984
57815,23,5,1,,59985
57816,23,5,1,,59986
57817,23,5,1,,59987
57818,39,1,1,,59988
57819,39,1,1,,59989
57820,55,,1,,59990
57821,39,1,1,,59991
57822,39,1,1,,59992
57823,39,1,1,,59993
57824,39,1,1,,59994
57825,39,1,1,,59995
57826,23,7,1,,59995
57827,39,1,2,,59996
57828,23,7,1,,59996
57829,39,1,2,,59997
57830,23,7,1,,59997
57831,39,3,1,,59998
57832,39,3,1,,59999
57833,55,,1,,60000
57834,39,1,1,,60001
57835,39,6,1,,60002
57836,55,,1,,60003
57837,55,,1,,60004
57838,39,8,2,,60005
57839,39,8,2,,60006
57840,39,8,2,,60007
57841,39,1,2,,60008
57842,39,1,2,,60009
57843,39,1,1,,60010
57844,39,1,2,,60011
57845,39,1,1,,60012
57846,39,1,1,,60013
57847,39,1,1,,60014
57848,39,1,1,,60015
57849,39,1,1,,60016
57850,39,1,1,,60017
57851,39,1,2,,60018
57852,39,1,2,,60019
57853,39,1,2,,60020
57854,39,1,2,,60021
57855,39,1,2,,60022
57856,55,,1,,60023
57857,39,1,2,,60024
57858,39,1,3,,60025
57859,39,1,3,,60026
57860,39,1,3,,60027
57861,39,1,1,,60028
57862,39,1,2,,60029
57863,39,1,2,,60030
57864,55,,1,,60031
57865,55,,1,,60032
57866,55,,1,,60033
57867,39,1,1,,60034
57868,39,1,1,,60035
57869,55,,1,,60036
57870,55,,1,,60037
57871,39,1,2,,60038
57872,39,1,2,,60039
57873,39,1,2,,60040
57874,39,1,2,,60041
57875,39,1,2,,60042
57876,55,,8,,60043
57877,39,3,1,,60044
57878,39,1,1,,60045
57879,39,3,1,,60046
57880,39,3,1,,60047
57881,39,3,1,,60048
57882,39,3,1,,60049
57883,39,3,1,,60050
57884,39,3,1,,60051
57885,39,3,1,,60052
57886,55,,1,,60053
57887,39,1,1,,60054
57888,39,3,1,,60055
57889,55,,1,,60056
57890,55,,1,,60057
57891,55,,1,,60058
57892,39,1,1,,60059
57893,55,,1,,60060
57894,55,,1,,60061
57895,39,4,1,,60062
57896,39,4,1,,60063
57897,39,4,1,,60064
57898,55,,1,,60065
57899,55,,1,,60066
57900,39,3,1,,60067
57901,55,,1,,60068
57902,39,1,1,,60069
57903,39,1,1,,60070
57904,55,,1,,60071
57905,55,,1,,60072
57906,55,,1,,60073
57907,55,,1,,60074
57908,39,1,1,,60075
57909,23,7,1,,60075
57910,39,1,1,,60076
57911,23,7,2,,60076
57912,39,1,1,,60077
57913,23,7,2,,60077
57914,39,3,1,,60078
57915,55,,1,,60079
57916,55,,1,,60080
57917,55,,1,,60081
57918,39,1,1,,60082
57919,55,,1,,60083
57920,55,,1,,60084
57921,36,,1,,60085
57922,36,,1,,60086
57923,36,,1,,60087
57924,55,,1,,60088
57925,55,,1,,60089
57926,55,,1,,60090
57927,55,,1,,60091
57928,39,1,2,,60092
57929,55,,1,,60093
57930,55,,1,,60094
57931,36,,2,,60095
57932,36,,2,,60096
57933,36,,2,,60097
57934,36,,1,,60098
57935,36,,1,,60099
57936,39,1,1,,60100
57937,36,,1,,60101
57938,36,,2,,60102
57939,36,,2,,60103
57940,36,,2,,60104
57941,36,,1,,60105
57942,36,,1,,60106
57943,36,,1,,60107
57944,55,,1,,60108
57945,55,,1,,60109
57946,55,,1,,60110
57947,39,1,1,,60111
57948,36,,2,,60112
57949,36,,2,,60113
57950,36,,4,,60114
57951,36,,3,,60115
57952,36,,3,,60116
57953,36,,3,,60117
57954,39,1,1,,60118
57955,55,,1,,60119
57956,55,,1,,60120
57957,39,1,1,,60121
57958,39,1,1,,60122
57959,39,1,1,,60123
57960,55,,1,,60124
57961,39,1,2,,60125
57962,39,1,2,,60126
57963,39,1,3,,60127
57964,25,,1,,60128
57965,25,,1,,60129
57966,25,,1,,60130
57967,11,,1,,60131
57968,11,,1,,60132
57969,80,,1,,60133
57970,11,,1,,60134
57971,60,,1,,60135
57972,60,,1,,60136
57973,60,,1,,60137
57974,55,,1,,60138
57975,60,,1,,60139
57976,60,,1,,60140
57977,55,,1,,60141
57978,60,,1,,60142
57979,60,,1,,60143
57980,80,,1,,60144
57981,60,,1,,60145
57982,60,,1,,60146
57983,60,,1,,60147
57984,55,,1,,60148
57985,55,,1,,60149
57986,55,,1,,60150
57987,55,,1,,60151
57988,55,,1,,60152
57989,55,,1,,60153
57990,55,,1,,60154
57991,80,,1,,60155
57992,55,,1,,60156
57993,11,,1,,60157
57994,11,,1,,60158
57995,11,,1,,60159
57996,11,,1,,60160
57997,11,,1,,60161
57998,11,,1,,60162
57999,11,,1,,60163
58000,11,,1,,60164
58001,11,,1,,60165
58002,80,,1,,60166
58003,11,,1,,60167
58004,11,,1,,60168
58005,11,,1,,60169
58006,39,1,1,,60170
58007,80,,1,,60171
58008,60,,1,,60172
58009,36,,1,,60173
58010,36,,1,,60174
58011,36,,1,,60175
58012,36,,1,,60176
58013,36,,1,,60177
58014,60,,1,,60178
58015,36,,1,,60179
58016,36,,1,,60180
58017,36,,1,,60181
58018,36,,1,,60182
58019,36,,1,,60183
58020,36,,1,,60184
58021,60,,1,,60185
58022,60,,1,,60186
58023,60,,1,,60187
58024,36,,1,,60188
58025,36,,1,,60189
58026,36,,1,,60190
58027,36,,1,,60191
58028,36,,1,,60192
58029,36,,2,,60193
58030,36,,1,,60194
58031,36,,1,,60195
58032,36,,1,,60196
58033,39,1,1,,60197
58034,39,1,1,,60198
58035,39,1,2,,60199
58036,55,,1,,60200
58037,60,,1,,60201
58038,60,,1,,60202
58039,39,1,1,,60203
58040,23,7,1,,60203
58041,39,1,1,,60204
58042,23,7,1,,60204
58043,39,1,1,,60205
58044,23,7,1,,60205
58045,39,3,1,,60206
58046,39,3,1,,60207
58047,60,,1,,60208
58048,21,,1,,60209
58049,21,,1,,60210
58050,21,,1,,60211
58051,21,,1,,60212
58052,21,,1,,60213
58053,21,,1,,60214
58054,39,1,1,,60215
58055,39,1,1,,60216
58056,60,,1,,60217
58057,39,1,1,,60218
58058,60,,1,,60219
58059,60,,1,,60220
58060,39,1,1,,60221
58061,39,1,1,,60222
58062,60,,1,,60223
58063,39,1,1,,60224
58064,39,1,1,,60225
58065,39,1,1,,60226
58066,39,3,1,,60227
58067,60,,1,,60228
58068,60,,1,,60229
58069,36,,1,,60230
58070,36,,1,,60231
58071,36,,1,,60232
58072,36,,1,,60233
58073,36,,1,,60234
58074,36,,1,,60235
58075,36,,1,,60236
58076,36,,1,,60237
58077,36,,1,,60238
58078,36,,1,,60239
58079,36,,1,,60240
58080,36,,1,,60241
58081,36,,1,,60242
58082,36,,1,,60243
58083,36,,1,,60244
58084,55,,1,,60245
58085,55,,1,,60246
58086,55,,1,,60247
58087,39,1,1,,60248
58088,39,1,1,,60249
58089,39,1,1,,60250
58090,60,,1,,60251
58091,60,,1,,60252
58092,60,,1,,60253
58093,39,3,1,,60254
58094,60,,1,,60255
58095,60,,1,,60256
58096,60,,1,,60257
58097,60,,1,,60258
58098,60,,1,,60259
58099,39,3,1,,60260
58100,60,,1,,60261
58101,60,,1,,60262
58102,39,1,1,,60263
58103,39,1,1,,60264
58104,39,1,1,,60265
58105,60,,1,,60266
58106,55,,1,,60267
58107,55,,1,,60268
58108,36,,1,,60269
58109,36,,1,,60270
58110,36,,1,,60271
58111,36,,3,,60272
58112,36,,3,,60273
58113,36,,3,,60274
58114,36,,1,,60275
58115,36,,2,,60276
58116,36,,1,,60277
58117,36,,2,,60278
58118,36,,2,,60279
58119,36,,2,,60280
58120,36,,1,,60281
58121,36,,1,,60282
58122,36,,1,,60283
58123,39,1,2,,60284
58124,39,1,3,,60285
58125,39,1,3,,60286
58126,39,1,1,,60287
58127,39,1,1,,60288
58128,39,1,1,,60289
58129,39,1,1,,60290
58130,60,,1,,60291
58131,60,,1,,60292
58132,39,1,1,,60293
58133,39,1,1,,60294
58134,39,1,1,,60295
58135,39,3,1,,60296
58136,60,,1,,60297
58137,60,,1,,60298
58138,39,1,1,,60299
58139,39,1,1,,60300
58140,60,,1,,60301
58141,39,3,1,,60302
58142,39,3,1,,60303
58143,39,3,1,,60304
58144,39,3,1,,60305
58145,60,,1,,60306
58146,60,,1,,60307
58147,39,1,1,,60308
58148,60,,1,,60309
58149,60,,1,,60310
58150,39,1,1,,60311
58151,39,1,1,,60312
58152,39,1,1,,60313
58153,60,,1,,60314
58154,60,,1,,60315
58155,60,,1,,60316
58156,39,1,2,,60317
58157,39,1,2,,60318
58158,39,1,2,,60319
58159,39,1,1,,60320
58160,60,,1,,60321
58161,60,,1,,60322
58162,39,1,1,,60323
58163,39,1,1,,60324
58164,39,1,1,,60325
58165,39,3,1,,60326
58166,39,3,1,,60327
58167,60,,1,,60328
58168,39,1,1,,60329
58169,60,,1,,60330
58170,60,,1,,60331
58171,39,1,1,,60332
58172,60,,1,,60333
58173,60,,1,,60334
58174,39,1,1,,60335
58175,39,1,1,,60336
58176,60,,1,,60337
58177,39,1,1,,60338
58178,60,,1,,60339
58179,60,,1,,60340
58180,60,,1,,60341
58181,60,,1,,60342
58182,39,1,1,,60343
58183,36,,1,,60344
58184,36,,1,,60345
58185,36,,1,,60346
58186,36,,1,,60347
58187,36,,1,,60348
58188,36,,1,,60349
58189,36,,1,,60350
58190,36,,1,,60351
58191,36,,1,,60352
58192,36,,1,,60353
58193,36,,1,,60354
58194,36,,1,,60355
58195,60,,1,,60356
58196,36,,1,,60357
58197,36,,1,,60358
58198,36,,1,,60359
58199,36,,1,,60360
58200,36,,1,,60361
58201,36,,1,,60362
58202,36,,1,,60363
58203,36,,1,,60364
58204,36,,1,,60365
58205,36,,1,,60366
58206,36,,1,,60367
58207,36,,1,,60368
58208,36,,1,,60369
58209,36,,1,,60370
58210,36,,1,,60371
58211,36,,1,,60372
58212,36,,1,,60373
58213,60,,1,,60374
58214,60,,1,,60375
58215,60,,1,,60376
58216,36,,1,,60377
58217,36,,2,,60378
58218,36,,2,,60379
58219,60,,1,,60380
58220,36,,1,,60381
58221,36,,1,,60382
58222,36,,1,,60383
58223,60,,1,,60384
58224,60,,1,,60385
58225,39,1,2,,60386
58226,39,1,2,,60387
58227,60,,1,,60388
58228,39,1,1,,60389
58229,60,,1,,60390
58230,60,,1,,60391
58231,39,1,1,,60392
58232,23,7,1,,60392
58233,23,,1,,60393
58234,60,,1,,60394
58235,39,3,1,,60395
58236,39,3,1,,60396
58237,39,3,1,,60397
58238,39,3,1,,60398
58239,60,,1,,60399
58240,60,,1,,60400
58241,39,3,1,,60401
58242,39,3,1,,60402
58243,60,,1,,60403
58244,39,3,1,,60404
58245,39,3,1,,60405
58246,39,3,2,,60406
58247,39,1,1,,60407
58248,60,,1,,60408
58249,60,,1,,60409
58250,39,1,1,,60410
58251,23,7,1,,60410
58252,60,,1,,60411
58253,60,,1,,60412
58254,39,1,1,,60413
58255,39,1,1,,60414
58256,23,7,1,,60414
58257,39,1,1,,60415
58258,23,7,1,,60415
58259,39,4,1,,60416
58260,39,4,1,,60417
58261,60,,1,,60418
58262,39,4,2,,60419
58263,60,,1,,60420
58264,60,,1,,60421
58265,39,3,1,,60422
58266,39,3,1,,60423
58267,39,3,1,,60424
58268,39,1,1,,60425
58269,60,,1,,60426
58270,39,1,1,,60427
58271,39,1,1,,60428
58272,39,1,1,,60429
58273,39,1,2,,60430
58274,39,1,1,,60431
58275,60,,1,,60432
58276,60,,1,,60433
58277,39,1,1,,60434
58278,39,1,2,,60435
58279,39,1,1,,60436
58280,39,1,1,,60437
58281,39,1,1,,60438
58282,39,1,1,,60439
58283,39,3,1,,60440
58284,39,3,1,,60441
58285,23,7,1,,60441
58286,39,1,1,,60441
58287,39,1,1,,60442
58288,23,7,1,,60442
58289,39,3,1,,60443
58290,39,3,1,,60444
58291,60,,1,,60445
58292,39,1,1,,60446
58293,39,1,1,,60447
58294,39,1,1,,60448
58295,39,3,1,,60449
58296,39,3,1,,60450
58297,39,3,1,,60451
58298,39,1,1,,60452
58299,23,7,1,,60452
58300,39,1,1,,60453
58301,23,7,2,,60453
58302,39,1,2,,60454
58303,23,7,2,,60454
58304,60,,1,,60455
58305,60,,1,,60456
58306,60,,1,,60457
58307,39,1,1,,60458
58308,39,1,1,,60459
58309,39,1,1,,60460
58310,39,1,1,,60461
58311,39,1,1,,60462
58312,60,,1,,60463
58313,39,1,2,,60464
58314,39,1,2,,60465
58315,60,,1,,60466
58316,60,,1,,60467
58317,60,,1,,60468
58318,60,,1,,60469
58319,39,3,1,,60470
58320,39,3,1,,60471
58321,60,,1,,60472
58322,55,,1,,60473
58323,55,,1,,60474
58324,60,,1,,60475
58325,36,,1,,60476
58326,36,,1,,60477
58327,36,,1,,60478
58328,36,,1,,60479
58329,36,,1,,60480
58330,36,,1,,60481
58331,36,,1,,60482
58332,36,,1,,60483
58333,36,,1,,60484
58334,55,,1,,60485
58335,60,,1,,60486
58336,60,,1,,60487
58337,39,1,2,,60488
58338,39,1,2,,60489
58339,39,1,2,,60490
58340,39,1,1,,60491
58341,39,1,1,,60492
58342,39,1,1,,60493
58343,39,1,1,,60494
58344,39,1,1,,60495
58345,39,1,1,,60496
58346,39,1,1,,60497
58347,39,8,1,,60498
58348,39,8,1,,60499
58349,36,,1,,60500
58350,60,,1,,60501
58351,60,,1,,60502
58352,23,5,1,,60503
58353,23,5,1,,60504
58354,60,,1,,60505
58355,39,3,1,,60506
58356,60,,1,,60507
58357,60,,1,,60508
58358,55,,1,,60509
58359,55,,1,,60510
58360,55,,1,,60511
58361,36,,1,,60512
58362,36,,1,,60513
58363,36,,1,,60514
58364,59,,1,,60515
58365,59,,1,,60516
58366,59,,1,,60517
58367,39,1,1,,60518
58368,60,,1,,60519
58369,60,,1,,60520
58370,39,1,1,,60521
58371,39,1,1,,60522
58372,23,7,1,,60522
58373,39,1,1,,60523
58374,23,7,1,,60523
58375,23,7,1,,60524
58376,23,7,1,,60525
58377,60,,1,,60526
58378,39,1,1,,60527
58379,39,1,1,,60528
58380,60,,1,,60529
58381,39,3,1,,60530
58382,39,3,1,,60531
58383,39,3,1,,60532
58384,39,1,1,,60533
58385,60,,1,,60534
58386,60,,1,,60535
58387,22,,1,,60536
58388,60,,1,,60537
58389,60,,1,,60538
58390,36,,1,,60539
58391,36,,1,,60540
58392,36,,1,,60541
58393,36,,1,,60542
58394,36,,2,,60543
58395,36,,2,,60544
58396,36,,1,,60545
58397,36,,1,,60546
58398,36,,1,,60547
58399,36,,1,,60548
58400,36,,1,,60549
58401,36,,1,,60550
58402,36,,1,,60551
58403,36,,1,,60552
58404,36,,1,,60553
58405,60,,1,,60554
58406,60,,1,,60555
58407,60,,1,,60556
58408,60,,1,,60557
58409,60,,1,,60558
58410,23,,1,,60559
58411,60,,1,,60560
58412,60,,1,,60561
58413,60,,1,,60562
58414,39,1,1,,60563
58415,39,1,1,,60564
58416,60,,1,,60565
58417,39,1,2,,60566
58418,39,1,2,,60567
58419,39,1,1,,60568
58420,39,1,2,,60569
58421,39,1,2,,60570
58422,60,,1,,60571
58423,39,3,2,,60572
58424,39,3,1,,60573
58425,39,3,1,,60574
58426,39,1,1,,60575
58427,39,1,1,,60576
58428,39,1,1,,60577
58429,39,1,2,,60578
58430,39,1,1,,60579
58431,60,,1,,60580
58432,39,3,1,,60581
58433,60,,1,,60582
58434,60,,1,,60583
58435,39,3,2,,60584
58436,39,3,1,,60585
58437,60,,1,,60586
58438,39,1,1,,60587
58439,39,1,1,,60588
58440,39,1,1,,60589
58441,39,1,1,,60590
58442,39,1,1,,60591
58443,60,,1,,60592
58444,39,1,1,,60593
58445,60,,1,,60594
58446,60,,1,,60595
58447,39,3,1,,60596
58448,60,,1,,60597
58449,60,,1,,60598
58450,39,1,1,,60599
58451,23,7,1,,60599
58452,39,1,1,,60600
58453,23,7,1,,60600
58454,39,1,1,,60601
58455,23,7,1,,60601
58456,39,1,1,,60602
58457,23,7,1,,60602
58458,23,,1,,60603
58459,60,,1,,60604
58460,39,1,2,,60605
58461,39,1,2,,60606
58462,39,1,2,,60607
58463,39,3,1,,60608
58464,39,3,1,,60609
58465,60,,1,,60610
58466,39,1,1,,60611
58467,60,,1,,60612
58468,60,,1,,60613
58469,39,1,1,,60614
58470,39,1,1,,60615
58471,39,1,1,,60616
58472,39,1,1,,60617
58473,39,1,1,,60618
58474,39,1,1,,60619
58475,39,3,1,,60620
58476,39,3,1,,60621
58477,60,,1,,60622
58478,39,3,1,,60623
58479,39,3,1,,60624
58480,60,,1,,60625
58481,39,1,1,,60626
58482,39,1,1,,60627
58483,39,1,1,,60628
58484,39,3,1,,60629
58485,39,3,1,,60630
58486,60,,1,,60631
58487,39,3,1,,60632
58488,39,3,1,,60633
58489,39,3,1,,60634
58490,60,,1,,60635
58491,60,,1,,60636
58492,60,,1,,60637
58493,39,1,2,,60638
58494,39,1,2,,60639
58495,39,1,2,,60640
58496,39,1,1,,60641
58497,39,1,1,,60642
58498,39,1,1,,60643
58499,21,,1,,60644
58500,21,,1,,60645
58501,21,,1,,60646
58502,21,,1,,60647
58503,21,,1,,60648
58504,55,,1,,60649
58505,36,,1,,60650
58506,36,,1,,60651
58507,36,,1,,60652
58508,36,,1,,60653
58509,36,,1,,60654
58510,36,,1,,60655
58511,60,,1,,60656
58512,60,,1,,60657
58513,60,,1,,60658
58514,36,,1,,60659
58515,36,,1,,60660
58516,36,,1,,60661
58517,36,,1,,60662
58518,36,,1,,60663
58519,36,,1,,60664
58520,36,,1,,60665
58521,36,,1,,60666
58522,36,,1,,60667
58523,36,,1,,60668
58524,36,,1,,60669
58525,60,,1,,60670
58526,36,,1,,60671
58527,36,,1,,60672
58528,36,,1,,60673
58529,11,,2,,60674
58530,39,3,2,,60675
58531,39,3,1,,60676
58532,60,,1,,60677
58533,36,,1,,60678
58534,36,,1,,60679
58535,36,,4,,60680
58536,36,,5,,60681
58537,36,,5,,60682
58538,60,,1,,60683
58539,60,,1,,60684
58540,60,,1,,60685
58541,60,,1,,60686
58542,60,,1,,60687
58543,60,,1,,60688
58544,60,,1,,60689
58545,60,,1,,60690
58546,60,,1,,60691
58547,60,,1,,60692
58548,60,,1,,60693
58549,60,,1,,60694
58550,60,,1,,60695
58551,60,,1,,60696
58552,60,,1,,60697
58553,60,,1,,60698
58554,60,,1,,60699
58555,60,,1,,60700
58556,60,,1,,60701
58557,60,,1,,60702
58558,60,,1,,60703
58559,60,,1,,60704
58560,60,,1,,60705
58561,60,,1,,60706
58562,60,,1,,60707
58563,60,,1,,60708
58564,60,,1,,60709
58565,60,,1,,60710
58566,60,,1,,60711
58567,60,,1,,60712
58568,60,,1,,60713
58569,60,,1,,60714
58570,60,,1,,60715
58571,60,,1,,60716
58572,60,,1,,60717
58573,60,,1,,60718
58574,60,,1,,60719
58575,60,,1,,60720
58576,60,,1,,60721
58577,60,,1,,60722
58578,60,,1,,60723
58579,60,,1,,60724
58580,60,,1,,60725
58581,60,,1,,60726
58582,60,,1,,60727
58583,60,,1,,60728
58584,60,,1,,60729
58585,60,,1,,60730
58586,60,,1,,60731
58587,60,,1,,60732
58588,60,,1,,60733
58589,60,,1,,60734
58590,60,,1,,60735
58591,60,,1,,60736
58592,60,,1,,60737
58593,60,,1,,60738
58594,60,,1,,60739
58595,60,,1,,60740
58596,60,,1,,60741
58597,60,,1,,60742
58598,60,,1,,60743
58599,60,,1,,60744
58600,60,,1,,60745
58601,60,,1,,60746
58602,60,,1,,60747
58603,60,,1,,60748
58604,60,,1,,60749
58605,60,,1,,60750
58606,60,,1,,60751
58607,39,1,1,,60752
58608,39,1,1,,60753
58609,39,1,1,,60754
58610,39,1,1,,60755
58611,23,7,1,,60755
58612,60,,1,,60756
58613,60,,1,,60757
58614,60,,1,,60758
58615,39,1,1,,60759
58616,39,1,1,,60760
58617,39,1,1,,60761
58618,39,1,1,,60762
58619,39,1,1,,60763
58620,23,7,1,,60764
58621,60,,1,,60765
58622,39,1,1,,60766
58623,60,,1,,60767
58624,60,,1,,60768
58625,60,,1,,60769
58626,39,1,1,,60770
58627,60,,1,,60771
58628,60,,1,,60772
58629,13,,1,,60773
58630,60,,1,,60774
58631,60,,1,,60775
58632,39,3,1,,60776
58633,39,3,1,,60777
58634,60,,1,,60778
58635,36,,1,,60779
58636,36,,1,,60780
58637,36,,1,,60781
58638,36,,1,,60782
58639,36,,1,,60783
58640,60,,1,,60784
58641,36,,1,,60785
58642,36,,1,,60786
58643,36,,1,,60787
58644,36,,1,,60788
58645,36,,1,,60789
58646,60,,1,,60790
58647,60,,1,,60791
58648,60,,1,,60792
58649,60,,1,,60793
58650,36,,1,,60794
58651,36,,1,,60795
58652,36,,1,,60796
58653,36,,1,,60797
58654,36,,1,,60798
58655,36,,1,,60799
58656,36,,1,,60800
58657,36,,1,,60801
58658,36,,1,,60802
58659,21,,1,,60805
58660,36,,1,,60806
58661,36,,1,,60807
58662,36,,1,,60808
58663,36,,1,,60809
58664,36,,1,,60810
58665,36,,1,,60811
58666,36,,1,,60812
58667,36,,1,,60813
58668,36,,1,,60814
58669,36,,1,,60815
58670,36,,1,,60816
58671,36,,1,,60817
58672,36,,1,,60818
58673,36,,1,,60819
58674,36,,1,,60820
58675,36,,1,,60821
58676,36,,1,,60822
58677,36,,1,,60823
58678,36,,1,,60824
58679,36,,1,,60825
58680,36,,1,,60826
58681,36,,1,,60827
58682,36,,1,,60828
58683,36,,1,,60829
58684,36,,1,,60830
58685,36,,1,,60831
58686,36,,1,,60832
58687,36,,1,,60833
58688,36,,1,,60834
58689,36,,1,,60835
58690,69,,1,,60836
58691,69,,1,,60837
58692,60,,1,,60838
58693,69,,1,,60839
58694,60,,1,,60840
58695,60,,1,,60841
58696,36,,1,,60842
58697,36,,1,,60843
58698,36,,1,,60844
58699,36,,1,,60845
58700,36,,1,,60846
58701,36,,1,,60847
58702,36,,1,,60848
58703,36,,1,,60849
58704,36,,1,,60850
58705,36,,1,,60851
58706,36,,1,,60852
58707,60,,1,,60853
58708,39,1,1,,60854
58709,39,1,1,,60855
58710,39,1,1,,60856
58711,39,1,1,,60857
58712,39,1,1,,60858
58713,39,1,1,,60859
58714,60,,1,,60860
58715,39,1,1,,60861
58716,39,1,1,,60862
58717,39,1,2,,60863
58718,39,1,2,,60864
58719,39,1,1,,60865
58720,39,1,1,,60866
58721,39,1,1,,60867
58722,60,,1,,60868
58723,60,,1,,60869
58724,60,,1,,60870
58725,60,,1,,60871
58726,23,,2,,60872
58727,55,,1,,60873
58728,39,1,2,,60874
58729,39,3,1,,60875
58730,55,,1,,60876
58731,60,,1,,60877
58732,39,1,1,,60878
58733,39,1,1,,60879
58734,23,,1,,60879
58735,23,,1,,60880
58736,39,3,1,,60881
58737,60,,1,,60882
58738,60,,1,,60883
58739,39,1,1,,60884
58740,39,1,1,,60885
58741,39,1,1,,60886
58742,39,3,2,,60887
58743,39,3,2,,60888
58744,39,3,2,,60889
58745,39,1,1,,60890
58746,39,1,1,,60891
58747,39,1,1,,60892
58748,39,1,1,,60893
58749,39,1,1,,60894
58750,60,,1,,60895
58751,39,1,1,,60896
58752,60,,1,,60897
58753,60,,1,,60898
58754,39,1,1,,60899
58755,39,1,1,,60900
58756,39,1,1,,60901
58757,39,3,1,,60902
58758,39,3,1,,60903
58759,39,3,1,,60904
58760,39,1,1,,60905
58761,60,,1,,60906
58762,60,,1,,60907
58763,39,1,2,,60908
58764,39,1,2,,60909
58765,39,1,2,,60910
58766,39,1,2,,60911
58767,39,1,2,,60912
58768,39,1,2,,60913
58769,39,1,2,,60914
58770,39,1,2,,60915
58771,60,,1,,60916
58772,39,1,1,,60917
58773,39,1,1,,60918
58774,39,1,1,,60919
58775,39,3,1,,60920
58776,39,3,1,,60921
58777,39,3,1,,60922
58778,39,1,2,,60923
58779,39,1,2,,60924
58780,39,1,2,,60925
58781,39,1,1,,60926
58782,39,1,1,,60927
58783,39,1,1,,60928
58784,39,6,1,,60929
58785,39,6,1,,60930
58786,39,6,1,,60931
58787,39,1,1,,60932
58788,39,1,1,,60933
58789,39,1,1,,60934
58790,23,7,1,,60935
58791,39,1,1,,60936
58792,23,7,1,,60936
58793,39,1,1,,60937
58794,60,,1,,60938
58795,60,,1,,60939
58796,60,,1,,60940
58797,60,,1,,60941
58798,60,,1,,60942
58799,60,,1,,60943
58800,39,1,1,,60944
58801,39,1,1,,60945
58802,39,1,1,,60946
58803,39,2,1,,60947
58804,39,2,1,,60948
58805,39,2,1,,60949
58806,39,2,1,,60950
58807,39,2,1,,60951
58808,39,2,1,,60952
58809,60,,1,,60953
58810,60,,1,,60954
58811,60,,1,,60955
58812,60,,1,,60956
58813,60,,1,,60957
58814,60,,1,,60958
58815,39,2,1,,60959
58816,39,2,1,,60960
58817,39,2,1,,60961
58818,39,1,1,,60962
58819,60,,1,,60963
58820,60,,1,,60964
58821,39,1,1,,60965
58822,39,1,1,,60966
58823,60,,1,,60967
58824,39,1,1,,60968
58825,39,1,1,,60969
58826,39,1,1,,60970
58827,60,,1,,60971
58828,60,,1,,60972
58829,60,,1,,60973
58830,39,1,1,,60974
58831,39,1,1,,60975
58832,60,,1,,60976
58833,39,3,2,,60977
58834,39,3,1,,60978
58835,39,3,1,,60979
58836,36,,1,,60980
58837,36,,1,,60981
58838,36,,1,,60982
58839,36,,1,,60983
58840,36,,1,,60984
58841,36,,1,,60985
58842,36,,1,,60986
58843,36,,1,,60987
58844,60,,1,,60988
58845,39,3,1,,60989
58846,39,3,1,,60990
58847,60,,1,,60991
58848,39,1,1,,60992
58849,60,,1,,60993
58850,60,,1,,60994
58851,39,1,1,,60995
58852,39,1,1,,60996
58853,39,1,1,,60997
58854,39,3,1,,60998
58855,39,1,2,,60999
58856,39,1,2,,61000
58857,39,1,2,,61001
58858,39,1,1,,61002
58859,60,,1,,61003
58860,60,,1,,61004
58861,60,,1,,61005
58862,60,,1,,61006
58863,60,,1,,61007
58864,39,3,1,,61008
58865,60,,1,,61009
58866,60,,1,,61010
58867,39,3,1,,61011
58868,39,3,1,,61012
58869,39,6,1,,61013
58870,39,6,1,,61014
58871,39,6,1,,61015
58872,39,6,1,,61016
58873,39,6,1,,61017
58874,39,1,2,,61018
58875,39,1,1,,61019
58876,39,1,1,,61020
58877,39,1,1,,61021
58878,39,1,1,,61022
58879,39,1,1,,61023
58880,39,1,3,,61024
58881,39,1,1,,61025
58882,39,1,1,,61026
58883,39,3,1,,61027
58884,39,3,1,,61028
58885,39,3,1,,61029
58886,39,1,1,,61030
58887,39,1,1,,61031
58888,39,1,1,,61032
58889,39,1,1,,61033
58890,39,1,2,,61034
58891,39,1,2,,61035
58892,39,1,2,,61036
58893,39,3,1,,61037
58894,39,1,1,,61038
58895,36,,1,,61039
58896,39,1,1,,61040
58897,39,1,1,,61041
58898,39,1,1,,61042
58899,23,5,1,,61042
58900,39,1,1,,61043
58901,39,1,1,,61044
58902,39,1,2,,61045
58903,23,7,1,,61045
58904,39,1,1,,61046
58905,23,7,1,,61046
58906,39,3,1,,61047
58907,60,,1,,61048
58908,39,1,2,,61049
58909,39,3,1,,61050
58910,39,1,1,,61051
58911,39,1,1,,61052
58912,39,1,2,,61053
58913,39,1,2,,61054
58914,23,7,1,,61054
58915,39,1,1,ph,61055
58916,39,1,1,,61056
58917,39,1,3,,61057
58918,39,1,1,,61058
58919,39,1,1,,61059
58920,39,1,2,,61060
58921,39,1,2,,61061
58922,39,1,1,,61062
58923,60,,1,,61063
58924,60,,1,,61064
58925,39,1,2,,61065
58926,39,3,1,,61066
58927,39,1,1,,61067
58928,60,,1,,61068
58929,60,,1,,61069
58930,60,,1,,61070
58931,60,,1,,61071
58932,11,,1,,61072
58933,39,3,1,,61073
58934,60,,1,,61074
58935,60,,1,,61075
58936,39,3,1,,61076
58937,39,1,1,,61077
58938,36,,1,,61078
58939,36,,1,,61079
58940,39,1,1,,61080
58941,23,7,1,,61080
58942,23,5,1,,61081
58943,39,1,1,,61082
58944,39,1,1,,61083
58945,39,3,1,,61084
58946,39,1,2,,61085
58947,39,1,2,,61086
58948,39,1,1,,61087
58949,39,1,1,,61088
58950,39,1,1,,61089
58951,23,7,1,,61089
58952,60,,1,,61090
58953,39,1,1,,61091
58954,39,3,1,,61092
58955,39,3,1,,61093
58956,39,1,2,,61094
58957,39,1,1,,61095
58958,39,1,1,,61096
58959,39,1,2,,61097
58960,39,1,1,,61098
58961,39,1,1,,61099
58962,39,3,1,,61100
58963,39,1,1,,61101
58964,39,1,1,,61102
58965,39,3,1,,61103
58966,39,3,1,,61104
58967,39,1,1,,61105
58968,39,1,1,,61106
58969,39,1,1,,61107
58970,60,,1,,61108
58971,39,3,1,,61109
58972,39,1,1,,61110
58973,39,3,1,,61111
58974,36,,1,,61112
58975,39,6,1,,61113
58976,39,6,1,,61114
58977,39,6,2,,61115
58978,39,6,1,,61116
58979,39,1,1,,61117
58980,39,1,1,,61118
58981,39,1,1,,61119
58982,39,1,1,,61120
58983,39,1,1,,61121
58984,39,1,1,,61122
58985,39,1,1,,61123
58986,39,1,1,,61124
58987,39,1,1,,61125
58988,39,1,1,,61126
58989,60,,1,,61127
58990,60,,1,,61128
58991,39,1,1,,61129
58992,39,1,1,,61130
58993,39,1,2,,61131
58994,39,3,1,,61132
58995,39,1,1,,61133
58996,39,1,2,,61134
58997,39,3,1,,61135
58998,39,1,2,,61136
58999,39,1,1,,61137
59000,39,1,2,,61138
59001,39,1,1,,61139
59002,39,1,1,,61140
59003,39,1,2,,61141
59004,39,1,1,,61142
59005,60,,1,,61143
59006,60,,1,,61144
59007,60,,1,,61145
59008,60,,1,,61146
59009,60,,1,,61147
59010,60,,1,,61148
59011,60,,1,,61149
59012,60,,1,,61150
59013,60,,1,,61151
59014,60,,1,,61152
59015,60,,1,,61153
59016,60,,1,,61154
59017,60,,1,,61155
59018,60,,1,,61156
59019,60,,1,,61157
59020,60,,1,,61158
59021,60,,1,,61159
59022,11,,1,,61160
59023,60,,1,,61161
59024,60,,1,,61162
59025,60,,1,,61163
59026,60,,1,,61164
59027,60,,1,,61165
59028,60,,1,,61166
59029,60,,1,,61167
59030,60,,1,,61168
59031,60,,1,,61169
59032,60,,1,,61170
59033,60,,1,,61171
59034,60,,1,,61172
59035,60,,1,,61173
59036,60,,1,,61174
59037,60,,1,,61175
59038,60,,1,,61176
59039,60,,1,,61177
59040,60,,1,,61178
59041,60,,1,,61179
59042,60,,1,,61180
59043,60,,1,,61181
59044,60,,1,,61182
59045,60,,1,,61183
59046,60,,1,,61184
59047,60,,1,,61185
59048,60,,1,,61186
59049,60,,1,,61187
59050,60,,1,,61188
59051,60,,1,,61189
59052,60,,1,,61190
59053,60,,1,,61191
59054,60,,1,,61192
59055,60,,1,,61193
59056,60,,1,,61194
59057,60,,1,,61195
59058,60,,1,,61196
59059,60,,1,,61197
59060,60,,1,,61198
59061,60,,1,,61199
59062,39,1,2,,61200
59063,39,3,1,,61201
59064,39,1,3,,61202
59065,39,1,1,,61203
59066,39,1,1,,61204
59067,23,7,1,,61204
59068,39,1,1,,61205
59069,39,1,1,,61206
59070,39,3,1,,61207
59071,39,1,1,,61208
59072,60,,1,,61209
59073,39,1,1,,61210
59074,39,3,1,,61211
59075,39,1,3,,61212
59076,39,1,1,,61213
59077,39,3,1,,61214
59078,39,3,1,,61215
59079,39,1,2,,61216
59080,39,3,1,,61217
59081,39,1,2,,61218
59082,39,1,1,,61219
59083,39,3,1,,61220
59084,39,3,1,,61221
59085,39,1,2,,61222
59086,39,1,1,,61223
59087,39,3,1,,61224
59088,39,1,2,,61225
59089,39,1,2,,61226
59090,39,1,2,,61227
59091,39,1,1,,61228
59092,39,1,2,,61229
59093,39,1,1,,61230
59094,39,1,2,,61231
59095,39,1,1,,61232
59096,39,3,1,,61233
59097,39,1,1,,61234
59098,39,1,1,,61235
59099,39,1,1,,61236
59100,39,1,2,,61238
59101,39,1,1,,61239
59102,39,1,1,,61240
59103,39,1,1,,61241
59104,60,,1,,61242
59105,39,1,1,,61243
59106,36,,1,,61244
59107,60,,1,,61245
59108,60,,1,,61246
59109,60,,1,,61247
59110,36,,1,,61248
59111,39,1,1,,61249
59112,39,1,2,,61250
59113,39,1,1,,61251
59114,39,1,2,,61252
59115,39,1,1,,61253
59116,39,1,1,,61254
59117,39,1,1,,61255
59118,39,1,1,,61256
59119,39,1,2,,61257
59120,39,3,1,,61258
59121,39,3,1,,61259
59122,39,1,1,,61260
59123,39,1,1,,61261
59124,23,7,1,,61261
59125,39,1,1,,61262
59126,39,1,3,,61263
59127,39,1,1,,61264
59128,39,3,1,,61265
59129,39,1,3,,61266
59130,39,1,1,,61267
59131,39,1,1,,61268
59132,39,1,1,,61269
59133,23,7,1,,61269
59134,60,,1,,61270
59135,39,1,3,,61271
59136,39,1,2,,61272
59137,39,1,1,,61273
59138,39,3,1,,61274
59139,39,1,2,,61275
59140,23,7,1,,61275
59141,39,1,2,,61276
59142,39,1,2,,61277
59143,39,1,1,,61278
59144,60,,1,,61279
59145,60,,1,,61280
59146,39,3,1,,61281
59147,39,1,1,,61282
59148,39,1,1,,61283
59149,39,1,1,,61284
59150,39,1,1,,61285
59151,39,1,1,,61286
59152,23,7,1,,61286
59153,39,1,1,,61287
59154,39,1,1,,61288
59155,39,3,1,,61289
59156,39,3,1,,61290
59157,39,1,2,,61291
59158,39,1,2,,61292
59159,60,,1,,61293
59160,39,1,2,,61294
59161,39,1,2,,61295
59162,39,1,1,,61296
59163,60,,1,,61297
59164,39,1,1,,61298
59165,60,,1,,61299
59166,39,1,1,,61300
59167,39,1,1,,61301
59168,60,,1,,61302
59169,39,3,1,,61303
59170,39,1,1,,61304
59171,39,1,2,,61305
59172,39,1,1,,61306
59173,39,3,1,,61307
59174,39,1,2,,61308
59175,39,4,1,,61309
59176,39,1,1,,61310
59177,39,1,1,,61311
59178,39,1,1,,61312
59179,60,,1,,61313
59180,60,,1,,61314
59181,60,,1,,61315
59182,60,,1,,61316
59183,60,,1,,61317
59184,60,,1,,61318
59185,60,,1,,61319
59186,60,,1,,61320
59187,60,,1,,61321
59188,36,,1,,61322
59189,39,1,1,,61323
59190,39,1,1,,61324
59191,23,7,2,,61324
59192,39,1,2,,61325
59193,23,7,2,,61325
59194,39,1,3,,61326
59195,39,3,1,,61327
59196,39,3,1,,61328
59197,39,3,1,,61329
59198,39,3,1,,61330
59199,39,3,1,,61331
59200,39,3,1,,61332
59201,60,,1,,61333
59202,60,,1,,61334
59203,11,,1,,61335
59204,23,5,1,,61336
59205,39,1,1,,61337
59206,60,,1,,61338
59207,39,1,1,,61339
59208,39,1,1,,61340
59209,39,1,1,,61341
59210,39,1,1,,61342
59211,39,1,1,,61343
59212,39,1,3,,61344
59213,39,1,1,,61345
59214,39,1,1,,61346
59215,39,3,1,,61347
59216,36,,1,,61348
59217,39,1,2,,61349
59218,39,1,1,,61350
59219,39,1,2,,61351
59220,39,1,1,,61352
59221,39,1,1,,61353
59222,39,1,1,,61354
59223,39,1,3,,61355
59224,39,1,1,,61356
59225,39,1,2,,61357
59226,39,1,1,,61358
59227,60,,1,,61359
59228,36,,1,,61360
59229,39,3,1,,61361
59230,39,3,1,,61362
59231,39,3,1,,61363
59232,60,,1,,61364
59233,39,1,2,,61365
59234,60,,1,,61366
59235,60,,1,,61367
59236,39,1,2,,61368
59237,39,3,1,,61369
59238,39,1,1,,61370
59239,39,1,2,,61371
59240,39,1,1,,61372
59241,23,7,1,,61372
59242,60,,1,,61373
59243,39,1,1,,61374
59244,39,1,1,,61375
59245,60,,1,,61376
59246,39,1,1,,61377
59247,39,1,2,,61378
59248,39,1,1,,61379
59249,60,,1,,61380
59250,11,,1,,61381
59251,36,,1,,61382
59252,39,1,1,,61383
59253,39,1,1,,61384
59254,39,1,1,,61385
59255,39,1,1,,61386
59256,39,1,1,,61387
59257,39,1,1,,61388
59258,60,,1,,61389
59259,39,1,2,,61390
59260,39,1,1,,61391
59261,23,7,1,,61391
59262,39,1,1,,61392
59263,39,1,1,,61393
59264,39,1,1,,61394
59265,23,7,1,,61394
59266,39,1,1,,61395
59267,39,1,1,,61396
59268,39,1,1,,61397
59269,39,1,1,,61398
59270,39,1,1,,61399
59271,39,1,1,,61400
59272,39,1,1,,61401
59273,23,7,1,,61401
59274,39,1,2,,61402
59275,39,1,2,,61403
59276,39,1,3,,61404
59277,39,1,2,,61405
59278,39,1,1,,61406
59279,39,1,1,,61407
59280,39,1,3,,61408
59281,39,1,1,,61409
59282,39,3,1,,61410
59283,39,1,1,,61411
59284,39,1,1,,61412
59285,39,3,1,,61413
59286,60,,1,,61414
59287,39,3,1,,61415
59288,39,3,1,,61416
59289,39,1,2,,61417
59290,36,,1,,61418
59291,39,1,1,,61419
59292,39,1,1,,61420
59293,60,,1,,61421
59294,39,1,1,,61422
59295,39,1,1,,61423
59296,39,3,1,,61424
59297,39,1,2,,61425
59298,39,3,1,,61426
59299,60,,1,,61427
59300,60,,1,,61428
59301,39,1,1,,61429
59302,39,1,1,,61430
59303,39,1,1,,61431
59304,39,1,1,,61432
59305,39,1,1,,61433
59306,39,3,1,,61434
59307,39,1,1,,61435
59308,39,1,1,,61436
59309,39,1,1,,61437
59310,39,1,1,,61438
59311,39,1,2,,61439
59312,39,1,2,,61440
59313,23,7,1,,61440
59314,39,1,1,,61441
59315,39,1,2,,61442
59316,39,1,1,,61443
59317,60,,1,,61444
59318,39,1,1,,61445
59319,60,,1,,61446
59320,60,,1,,61447
59321,60,,1,,61448
59322,60,,1,,61449
59323,60,,1,,61450
59324,60,,1,,61451
59325,60,,1,,61452
59326,60,,1,,61453
59327,39,1,2,,61454
59328,23,7,1,,61454
59329,39,1,1,,61455
59330,39,8,1,,61456
59331,39,1,1,,61457
59332,39,1,1,,61458
59333,39,1,2,,61459
59334,39,1,6,,61460
59335,39,1,2,,61461
59336,39,1,2,,61462
59337,11,,1,,61463
59338,11,,1,,61464
59339,60,,1,,61465
59340,39,1,1,,61466
59341,39,1,1,,61467
59342,39,1,1,,61468
59343,60,,1,,61469
59344,39,1,1,,61470
59345,39,1,1,,61471
59346,39,1,1,,61472
59347,39,1,1,,61473
59348,60,,1,,61474
59349,60,,1,,61475
59350,60,,1,,61476
59351,39,1,1,,61477
59352,39,1,1,,61478
59353,39,1,2,,61479
59354,23,7,1,,61479
59355,39,1,2,,61480
59356,39,1,2,,61481
59357,39,1,2,,61482
59358,60,,1,,61483
59359,39,1,2,,61484
59360,60,,1,,61485
59361,39,1,1,,61486
59362,39,1,1,,61487
59363,23,5,1,,61488
59364,60,,1,,61489
59365,39,1,2,,61490
59366,39,3,1,,61491
59367,39,1,2,,61492
59368,39,1,2,,61493
59369,23,7,1,,61493
59370,36,,1,,61494
59371,60,,1,,61495
59372,39,1,1,,61496
59373,39,1,1,,61497
59374,39,1,1,,61498
59375,39,1,2,,61499
59376,60,,1,,61500
59377,60,,1,,61501
59378,60,,1,,61502
59379,60,,1,,61503
59380,60,,1,,61504
59381,60,,1,,61505
59382,39,3,1,,61506
59383,60,,1,,61507
59384,60,,1,,61508
59385,39,1,1,,61509
59386,39,1,1,,61510
59387,39,1,3,,61511
59388,39,1,2,,61512
59389,60,,1,,61513
59390,39,3,1,,61514
59391,39,1,1,,61515
59392,39,3,1,,61516
59393,39,1,3,,61517
59394,39,1,2,,61518
59395,39,3,1,,61519
59396,39,1,1,,61520
59397,39,1,1,,61521
59398,39,1,1,,61522
59399,39,1,1,,61523
59400,23,7,1,,61523
59401,60,,1,,61524
59402,39,3,1,,61525
59403,39,1,2,,61526
59404,39,1,2,,61527
59405,39,1,2,,61528
59406,39,1,4,,61529
59407,39,1,1,,61530
59408,39,1,1,,61531
59409,39,1,1,,61532
59410,39,1,1,,61533
59411,23,7,1,,61533
59412,39,1,1,,61534
59413,60,,1,,61535
59414,39,1,1,,61536
59415,39,3,1,,61537
59416,60,,1,,61538
59417,39,1,1,,61539
59418,39,3,1,,61540
59419,39,1,1,,61541
59420,39,3,1,,61542
59421,60,,1,,61543
59422,60,,1,,61544
59423,60,,1,,61545
59424,60,,1,,61546
59425,60,,1,,61547
59426,39,1,1,,61548
59427,60,,1,,61549
59428,60,,1,,61550
59429,60,,1,,61551
59430,39,1,1,,61552
59431,39,1,2,,61553
59432,39,3,1,,61554
59433,39,3,1,,61555
59434,60,,1,,61556
59435,39,3,1,,61557
59436,39,1,1,,61558
59437,23,7,1,,61558
59438,39,1,1,,61559
59439,39,1,1,,61560
59440,39,1,2,,61561
59441,39,1,2,,61562
59442,60,,1,,61563
59443,39,3,1,,61564
59444,60,,1,,61565
59445,39,1,2,,61566
59446,23,7,1,,61566
59447,39,1,1,,61567
59448,23,7,1,,61567
59449,60,,1,,61568
59450,60,,1,,61569
59451,39,1,1,,61570
59452,39,1,3,,61571
59453,39,1,1,,61572
59454,60,,1,,61573
59455,39,3,1,,61574
59456,60,,1,,61575
59457,39,1,1,,61576
59458,39,1,1,,61577
59459,39,1,1,,61578
59460,39,1,2,,61579
59461,39,1,1,,61580
59462,39,1,1,,61581
59463,39,1,1,,61582
59464,39,1,2,,61583
59465,39,1,2,,61584
59466,39,1,2,,61585
59467,39,1,1,,61586
59468,39,1,1,,61587
59469,39,1,1,,61588
59470,39,1,1,,61589
59471,39,1,1,,61590
59472,39,1,1,,61591
59473,23,7,1,,61591
59474,39,1,1,,61592
59475,60,,1,,61593
59476,39,3,1,,61594
59477,39,1,1,,61595
59478,39,1,1,,61596
59479,39,3,1,,61597
59480,39,3,2,,61598
59481,23,7,1,,61599
59482,39,1,1,,61600
59483,39,1,1,,61601
59484,39,3,1,,61602
59485,39,1,2,,61603
59486,39,1,2,,61604
59487,39,1,3,,61605
59488,39,1,2,,61606
59489,39,1,1,,61607
59490,39,1,1,,61608
59491,39,1,1,,61609
59492,39,1,3,,61610
59493,23,7,1,,61610
59494,39,1,2,,61611
59495,39,1,1,,61612
59496,39,1,1,,61613
59497,39,1,1,,61614
59498,36,,2,,61615
59499,36,,1,,61616
59500,39,1,2,,61617
59501,39,1,1,,61618
59502,60,,1,,61619
59503,60,,1,,61620
59504,39,1,1,,61621
59505,39,1,1,,61622
59506,39,1,2,,61623
59507,39,1,1,,61624
59508,39,1,1,,61625
59509,39,1,2,,61626
59510,60,,1,,61627
59511,60,,1,,61628
59512,39,1,2,,61629
59513,60,,1,,61630
59514,39,1,1,,61631
59515,60,,1,,61632
59516,60,,1,,61633
59517,60,,1,,61634
59518,60,,1,,61635
59519,39,1,2,,61636
59520,39,1,1,,61637
59521,60,,1,,61638
59522,60,,1,,61639
59523,39,1,1,,61640
59524,60,,1,,61641
59525,36,,1,,61642
59526,39,1,2,,61643
59527,39,1,2,,61644
59528,39,3,1,,61645
59529,39,1,1,,61646
59530,39,3,1,,61647
59531,60,,1,,61648
59532,39,1,1,,61649
59533,60,,1,,61650
59534,39,1,1,,61651
59535,39,1,1,,61652
59536,39,1,1,,61653
59537,39,1,1,,61654
59538,39,1,2,,61655
59539,39,1,3,,61656
59540,39,1,2,,61657
59541,39,3,1,,61658
59542,39,3,1,,61659
59543,39,1,2,,61660
59544,39,1,2,,61661
59545,60,,1,,61662
59546,39,1,1,,61663
59547,39,1,1,,61664
59548,39,1,1,,61665
59549,39,1,2,,61666
59550,39,1,2,,61667
59551,39,1,1,,61668
59552,39,1,1,,61669
59553,39,1,1,,61670
59554,39,1,1,,61671
59555,39,1,1,,61672
59556,39,1,1,,61673
59557,39,1,1,,61674
59558,36,,1,,61675
59559,39,1,1,,61676
59560,39,1,1,,61677
59561,39,1,1,,61678
59562,23,7,2,,61678
59563,39,1,1,,61679
59564,39,1,1,,61680
59565,39,1,1,,61681
59566,39,1,1,,61682
59567,39,1,1,,61683
59568,39,1,1,,61684
59569,39,1,2,,61685
59570,36,,1,,61686
59571,39,1,1,,61687
59572,36,,1,,61688
59573,39,1,1,,61689
59574,39,1,1,,61690
59575,39,1,2,,61691
59576,39,1,2,,61692
59577,60,,1,,61693
59578,39,1,2,,61694
59579,39,1,1,,61695
59580,39,1,1,,61696
59581,39,1,1,,61697
59582,39,1,3,,61698
59583,39,1,4,,61699
59584,11,,1,,61700
59585,39,1,1,,61701
59586,39,1,1,,61702
59587,36,,1,,61703
59588,39,1,1,,61704
59589,39,3,1,,61705
59590,39,1,2,,61706
59591,23,7,1,,61706
59592,39,1,1,,61707
59593,39,1,1,,61708
59594,39,1,2,,61709
59595,39,3,1,,61710
59596,39,1,1,,61711
59597,60,,1,,61712
59598,39,1,1,,61713
59599,39,1,1,,61714
59600,39,1,2,,61715
59601,39,1,1,,61716
59602,36,,1,,61717
59603,39,3,1,,61718
59604,36,,1,,61719
59605,36,,1,,61720
59606,39,1,2,,61721
59607,55,,1,,61722
59608,39,8,1,,61723
59609,39,1,1,,61724
59610,23,7,1,,61724
59611,39,1,2,,61725
59612,23,7,1,,61725
59613,39,1,4,,61726
59614,39,1,2,,61727
59615,39,1,2,,61728
59616,39,1,1,,61729
59617,39,1,2,,61730
59618,39,1,2,,61731
59619,39,1,1,,61732
59620,39,1,1,,61733
59621,23,7,1,,61734
59622,39,3,1,,61735
59623,39,1,4,,61736
59624,39,3,1,,61737
59625,39,1,2,,61738
59626,39,1,1,,61739
59627,39,1,1,,61740
59628,39,1,2,,61741
59629,39,1,2,,61742
59630,39,1,2,,61743
59631,39,3,1,,61744
59632,39,1,1,,61745
59633,39,1,1,,61746
59634,39,1,1,,61747
59635,39,,1,,61748
59636,39,3,1,,61749
59637,55,,1,,61750
59638,39,3,1,,61751
59639,39,1,1,,61752
59640,60,,1,,61753
59641,60,,1,,61754
59642,39,1,1,,61755
59643,60,,1,,61756
59644,39,3,1,,61757
59645,39,1,1,,61758
59646,39,1,1,,61759
59647,39,1,1,,61760
59648,39,3,1,,61761
59649,39,3,1,,61762
59650,39,1,1,,61763
59651,39,1,1,,61764
59652,39,1,1,,61765
59653,39,1,2,,61766
59654,39,1,2,,61767
59655,39,1,1,,61768
59656,39,1,2,,61769
59657,39,1,2,,61770
59658,39,1,2,,61771
59659,39,1,1,,61772
59660,39,1,1,,61773
59661,39,1,2,,61774
59662,60,,1,,61775
59663,39,3,1,,61776
59664,39,1,1,,61777
59665,39,1,1,,61778
59666,39,1,1,,61779
59667,39,1,1,,61780
59668,23,7,1,,61780
59669,39,1,1,,61781
59670,60,,1,,61782
59671,60,,1,,61783
59672,60,,1,,61784
59673,60,,1,,61785
59674,60,,1,,61786
59675,39,3,1,,61787
59676,39,1,1,,61788
59677,39,1,1,,61789
59678,39,1,1,,61790
59679,39,1,1,,61791
59680,39,3,1,,61792
59681,39,1,2,,61793
59682,39,1,2,,61794
59683,23,7,1,,61794
59684,39,1,2,,61795
59685,39,1,1,,61796
59686,39,1,1,,61797
59687,39,1,1,,61798
59688,39,1,1,,61799
59689,23,7,1,,61799
59690,60,,1,,61800
59691,39,3,1,,61801
59692,39,1,1,,61802
59693,60,,1,,61803
59694,60,,1,,61804
59695,60,,1,,61805
59696,60,,1,,61806
59697,39,1,1,,61807
59698,39,3,1,,61808
59699,39,1,2,,61809
59700,60,,1,,61810
59701,39,1,2,,61811
59702,39,1,2,,61812
59703,39,1,1,,61813
59704,39,1,2,,61814
59705,39,1,2,,61815
59706,39,3,1,,61816
59707,39,3,1,,61817
59708,39,1,2,,61818
59709,39,3,1,,61819
59710,39,1,2,,61820
59711,39,1,2,,61821
59712,39,1,2,,61822
59713,39,3,1,,61823
59714,36,,1,,61824
59715,55,,1,,61825
59716,11,,1,,61826
59717,39,1,1,,61827
59718,39,3,1,,61829
59719,39,1,1,,61828
59720,39,3,1,,61830
59721,39,1,1,,61831
59722,39,1,1,,61832
59723,39,1,2,,61833
59724,39,1,1,,61834
59725,39,1,1,,61835
59726,39,1,1,,61836
59727,39,1,1,,61837
59728,39,1,1,,61838
59729,39,1,1,,61839
59730,39,1,2,,61840
59731,39,1,1,,61841
59732,39,1,1,,61842
59733,39,1,1,,61843
59734,39,1,1,,61844
59735,39,1,2,,61845
59736,39,1,2,,61846
59737,39,1,2,,61847
59738,39,1,1,,61848
59739,39,3,1,,61849
59740,39,1,1,,61850
59741,36,,1,,61851
59742,39,1,1,,61852
59743,39,1,1,,61853
59744,39,1,1,,61854
59745,39,1,1,,61855
59746,39,1,1,,61856
59747,39,1,2,,61857
59748,39,1,2,,61858
59749,39,1,2,,61859
59750,39,1,1,,61860
59751,39,1,1,,61861
59752,39,1,1,,61862
59753,23,7,1,,61862
59754,39,1,1,,61863
59755,39,1,1,,61864
59756,39,1,1,,61865
59757,39,1,1,,61866
59758,39,3,1,,61867
59759,39,1,1,,61868
59760,39,1,1,,61869
59761,39,1,2,,61870
59762,36,,1,,61871
59763,36,,1,,61872
59764,39,3,1,,61873
59765,39,3,1,,61874
59766,39,1,1,,61875
59767,39,1,1,,61876
59768,39,1,1,,61877
59769,39,1,1,,61878
59770,39,1,1,,61879
59771,23,7,1,,61879
59772,39,1,2,,61880
59773,23,7,1,,61880
59774,39,1,1,,61881
59775,39,1,1,,61882
59776,39,1,2,,61883
59777,39,1,2,,61884
59778,39,1,1,,61885
59779,39,1,1,,61886
59780,39,1,1,,61887
59781,60,,1,,61888
59782,39,3,1,,61889
59783,60,,1,,61890
59784,60,,1,,61891
59785,39,3,1,,61892
59786,39,3,1,,61893
59787,36,,1,,61894
59788,39,1,1,,61895
59789,39,1,1,,61896
59790,39,1,2,,61897
59791,39,1,3,,61898
59792,23,7,1,,61898
59793,39,1,3,,61899
59794,39,1,1,,61900
59795,60,,1,,61901
59796,39,1,2,,61902
59797,23,7,1,,61902
59798,39,3,1,,61903
59799,60,,1,,61904
59800,39,1,2,,61905
59801,39,3,1,,61906
59802,39,3,1,,61907
59803,39,3,1,,61908
59804,39,1,2,,61909
59805,39,1,2,,61910
59806,39,1,1,,61911
59807,39,1,1,,61912
59808,39,1,1,,61913
59809,39,1,1,,61914
59810,39,1,2,,61915
59811,39,1,2,,61916
59812,39,1,1,,61917
59813,39,1,1,,61918
59814,39,1,1,,61919
59815,39,1,1,,61920
59816,39,1,3,,61921
59817,39,1,1,,61922
59818,39,1,1,,61923
59819,39,1,1,,61924
59820,39,1,1,,61925
59821,60,,1,,61926
59822,60,,1,,61927
59823,60,,1,,61928
59824,39,3,1,,61929
59825,39,1,1,,61930
59826,39,1,1,,61931
59827,23,7,1,,61931
59828,39,1,1,,61932
59829,39,1,1,,61933
59830,39,1,1,,61934
59831,39,1,2,,61935
59832,39,1,1,,61936
59833,39,1,1,,61937
59834,39,1,2,,61938
59835,60,,1,,61939
59836,39,1,2,,61940
59837,60,,1,,61941
59838,39,1,1,,61942
59839,39,1,1,,61943
59840,60,,1,,61944
59841,60,,1,,61945
59842,39,1,1,,61946
59843,60,,1,,61947
59844,39,3,1,,61948
59845,60,,1,,61949
59846,36,,1,,61950
59847,39,1,1,,61951
59848,39,1,1,,61952
59849,39,1,1,,61953
59850,39,1,2,,61954
59851,39,1,1,,61955
59852,23,7,1,,61955
59853,39,1,1,,61956
59854,23,7,1,,61956
59855,39,1,2,,61957
59856,39,1,2,,61958
59857,39,1,1,,61959
59858,39,1,2,,61960
59859,39,1,1,,61961
59860,39,3,1,,61962
59861,39,1,2,,61963
59862,39,1,3,,61964
59863,39,1,1,,61965
59864,39,1,1,,61966
59865,39,1,2,,61967
59866,39,3,1,,61968
59867,39,1,1,,61969
59868,60,,1,,61970
59869,39,3,1,,61971
59870,39,1,2,,61972
59871,39,1,1,,61973
59872,23,7,1,,61973
59873,39,1,2,,61974
59874,39,1,1,,61975
59875,39,1,1,,61976
59876,39,1,1,,61977
59877,36,,1,,61978
59878,36,,1,,61979
59879,39,1,1,,61980
59880,39,1,1,,61981
59881,23,7,1,,61981
59882,39,1,1,,61982
59883,39,3,1,,61983
59884,39,1,1,,61984
59885,39,3,1,,61985
59886,39,1,1,,61986
59887,39,1,2,,61987
59888,39,1,1,,61988
59889,39,1,1,,61989
59890,39,1,1,,61990
59891,39,1,1,,61991
59892,39,1,1,,61992
59893,39,1,1,,61993
59894,39,1,1,,61994
59895,39,1,2,,61995
59896,39,1,2,,61996
59897,39,1,1,,61997
59898,39,1,2,,61998
59899,39,1,2,,61999
59900,39,1,4,,62000
59901,39,1,1,,62001
59902,39,3,1,,62002
59903,39,3,1,,62003
59904,39,6,2,,62004
59905,39,6,1,,62005
59906,39,6,1,,62006
59907,39,6,2,,62007
59908,39,6,1,,62008
59909,39,6,1,,62009
59910,39,6,1,,62010
59911,39,6,1,,62011
59912,36,,1,,62012
59913,36,,1,,62013
59914,36,,1,,62014
59915,36,,1,,62015
59916,36,,1,,62016
59917,36,,1,,62017
59918,36,,1,,62018
59919,36,,1,,62019
59920,36,,1,,62020
59921,36,,1,,62021
59922,60,,1,,62022
59923,21,,1,,62023
59924,21,,1,,62024
59925,36,,1,,62025
59926,36,,1,,62026
59927,36,,1,,62027
59928,59,,1,,62028
59929,21,,1,,62029
59930,21,,1,,62030
59931,59,,1,,62031
59932,36,,1,,62032
59933,36,,1,,62033
59934,39,6,1,,62034
59935,39,6,1,,62035
59936,39,6,3,,62036
59937,39,6,1,,62037
59938,39,6,1,,62038
59939,39,6,1,,62039
59940,60,,1,,62040
59941,36,,1,,62041
59942,36,,1,,62042
59943,36,,1,,62043
59944,36,,1,,62044
59945,36,,1,,62045
59946,36,,1,,62046
59947,36,,1,,62047
59948,11,,1,,62048
59949,36,,1,,62049
59950,36,,1,,62050
59951,36,,1,,62051
59952,36,,1,,62052
59953,36,,1,,62053
59954,36,,1,,62054
59955,36,,1,,62055
59956,36,,1,,62056
59957,36,,1,,62057
59958,36,,1,,62058
59959,36,,1,,62059
59960,36,,2,,62060
59961,36,,1,,62061
59962,36,,1,,62062
59963,36,,1,,62063
59964,36,,1,,62064
59965,36,,2,,62065
59966,60,,1,,62066
59967,60,,1,,62067
59968,11,,1,,62068
59969,60,,1,,62069
59970,60,,1,,62070
59971,39,6,1,,62197
59972,39,6,1,,62198
59973,39,6,1,,62199
59974,39,,1,,62200
59975,39,,1,,62201
59976,39,,1,,62202
59977,39,,1,,62203
59978,39,,1,,62204
59979,39,,1,,62205
59980,39,,1,,62206
59981,39,,1,,62207
59982,39,,1,,62208
59983,39,,1,,62209
59984,39,,1,,62210
59985,39,,1,,62211
59986,39,,1,,62212
59987,39,,1,,62213
59988,39,,1,,62214
59989,39,,1,,62215
59990,39,,1,,62216
59991,39,,1,,62217
59992,39,,1,,62218
59993,39,,1,,62219
59994,39,,1,,62220
59995,39,,1,,62221
59996,39,,1,,62222
59997,55,,1,,62223
59998,36,,1,,62224
59999,36,,1,,62225
60000,60,,1,,62226
60001,60,,1,,62227
60002,60,,1,,62228
60003,60,,1,,62229
60004,60,,1,,62230
60005,60,,1,,62231
60006,60,,1,,62232
60007,60,,1,,62233
60008,60,,1,,62234
60009,60,,1,,62235
60010,60,,1,,62236
60011,60,,1,,62237
60012,60,,1,,62238
60013,60,,1,,62239
60014,60,,1,,62240
60015,36,,1,,62241
60016,36,,1,,62242
60017,36,,1,,62243
60018,36,,1,,62244
60019,36,,1,,62245
60020,36,,1,,62246
60021,36,,1,,62247
60022,36,,1,,62248
60023,36,,1,,62249
60024,36,,1,,62250
60025,36,,1,,62251
60026,36,,1,,62252
60027,39,1,1,,62253
60028,39,6,1,,62254
60029,39,6,1,,62255
60030,22,,1,,62256
60031,60,,1,,62257
60032,39,6,1,,62258
60033,39,6,1,,62259
60034,39,6,1,,62260
60035,39,6,1,,62261
60036,39,6,1,,62262
60037,39,6,1,,62263
60038,50,,1,,52063
60039,9,,1,,52207
60040,9,,1,,52208
60041,50,,1,,52295
60042,60,,1,,62264
60043,60,,1,,62265
60044,39,,1,,62266
60045,39,,1,,62267
60046,36,,1,,62268
60047,36,,1,,62269
60048,36,,1,,62270
60049,36,,1,,62271
60050,36,,1,,62272
60051,36,,1,,62273
60052,36,,1,,62274
60053,36,,1,,62275
60054,36,,1,,62276
60055,36,,1,,62277
60056,36,,1,,62278
60057,36,,1,,62279
60058,36,,1,,62280
60059,36,,1,,62281
60060,36,,1,,62282
60061,36,,1,,62283
60062,36,,1,,62284
60063,60,,1,,62285
60064,36,,1,,62286
60065,60,,1,,62287
60066,36,,1,,62288
60067,36,,1,,62289
60068,36,,1,,62290
60069,36,,1,,62291
60070,36,,1,,62292
60071,36,,1,,62293
60072,36,,1,,62294
60073,36,,1,,62295
60074,36,,1,,62296
60075,36,,1,,62297
60076,36,,1,,62298
60077,60,,1,,62299
60078,36,,1,,62300
60079,36,,1,,62301
60080,36,,1,,62302
60081,36,,1,,62303
60082,36,,1,,62304
60083,60,,1,,62305
60084,36,,1,,62306
60085,36,,1,,62307
60086,36,,1,,62308
60087,36,,1,,62309
60088,36,,1,,62310
60089,36,,1,,62311
60090,36,,1,,62312
60091,36,,1,,62313
60092,36,,1,,62314
60093,36,,1,,62315
60094,36,,1,,62316
60095,36,,1,,62317
60096,36,,1,,62318
60097,36,,1,,62319
60098,36,,1,,62320
60099,36,,1,,62321
60100,36,,1,,62322
60101,36,,1,,62323
60102,36,,1,,62324
60103,36,,1,,62325
60104,36,,1,,62326
60105,36,,1,,62327
60106,36,,1,,62328
60107,36,,1,,62329
60108,36,,1,,62330
60109,36,,1,,62331
60110,36,,1,,62332
60111,36,,1,,62333
60112,55,,1,,62334
60113,36,,1,,62335
60114,36,,1,,62336
60115,36,,1,,62337
60116,36,,1,,62338
60117,23,,1,,62339
60118,39,6,1,,62340
60119,39,6,1,,62341
60120,39,6,1,,62342
60121,23,,1,,62343
60122,60,,1,,62344
60123,60,,1,,62345
60124,9,,1,,34864
60125,9,,1,,34865
60126,9,,1,,34866
60127,9,,1,,52439
60128,9,,1,,52440
60129,39,6,1,,62346
60130,39,6,1,,62347
60131,39,6,1,,62348
60132,39,6,1,,62349
60133,39,6,1,,62350
60134,39,6,1,,62351
60135,39,6,1,,62352
60136,39,6,1,,62353
60137,39,6,1,,62354
60138,39,6,1,,62355
60139,39,6,1,,62356
60140,39,6,1,,62357
60141,39,6,1,,62358
60142,39,6,1,,62359
60143,39,6,1,,62360
60144,39,6,1,,62361
60145,39,6,1,,62362
60146,39,6,1,,62363
60147,39,6,1,,62364
60148,39,6,1,,62365
60149,39,6,1,,62366
60150,60,,1,,62367
60151,60,,1,,62368
60152,60,,1,,62369
60153,39,6,1,,62370
60154,39,6,1,,62371
60155,39,6,1,,62372
60156,39,6,1,,62373
60157,60,,1,,62374
60158,60,,1,,62375
60159,60,,1,,62376
60160,60,,1,,62377
60161,60,,1,,62378
60162,60,,1,,62379
60163,60,,1,,62380
60164,60,,1,,62381
60165,60,,1,,62382
60166,60,,1,,62383
60167,60,,1,,62384
60168,39,6,1,,62385
60169,39,6,1,,62386
60170,39,6,1,,62387
60171,39,6,1,,62388
60172,39,6,1,,62389
60173,39,6,1,,62390
60174,39,6,1,,62391
60175,39,6,1,,62392
60176,39,6,1,,62393
60177,39,6,1,,62394
60178,23,,1,,62394
60179,39,6,1,,62395
60180,23,,1,,62395
60181,39,6,1,,62396
60182,23,,1,,62396
60183,39,6,1,,62397
60184,39,6,1,,62398
60185,39,6,1,,62399
60186,39,6,1,,62400
60187,39,6,1,,62401
60188,39,6,1,,62402
60189,39,6,1,,62403
60190,39,6,1,,62404
60191,39,6,1,,62405
60192,39,6,1,,62406
60193,39,6,1,,62407
60194,39,6,1,,62408
60195,39,6,1,,62409
60196,39,6,1,,62410
60197,39,6,1,,62411
60198,50,,1,,62412
60199,50,,1,,62413
60200,50,,1,,62414
60201,39,1,1,,62415
60202,23,7,1,,62415
60203,39,1,1,,62416
60204,23,7,1,,62416
60205,39,1,1,,62417
60206,60,,1,,62418
60207,60,,1,,62419
60208,60,,1,,62420
60209,55,,1,,62421
60210,55,,1,,62422
60211,60,,1,,62423
60212,60,,1,,62424
60213,60,,1,,62425
60214,60,,1,,62426
60215,60,,1,,62427
60216,60,,1,,62428
60217,60,,1,,62429
60218,39,1,1,,62430
60219,39,1,1,,62431
60220,39,1,1,,62432
60221,39,1,3,,62433
60222,39,1,3,,62434
60223,39,1,3,,62435
60224,36,,1,,62436
60225,36,,1,,62437
60226,36,,1,,62438
60227,36,,1,,62439
60228,36,,1,,62440
60229,36,,1,,62441
60230,60,,1,,62442
60231,60,,1,,62443
60232,60,,1,,62444
60233,36,,1,,62445
60234,36,,1,,62446
60235,36,,1,,62447
60236,60,,1,,62448
60237,60,,1,,62449
60238,60,,1,,62450
60239,36,,1,,62451
60240,36,,1,,62452
60241,36,,1,,62453
60242,36,,1,,62454
60243,36,,1,,62455
60244,36,,1,,62456
60245,36,,1,,62457
60246,36,,1,,62458
60247,36,,1,,62459
60248,36,,1,,62460
60249,36,,1,,62461
60250,36,,1,,62462
60251,36,,1,,62463
60252,36,,1,,62464
60253,36,,1,,62465
60254,36,,1,,62466
60255,36,,1,,62467
60256,36,,1,,62468
60257,36,,1,,62469
60258,36,,1,,62470
60259,36,,1,,62471
60260,55,,1,,62472
60261,36,,1,,62473
60262,36,,1,,62474
60263,36,,1,,62475
60264,36,,1,,62476
60265,36,,1,,62477
60266,36,,1,,62478
60267,36,,1,,62479
60268,36,,1,,62480
60269,36,,1,,62481
60270,36,,1,,62482
60271,36,,1,,62483
60272,36,,1,,62484
60273,36,,1,,62485
60274,36,,1,,62486
60275,36,,1,,62487
60276,36,,1,,62488
60277,36,,1,,62489
60278,36,,1,,62490
60279,36,,1,,62491
60280,36,,1,,62492
60281,36,,1,,62493
60282,36,,1,,62494
60283,36,,1,,62495
60284,36,,1,,62496
60285,36,,1,,62497
60286,36,,2,,62498
60287,36,,2,,62499
60288,36,,2,,62500
60289,36,,2,,62501
60290,36,,2,,62502
60291,36,,2,,62503
60292,36,,1,,62504
60293,36,,1,,62505
60294,36,,1,,62506
60295,36,,1,,62507
60296,36,,1,,62508
60297,36,,1,,62509
60298,36,,1,,62510
60299,36,,1,,62511
60300,36,,1,,62512
60301,36,,1,,62513
60302,36,,1,,62514
60303,36,,1,,62515
60304,36,,1,,62516
60305,36,,2,,62517
60306,36,,2,,62518
60307,36,,2,,62519
60308,60,,1,,62520
60309,60,,1,,62521
60310,60,,1,,62522
60311,36,,1,,62523
60312,36,,1,,62524
60313,36,,1,,62525
60314,36,,1,,62526
60315,36,,1,,62527
60316,36,,1,,62528
60317,36,,1,,62529
60318,36,,1,,62530
60319,36,,1,,62531
60320,36,,1,,62532
60321,36,,1,,62533
60322,36,,1,,62534
60323,60,,1,,62535
60324,36,,1,,62536
60325,36,,1,,62537
60326,60,,1,,62538
60327,36,,1,,62539
60328,36,,1,,62540
60329,36,,1,,62541
60330,36,,1,,62542
60331,36,,1,,62543
60332,36,,1,,62544
60333,36,,1,,62545
60334,36,,1,,62546
60335,36,,1,,62547
60336,36,,1,,62548
60337,36,,1,,62549
60338,36,,1,,62550
60339,36,,1,,62551
60340,36,,1,,62552
60341,36,,1,,62553
60342,36,,1,,62554
60343,36,,1,,62555
60344,36,,1,,62556
60345,36,,1,,62557
60346,60,,1,,62558
60347,55,,1,,62559
60348,60,,1,,62560
60349,60,,1,,62561
60350,60,,1,,62562
60351,60,,1,,62563
60352,60,,1,,62564
60353,60,,1,,62565
60354,60,,1,,62566
60355,60,,1,,62567
60356,36,,1,,62568
60357,36,,1,,62569
60358,36,,1,,62570
60359,36,,1,,62571
60360,36,,1,,62572
60361,36,,1,,62573
60362,36,,1,,62574
60363,36,,1,,62575
60364,36,,1,,62576
60365,36,,1,,62577
60366,36,,1,,62578
60367,36,,1,,62579
60368,36,,1,,62580
60369,36,,1,,62581
60370,36,,1,,62582
60371,55,,1,,62583
60372,60,,1,,62584
60373,60,,1,,62585
60374,36,,1,,62586
60375,36,,1,,62587
60376,36,,1,,62588
60377,36,,1,,62589
60378,36,,1,,62590
60379,36,,1,,62591
60380,36,,1,,62592
60381,36,,1,,62593
60382,36,,1,,62594
60383,36,,1,,62595
60384,36,,1,,62596
60385,36,,1,,62597
60386,36,,1,,62598
60387,36,,1,,62599
60388,36,,1,,62600
60389,36,,1,,62601
60390,36,,1,,62602
60391,36,,1,,62603
60392,60,,1,,62604
60393,36,,1,,62605
60394,36,,1,,62606
60395,60,,1,,62607
60396,36,,1,,62608
60397,60,,1,,62609
60398,60,,1,,62610
60399,36,,1,,62611
60400,36,,1,,62612
60401,36,,1,,62613
60402,36,,1,,62614
60403,60,,1,,62615
60404,60,,1,,62616
60405,60,,1,,62617
60406,60,,1,,62618
60407,36,,1,,62619
60408,36,,1,,62620
60409,36,,1,,62621
60410,60,,1,,62622
60411,60,,1,,62623
60412,60,,1,,62624
60413,39,,1,,62625
60414,39,,1,,62626
60415,39,,1,,62627
60416,39,,1,,62628
60417,36,,1,,62629
60418,36,,1,,62630
60419,36,,1,,62631
60420,36,,1,,62632
60421,36,,1,,62633
60422,36,,1,,62634
60423,36,,1,,62635
60424,36,,1,,62636
60425,36,,1,,62637
60426,36,,1,,62638
60427,36,,1,,62639
60428,36,,1,,62640
60429,36,,1,,62641
60430,36,,1,,62642
60431,36,,1,,62643
60432,36,,1,,62644
60433,36,,1,,62645
60434,36,,1,,62646
60435,36,,1,,62647
60436,36,,1,,62648
60437,36,,1,,62649
60438,36,,1,,62650
60439,39,1,1,,62651
60440,39,6,1,,62652
60441,39,6,1,,62653
60442,60,,1,,62654
60443,36,,1,,62655
60444,60,,1,,62656
60445,60,,1,,62657
60446,60,,1,,62658
60447,60,,1,,62659
60448,60,,1,,62660
60449,60,,1,,62661
60450,60,,1,,62662
60451,60,,1,,62663
60452,60,,1,,62664
60453,60,,1,,62665
60454,60,,1,,62666
60455,60,,1,,62667
60456,60,,1,,62668
60457,60,,1,,62669
60458,60,,1,,62670
60459,60,,1,,62671
60460,60,,1,,62672
60461,60,,1,,62673
60462,60,,1,,62674
60463,60,,1,,62675
60464,60,,1,,62676
60465,60,,1,,62677
60466,60,,1,,62678
60467,60,,1,,62679
60468,60,,1,,62680
60469,60,,1,,62681
60470,60,,1,,62682
60471,60,,1,,62683
60472,60,,1,,62684
60473,60,,1,,62685
60474,60,,1,,62686
60475,60,,1,,62687
60476,60,,1,,62688
60477,60,,1,,62689
60478,60,,1,,62690
60479,60,,1,,62691
60480,60,,1,,62692
60481,60,,1,,62693
60482,60,,1,,62694
60483,60,,1,,62695
60484,60,,1,,62696
60485,60,,1,,62697
60486,60,,1,,62698
60487,60,,1,,62699
60488,60,,1,,62700
60489,60,,1,,62701
60490,60,,1,,62702
60491,60,,1,,62703
60492,60,,1,,62704
60493,60,,1,,62705
60494,60,,1,,62706
60495,60,,1,,62707
60496,60,,1,,62708
60497,60,,1,,62709
60498,60,,1,,62710
60499,60,,1,,62711
60500,60,,1,,62712
60501,60,,1,,62713
60502,60,,1,,62714
60503,60,,1,,62715
60504,60,,1,,62716
60505,60,,1,,62717
60506,60,,1,,62718
60507,60,,1,,62719
60508,60,,1,,62720
60509,60,,1,,62721
60510,60,,1,,62722
60511,60,,1,,62723
60512,60,,1,,62724
60513,60,,1,,62725
60514,60,,1,,62726
60515,60,,1,,62727
60516,60,,1,,62728
60517,60,,1,,62729
60518,60,,1,,62730
60519,60,,1,,62731
60520,60,,1,,62732
60521,60,,1,,62733
60522,60,,1,,62734
60523,60,,1,,62735
60524,60,,1,,62736
60525,60,,1,,62737
60526,60,,1,,62738
60527,60,,1,,62739
60528,60,,1,,62740
60529,60,,1,,62741
60530,60,,1,,62742
60531,60,,1,,62743
60532,60,,1,,62744
60533,60,,1,,62745
60534,60,,1,,62746
60535,60,,1,,62747
60536,60,,1,,62748
60537,60,,1,,62749
60538,60,,1,,62750
60539,60,,1,,62751
60540,60,,1,,62752
60541,60,,1,,62753
60542,60,,1,,62754
60543,60,,1,,62755
60544,60,,1,,62756
60545,60,,1,,62757
60546,60,,1,,62758
60547,60,,1,,62759
60548,60,,1,,62760
60549,60,,1,,62761
60550,60,,1,,62762
60551,60,,1,,62763
60552,60,,1,,62764
60553,60,,1,,62765
60554,60,,1,,62766
60555,60,,1,,62767
60556,60,,1,,62768
60557,60,,1,,62769
60558,60,,1,,62770
60559,60,,1,,62771
60560,60,,1,,62772
60561,60,,1,,62773
60562,60,,1,,62774
60563,60,,1,,62775
60564,60,,1,,62776
60565,60,,1,,62777
60566,60,,1,,62778
60567,60,,1,,62779
60568,60,,1,,62780
60569,60,,1,,62781
60570,60,,1,,62782
60571,60,,1,,62783
60572,60,,1,,62784
60573,60,,1,,62785
60574,60,,1,,62786
60575,60,,1,,62787
60576,60,,1,,62788
60577,60,,1,,62789
60578,60,,1,,62790
60579,60,,1,,62791
60580,60,,1,,62792
60581,60,,1,,62793
60582,60,,1,,62794
60583,60,,1,,62795
60584,60,,1,,62796
60585,60,,1,,62797
60586,60,,1,,62798
60587,60,,1,,62799
60588,60,,1,,62800
60589,60,,1,,62801
60590,60,,1,,62802
60591,60,,1,,62803
60592,60,,1,,62804
60593,60,,1,,62805
60594,60,,1,,62806
60595,60,,1,,62807
60596,60,,1,,62808
60597,60,,1,,62809
60598,60,,1,,62810
60599,60,,1,,62811
60600,60,,1,,62812
60601,60,,1,,62813
60602,60,,1,,62814
60603,60,,1,,62815
60604,60,,1,,62816
60605,60,,1,,62817
60606,60,,1,,62818
60607,60,,1,,62819
60608,60,,1,,62820
60609,60,,1,,62821
60610,60,,1,,62822
60611,60,,1,,62823
60612,60,,1,,62824
60613,60,,1,,62825
60614,60,,1,,62826
60615,60,,1,,62827
60616,60,,1,,62828
60617,60,,1,,62829
60618,60,,1,,62830
60619,60,,1,,62831
60620,60,,1,,62832
60621,60,,1,,62833
60622,60,,1,,62834
60623,60,,1,,62835
60624,60,,1,,62836
60625,60,,1,,62837
60626,60,,1,,62838
60627,60,,1,,62839
60628,60,,1,,62840
60629,60,,1,,62841
60630,60,,1,,62842
60631,60,,1,,62843
60632,60,,1,,62844
60633,60,,1,,62845
60634,60,,1,,62846
60635,60,,1,,62847
60636,60,,1,,62848
60637,55,,1,,62849
60638,60,,1,,62850
60639,60,,1,,62851
60640,60,,1,,62852
60641,60,,1,,62853
60642,60,,1,,62854
60643,60,,1,,62855
60644,60,,1,,62856
60645,60,,1,,62857
60646,60,,1,,62858
60647,60,,1,,62859
60648,60,,1,,62860
60649,60,,1,,62861
60650,60,,1,,62862
60651,60,,1,,62863
60652,60,,1,,62864
60653,60,,1,,62865
60654,60,,1,,62866
60655,60,,1,,62867
60656,60,,1,,62868
60657,60,,1,,62869
60658,60,,1,,62870
60659,60,,1,,62871
60660,60,,1,,62872
60661,60,,1,,62873
60662,60,,1,,62874
60663,60,,1,,62875
60664,60,,1,,62876
60665,60,,1,,62877
60666,60,,1,,62878
60667,60,,1,,62879
60668,60,,1,,62880
60669,60,,1,,62881
60670,60,,1,,62882
60671,60,,1,,62883
60672,60,,1,,62884
60673,60,,1,,62885
60674,60,,1,,62886
60675,60,,1,,62887
60676,60,,1,,62888
60677,60,,1,,62889
60678,60,,1,,62890
60679,60,,1,,62891
60680,60,,1,,62892
60681,60,,1,,62893
60682,60,,1,,62894
60683,60,,1,,62895
60684,60,,1,,62896
60685,60,,1,,62897
60686,60,,1,,62898
60687,60,,1,,62899
60688,60,,1,,62900
60689,60,,1,,62901
60690,60,,1,,62902
60691,60,,1,,62903
60692,60,,1,,62904
60693,60,,1,,62905
60694,60,,1,,62906
60695,60,,1,,62907
60696,60,,1,,62908
60697,60,,1,,62909
60698,60,,1,,62910
60699,60,,1,,62911
60700,60,,1,,62912
60701,60,,1,,62913
60702,60,,1,,62914
60703,60,,1,,62915
60704,60,,1,,62916
60705,60,,1,,62917
60706,60,,1,,62918
60707,60,,1,,62919
60708,60,,1,,62920
60709,60,,1,,62921
60710,60,,1,,62922
60711,60,,1,,62923
60712,60,,1,,62924
60713,60,,1,,62925
60714,60,,1,,62926
60715,60,,1,,62927
60716,60,,1,,62928
60717,60,,1,,62929
60718,60,,1,,62930
60719,60,,1,,62931
60720,60,,1,,62932
60721,60,,1,,62933
60722,60,,1,,62934
60723,60,,1,,62935
60724,60,,1,,62936
60725,60,,1,,62937
60726,60,,1,,62938
60727,60,,1,,62939
60728,60,,1,,62940
60729,60,,1,,62941
60730,60,,1,,62942
60731,60,,1,,62943
60732,60,,1,,62944
60733,60,,1,,62945
60734,60,,1,,62946
60735,60,,1,,62947
60736,60,,1,,62948
60737,60,,1,,62949
60738,60,,1,,62950
60739,60,,1,,62951
60740,60,,1,,62952
60741,60,,1,,62953
60742,60,,1,,62954
60743,60,,1,,62955
60744,60,,1,,62956
60745,60,,1,,62957
60746,60,,1,,62958
60747,60,,1,,62959
60748,60,,1,,62960
60749,60,,1,,62961
60750,60,,1,,62962
60751,60,,1,,62963
60752,60,,1,,62964
60753,60,,1,,62965
60754,60,,1,,62966
60755,60,,1,,62967
60756,60,,1,,62968
60757,60,,1,,62969
60758,60,,1,,62970
60759,60,,1,,62971
60760,60,,1,,62972
60761,60,,1,,62973
60762,60,,1,,62974
60763,60,,1,,62975
60764,60,,1,,62976
60765,60,,1,,62977
60766,60,,1,,62978
60767,60,,1,,62979
60768,60,,1,,62980
60769,60,,1,,62981
60770,60,,1,,62982
60771,60,,1,,62983
60772,60,,1,,62984
60773,60,,1,,62985
60774,60,,1,,62986
60775,60,,1,,62987
60776,60,,1,,62988
60777,60,,1,,62989
60778,60,,1,,62990
60779,60,,1,,62991
60780,60,,1,,62992
60781,60,,1,,62993
60782,60,,1,,62994
60783,60,,1,,62995
60784,60,,1,,62996
60785,60,,1,,62997
60786,60,,1,,62998
60787,60,,1,,62999
60788,60,,1,,63000
60789,60,,1,,63001
60790,60,,1,,63002
60791,60,,1,,63003
60792,60,,1,,63004
60793,60,,1,,63005
60794,60,,1,,63006
60795,60,,1,,63007
60796,60,,1,,63008
60797,60,,1,,63009
60798,60,,1,,63010
60799,60,,1,,63011
60800,60,,1,,63012
60801,60,,1,,63013
60802,60,,1,,63014
60803,60,,1,,63015
60804,60,,1,,63016
60805,60,,1,,63017
60806,60,,1,,63018
60807,60,,1,,63019
60808,60,,1,,63020
60809,60,,1,,63021
60810,60,,1,,63022
60811,60,,1,,63023
60812,60,,1,,63024
60813,60,,1,,63025
60814,60,,1,,63026
60815,60,,1,,63027
60816,60,,1,,63028
60817,60,,1,,63029
60818,60,,1,,63030
60819,60,,1,,63031
60820,60,,1,,63032
60821,60,,1,,63033
60822,60,,1,,63034
60823,60,,1,,63035
60824,60,,1,,63036
60825,60,,1,,63037
60826,60,,1,,63038
60827,60,,1,,63039
60828,60,,1,,63040
60829,60,,1,,63041
60830,60,,1,,63042
60831,60,,1,,63043
60832,60,,1,,63044
60833,60,,1,,63045
60834,60,,1,,63046
60835,60,,1,,63047
60836,60,,1,,63048
60837,60,,1,,63049
60838,60,,1,,63050
60839,60,,1,,63051
60840,60,,1,,63052
60841,60,,1,,63053
60842,60,,1,,63054
60843,60,,1,,63055
60844,60,,1,,63056
60845,60,,1,,63057
60846,60,,1,,63058
60847,60,,1,,63059
60848,60,,1,,63060
60849,60,,1,,63061
60850,60,,1,,63062
60851,60,,1,,63063
60852,60,,1,,63064
60853,60,,1,,63065
60854,60,,1,,63066
60855,60,,1,,63067
60856,60,,1,,63068
60857,60,,1,,63069
60858,60,,1,,63070
60859,60,,1,,63071
60860,60,,1,,63072
60861,60,,1,,63073
60862,60,,1,,63074
60863,60,,1,,63075
60864,60,,1,,63076
60865,60,,1,,63077
60866,60,,1,,63078
60867,60,,1,,63079
60868,60,,1,,63080
60869,60,,1,,63081
60870,60,,1,,63082
60871,60,,1,,63083
60872,60,,1,,63084
60873,60,,1,,63085
60874,60,,1,,63086
60875,60,,1,,63087
60876,60,,1,,63088
60877,60,,1,,63089
60878,60,,1,,63090
60879,60,,1,,63091
60880,60,,1,,63092
60881,60,,1,,63093
60882,60,,1,,63094
60883,60,,1,,63095
60884,60,,1,,63096
60885,60,,1,,63097
60886,60,,1,,63098
60887,60,,1,,63099
60888,60,,1,,63100
60889,60,,1,,63101
60890,60,,1,,63102
60891,60,,1,,63103
60892,60,,1,,63104
60893,60,,1,,63105
60894,60,,1,,63106
60895,60,,1,,63107
60896,60,,1,,63108
60897,60,,1,,63109
60898,60,,1,,63110
60899,60,,1,,63111
60900,60,,1,,63112
60901,60,,1,,63113
60902,60,,1,,63114
60903,60,,1,,63115
60904,60,,1,,63116
60905,60,,1,,63117
60906,60,,1,,63118
60907,60,,1,,63119
60908,60,,1,,63120
60909,60,,1,,63121
60910,60,,1,,63122
60911,60,,1,,63123
60912,60,,1,,63124
60913,60,,1,,63125
60914,60,,1,,63126
60915,60,,1,,63127
60916,60,,1,,63128
60917,60,,1,,63129
60918,60,,1,,63130
60919,60,,1,,63131
60920,60,,1,,63132
60921,60,,1,,63133
60922,60,,1,,63134
60923,60,,1,,63135
60924,60,,1,,63136
60925,60,,1,,63137
60926,60,,1,,63138
60927,60,,1,,63139
60928,60,,1,,63140
60929,60,,1,,63141
60930,60,,1,,63142
60931,60,,1,,63143
60932,60,,1,,63144
60933,60,,1,,63145
60934,60,,1,,63146
60935,60,,1,,63147
60936,60,,1,,63148
60937,60,,1,,63149
60938,60,,1,,63150
60939,60,,1,,63151
60940,60,,1,,63152
60941,60,,1,,63153
60942,60,,1,,63154
60943,60,,1,,63155
60944,60,,1,,63156
60945,60,,1,,63157
60946,60,,1,,63158
60947,60,,1,,63159
60948,60,,1,,63160
60949,60,,1,,63161
60950,60,,1,,63162
60951,60,,1,,63163
60952,60,,1,,63164
60953,60,,1,,63165
60954,60,,1,,63166
60955,60,,1,,63167
60956,60,,1,,63168
60957,60,,1,,63169
60958,60,,1,,63170
60959,60,,1,,63171
60960,60,,1,,63172
60961,60,,1,,63173
60962,60,,1,,63174
60963,60,,1,,63175
60964,60,,1,,63176
60965,60,,1,,63177
60966,60,,1,,63178
60967,60,,1,,63179
60968,60,,1,,63180
60969,60,,1,,63181
60970,60,,1,,63182
60971,60,,1,,63183
60972,60,,1,,63184
60973,60,,1,,63185
60974,60,,1,,63186
60975,60,,1,,63187
60976,60,,1,,63188
60977,60,,1,,63189
60978,60,,1,,63190
60979,60,,1,,63191
60980,60,,1,,63192
60981,60,,1,,63193
60982,60,,1,,63194
60983,60,,1,,63195
60984,60,,1,,63196
60985,60,,1,,63197
60986,60,,1,,63198
60987,60,,1,,63199
60988,60,,1,,63200
60989,60,,1,,63201
60990,60,,1,,63202
60991,60,,1,,63203
60992,60,,1,,63204
60993,60,,1,,63205
60994,60,,1,,63206
60995,60,,1,,63207
60996,60,,1,,63208
60997,60,,1,,63209
60998,60,,1,,63210
60999,60,,1,,63211
61000,60,,1,,63212
61001,60,,1,,63213
61002,60,,1,,63214
61003,60,,1,,63215
61004,60,,1,,63216
61005,60,,1,,63217
61006,60,,1,,63218
61007,60,,1,,63219
61008,60,,1,,63220
61009,60,,1,,63221
61010,60,,1,,63222
61011,60,,1,,63223
61012,60,,1,,63224
61013,60,,1,,63225
61014,60,,1,,63226
61015,60,,1,,63227
61016,60,,1,,63228
61017,60,,1,,63229
61018,60,,1,,63230
61019,60,,1,,63231
61020,60,,1,,63232
61021,60,,1,,63233
61022,60,,1,,63234
61023,60,,1,,63235
61024,60,,1,,63236
61025,60,,1,,63237
61026,60,,1,,63238
61027,60,,1,,63239
61028,60,,1,,63240
61029,60,,1,,63241
61030,60,,1,,63242
61031,60,,1,,63243
61032,60,,1,,63244
61033,60,,1,,63245
61034,60,,1,,63246
61035,60,,1,,63247
61036,60,,1,,63248
61037,60,,1,,63249
61038,60,,1,,63250
61039,60,,1,,63251
61040,60,,1,,63252
61041,60,,1,,63253
61042,60,,1,,63254
61043,60,,1,,63255
61044,60,,1,,63256
61045,60,,1,,63257
61046,60,,1,,63258
61047,60,,1,,63259
61048,60,,1,,63260
61049,60,,1,,63261
61050,60,,1,,63262
61051,60,,1,,63263
61052,60,,1,,63264
61053,60,,1,,63265
61054,60,,1,,63266
61055,60,,1,,63267
61056,60,,1,,63268
61057,60,,1,,63269
61058,60,,1,,63270
61059,60,,1,,63271
61060,60,,1,,63272
61061,60,,1,,63273
61062,60,,1,,63274
61063,60,,1,,63275
61064,60,,1,,63276
61065,60,,1,,63277
61066,60,,1,,63278
61067,60,,1,,63279
61068,60,,1,,63280
61069,60,,1,,63281
61070,60,,1,,63282
61071,60,,1,,63283
61072,60,,1,,63284
61073,60,,1,,63285
61074,60,,1,,63286
61075,60,,1,,63287
61076,60,,1,,63288
61077,60,,1,,63289
61078,60,,1,,63290
61079,60,,1,,63291
61080,60,,1,,63292
61081,60,,1,,63293
61082,60,,1,,63294
61083,60,,1,,63295
61084,60,,1,,63296
61085,60,,1,,63297
61086,60,,1,,63298
61087,60,,1,,63299
61088,60,,1,,63300
61089,60,,1,,63301
61090,60,,1,,63302
61091,60,,1,,63303
61092,60,,1,,63304
61093,60,,1,,63305
61094,60,,1,,63306
61095,60,,1,,63307
61096,60,,1,,63308
61097,60,,1,,63309
61098,60,,1,,63310
61099,60,,1,,63311
61100,60,,1,,63312
61101,60,,1,,63313
61102,60,,1,,63314
61103,60,,1,,63315
61104,60,,1,,63316
61105,60,,1,,63317
61106,60,,1,,63318
61107,60,,1,,63319
61108,60,,1,,63320
61109,60,,1,,63321
61110,60,,1,,63322
61111,60,,1,,63323
61112,60,,1,,63324
61113,60,,1,,63325
61114,60,,1,,63326
61115,60,,1,,63327
61116,60,,1,,63328
61117,60,,1,,63329
61118,60,,1,,63330
61119,60,,1,,63331
61120,60,,1,,63332
61121,60,,1,,63333
61122,60,,1,,63334
61123,60,,1,,63335
61124,60,,1,,63336
61125,60,,1,,63337
61126,60,,1,,63338
61127,60,,1,,63339
61128,60,,1,,63340
61129,60,,1,,63341
61130,60,,1,,63342
61131,60,,1,,63343
61132,60,,1,,63344
61133,60,,1,,63345
61134,60,,1,,63346
61135,60,,1,,63347
61136,60,,1,,63348
61137,60,,1,,63349
61138,60,,1,,63350
61139,60,,1,,63351
61140,60,,1,,63352
61141,60,,1,,63353
61142,60,,1,,63354
61143,60,,1,,63355
61144,60,,1,,63356
61145,60,,1,,63357
61146,60,,1,,63358
61147,60,,1,,63359
61148,60,,1,,63360
61149,60,,1,,63361
61150,60,,1,,63362
61151,60,,1,,63363
61152,60,,1,,63364
61153,60,,1,,63365
61154,60,,1,,63366
61155,60,,1,,63368
61156,60,,1,,63369
61157,60,,1,,63370
61158,60,,1,,63371
61159,60,,1,,63372
61160,60,,1,,63373
61161,60,,1,,63374
61162,60,,1,,63375
61163,60,,1,,63376
61164,60,,1,,63377
61165,60,,1,,63378
61166,60,,1,,63379
61167,60,,1,,63380
61168,60,,1,,63381
61169,60,,1,,63382
61170,60,,1,,63383
61171,60,,1,,63384
61172,60,,1,,63385
61173,60,,1,,63386
61174,60,,1,,63387
61175,60,,1,,63388
61176,60,,1,,63389
61177,60,,1,,63390
61178,60,,1,,63391
61179,60,,1,,63392
61180,60,,1,,63393
61181,60,,1,,63394
61182,60,,1,,63395
61183,60,,1,,63396
61184,60,,1,,63397
61185,60,,1,,63398
61186,60,,1,,63399
61187,60,,1,,63400
61188,60,,1,,63401
61189,60,,1,,63402
61190,60,,1,,63403
61191,60,,1,,63404
61192,60,,1,,63405
61193,60,,1,,63406
61194,60,,1,,63407
61195,60,,1,,63408
61196,60,,1,,63409
61197,60,,1,,63410
61198,60,,1,,63411
61199,60,,1,,63412
61200,60,,1,,63413
61201,60,,1,,63414
61202,60,,1,,63415
61203,60,,1,,63416
61204,60,,1,,63417
61205,60,,1,,63418
61206,60,,1,,63419
61207,60,,1,,63420
61208,60,,1,,63421
61209,60,,1,,63422
61210,60,,1,,63423
61211,60,,1,,63424
61212,60,,1,,63425
61213,60,,1,,63426
61214,60,,1,,63427
61215,60,,1,,63428
61216,60,,1,,63429
61217,60,,1,,63430
61218,60,,1,,63431
61219,60,,1,,63432
61220,60,,1,,63433
61221,60,,1,,63434
61222,60,,1,,63435
61223,60,,1,,63436
61224,60,,1,,63437
61225,60,,1,,63438
61226,60,,1,,63439
61227,60,,1,,63440
61228,60,,1,,63441
61229,60,,1,,63442
61230,60,,1,,63443
61231,60,,1,,63444
61232,60,,1,,63445
61233,60,,1,,63446
61234,60,,1,,63447
61235,60,,1,,63448
61236,60,,1,,63449
61237,60,,1,,63450
61238,60,,1,,63451
61239,60,,1,,63452
61240,60,,1,,63453
61241,60,,1,,63454
61242,60,,1,,63455
61243,60,,1,,63456
61244,60,,1,,63457
61245,60,,1,,63458
61246,60,,1,,63459
61247,60,,1,,63460
61248,60,,1,,63461
61249,60,,1,,63462
61250,60,,1,,63463
61251,60,,1,,63464
61252,60,,1,,63465
61253,60,,1,,63466
61254,60,,1,,63467
61255,60,,1,,63468
61256,60,,1,,63469
61257,60,,1,,63470
61258,60,,1,,63471
61259,60,,1,,63472
61260,60,,1,,63473
61261,60,,1,,63474
61262,60,,1,,63475
61263,60,,1,,63476
61264,60,,1,,63477
61265,60,,1,,63478
61266,60,,1,,63479
61267,60,,1,,63480
61268,60,,1,,63481
61269,60,,1,,63482
61270,60,,1,,63483
61271,60,,1,,63484
61272,60,,1,,63485
61273,60,,1,,63486
61274,60,,1,,63487
61275,60,,1,,63488
61276,60,,1,,63489
61277,60,,1,,63490
61278,60,,1,,63491
61279,60,,1,,63492
61280,60,,1,,63493
61281,60,,1,,63494
61282,60,,1,,63495
61283,60,,1,,63496
61284,60,,1,,63497
61285,60,,1,,63498
61286,60,,1,,63499
61287,60,,1,,63500
61288,60,,1,,63501
61289,60,,1,,63502
61290,60,,1,,63503
61291,60,,1,,63504
61292,60,,1,,63505
61293,60,,1,,63506
61294,60,,1,,63507
61295,60,,1,,63508
61296,60,,1,,63509
61297,60,,1,,63510
61298,60,,1,,63511
61299,60,,1,,63512
61300,60,,1,,63513
61301,60,,1,,63514
61302,60,,1,,63515
61303,60,,1,,63516
61304,60,,1,,63517
61305,60,,1,,63518
61306,60,,1,,63519
61307,60,,1,,63520
61308,60,,1,,63521
61309,60,,1,,63522
61310,60,,1,,63523
61311,60,,1,,63524
61312,60,,1,,63525
61313,60,,1,,63526
61314,60,,1,,63527
61315,60,,1,,63528
61316,60,,1,,63529
61317,60,,1,,63530
61318,60,,1,,63531
61319,60,,1,,63532
61320,60,,1,,63533
61321,60,,1,,63534
61322,60,,1,,63535
61323,60,,1,,63536
61324,60,,1,,63537
61325,60,,1,,63538
61326,60,,1,,63539
61327,60,,1,,63540
61328,60,,1,,63541
61329,60,,1,,63542
61330,60,,1,,63543
61331,60,,1,,63544
61332,60,,1,,63545
61333,60,,1,,63547
61334,60,,1,,63548
61335,60,,1,,63549
61336,60,,1,,63550
61337,60,,1,,63551
61338,60,,1,,63552
61339,60,,1,,63553
61340,60,,1,,63554
61341,60,,1,,63555
61342,60,,1,,63556
61343,60,,1,,63557
61344,60,,1,,63558
61345,60,,1,,63559
61346,60,,1,,63560
61347,60,,1,,63561
61348,60,,1,,63562
61349,60,,1,,63563
61350,60,,1,,63564
61351,60,,1,,63565
61352,60,,1,,63566
61353,60,,1,,63567
61354,60,,1,,63568
61355,60,,1,,63569
61356,60,,1,,63570
61357,60,,1,,63571
61358,60,,1,,63572
61359,60,,1,,63573
61360,60,,1,,63574
61361,60,,1,,63575
61362,60,,1,,63576
61363,60,,1,,63577
61364,60,,1,,63578
61365,60,,1,,63579
61366,60,,1,,63580
61367,60,,1,,63581
61368,60,,1,,63582
61369,60,,1,,63583
61370,60,,1,,63584
61371,60,,1,,63585
61372,60,,1,,63586
61373,60,,1,,63587
61374,60,,1,,63588
61375,60,,1,,63589
61376,60,,1,,63590
61377,60,,1,,63591
61378,60,,1,,63592
61379,60,,1,,63593
61380,60,,1,,63594
61381,60,,1,,63595
61382,60,,1,,63596
61383,60,,1,,63597
61384,60,,1,,63598
61385,60,,1,,63599
61386,60,,1,,63600
61387,60,,1,,63601
61388,60,,1,,63602
61389,60,,1,,63603
61390,60,,1,,63604
61391,60,,1,,63605
61392,60,,1,,63606
61393,60,,1,,63607
61394,60,,1,,63608
61395,60,,1,,63609
61396,60,,1,,63610
61397,60,,1,,63611
61398,60,,1,,63612
61399,60,,1,,63613
61400,60,,1,,63614
61401,60,,1,,63615
61402,60,,1,,63616
61403,60,,1,,63617
61404,60,,1,,63618
61405,60,,1,,63619
61406,60,,1,,63620
61407,60,,1,,63621
61408,60,,1,,63622
61409,60,,1,,63623
61410,60,,1,,63624
61411,60,,1,,63625
61412,60,,1,,63626
61413,60,,1,,63627
61414,60,,1,,63628
61415,60,,1,,63629
61416,60,,1,,63630
61417,60,,1,,63631
61418,60,,1,,63632
61419,60,,1,,63633
61420,60,,1,,63634
61421,60,,1,,63635
61422,60,,1,,63636
61423,60,,1,,63637
61424,60,,1,,63638
61425,60,,1,,63639
61426,60,,1,,63640
61427,60,,1,,63641
61428,60,,1,,63642
61429,60,,1,,63643
61430,60,,1,,63644
61431,60,,1,,63645
61432,60,,1,,63646
61433,60,,1,,63647
61434,60,,1,,63648
61435,60,,1,,63649
61436,60,,1,,63650
61437,60,,1,,63651
61438,60,,1,,63652
61439,60,,1,,63653
61440,60,,1,,63654
61441,60,,1,,63655
61442,60,,1,,63656
61443,60,,1,,63657
61444,60,,1,,63658
61445,60,,1,,63659
61446,60,,1,,63660
61447,60,,1,,63661
61448,60,,1,,63662
61449,60,,1,,63663
61450,60,,1,,63664
61451,60,,1,,63665
61452,60,,1,,63666
61453,60,,1,,63667
61454,60,,1,,63668
61455,60,,1,,63669
61456,60,,1,,63670
61457,60,,1,,63671
61458,60,,1,,63672
61459,60,,1,,63673
61460,60,,1,,63674
61461,60,,1,,63675
61462,60,,1,,63676
61463,60,,1,,63677
61464,60,,1,,63678
61465,60,,1,,63679
61466,60,,1,,63680
61467,60,,1,,63681
61468,60,,1,,63682
61469,60,,1,,63683
61470,60,,1,,63684
61471,60,,1,,63685
61472,60,,1,,63686
61473,60,,1,,63687
61474,60,,1,,63688
61475,60,,1,,63689
61476,60,,1,,63690
61477,60,,1,,63691
61478,60,,1,,63692
61479,60,,1,,63693
61480,60,,1,,63694
61481,60,,1,,63695
61482,60,,1,,63696
61483,60,,1,,63697
61484,60,,1,,63698
61485,60,,1,,63699
61486,60,,1,,63700
61487,60,,1,,63701
61488,60,,1,,63702
61489,60,,1,,63703
61490,60,,1,,63704
61491,60,,1,,63705
61492,60,,1,,63706
61493,60,,1,,63707
61494,60,,1,,63708
61495,60,,1,,63709
61496,60,,1,,63710
61497,60,,1,,63711
61498,60,,1,,63712
61499,60,,1,,63713
61500,60,,1,,63714
61501,60,,1,,63715
61502,60,,1,,63716
61503,60,,1,,63717
61504,60,,1,,63718
61505,60,,1,,63719
61506,60,,1,,63720
61507,60,,1,,63721
61508,60,,1,,63722
61509,60,,1,,63723
61510,60,,1,,63724
61511,60,,1,,63725
61512,60,,1,,63726
61513,60,,1,,63727
61514,60,,1,,63728
61515,60,,1,,63729
61516,60,,1,,63730
61517,60,,1,,63731
61518,60,,1,,63732
61519,60,,1,,63733
61520,60,,1,,63734
61521,60,,1,,63735
61522,60,,1,,63736
61523,60,,1,,63737
61524,60,,1,,63738
61525,60,,1,,63739
61526,60,,1,,63740
61527,60,,1,,63741
61528,60,,1,,63742
61529,60,,1,,63743
61530,60,,1,,63744
61531,60,,1,,63745
61532,60,,1,,63746
61533,60,,1,,63747
61534,60,,1,,63748
61535,60,,1,,63749
61536,60,,1,,63750
61537,60,,1,,63751
61538,60,,1,,63752
61539,60,,1,,63753
61540,60,,1,,63754
61541,60,,1,,63755
61542,60,,1,,63756
61543,60,,1,,63757
61544,60,,1,,63758
61545,60,,1,,63759
61546,60,,1,,63760
61547,60,,1,,63761
61548,60,,1,,63762
61549,60,,1,,63763
61550,60,,1,,63764
61551,60,,1,,63765
61552,60,,1,,63766
61553,60,,1,,63767
61554,60,,1,,63768
61555,60,,1,,63769
61556,60,,1,,63770
61557,60,,1,,63771
61558,60,,1,,63772
61559,60,,1,,63773
61560,60,,1,,63774
61561,60,,1,,63775
61562,60,,1,,63776
61563,60,,1,,63777
61564,60,,1,,63778
61565,60,,1,,63779
61566,60,,1,,63780
61567,60,,1,,63781
61568,60,,1,,63783
61569,60,,1,,63784
61570,60,,1,,63785
61571,60,,1,,63786
61572,60,,1,,63787
61573,60,,1,,63788
61574,60,,1,,63789
61575,60,,1,,63790
61576,60,,1,,63791
61577,60,,1,,63792
61578,60,,1,,63793
61579,60,,1,,63794
61580,60,,1,,63795
61581,60,,1,,63796
61582,60,,1,,63797
61583,60,,1,,63798
61584,60,,1,,63799
61585,60,,1,,63800
61586,60,,1,,63801
61587,60,,1,,63802
61588,60,,1,,63803
61589,60,,1,,63804
61590,60,,1,,63805
61591,60,,1,,63806
61592,60,,1,,63807
61593,60,,1,,63808
61594,60,,1,,63809
61595,60,,1,,63810
61596,60,,1,,63811
61597,60,,1,,63812
61598,60,,1,,63813
61599,60,,1,,63814
61600,60,,1,,63815
61601,60,,1,,63816
61602,60,,1,,63817
61603,60,,1,,63818
61604,60,,1,,63819
61605,60,,1,,63820
61606,60,,1,,63821
61607,60,,1,,63822
61608,60,,1,,63823
61609,60,,1,,63824
61610,60,,1,,63825
61611,60,,1,,63826
61612,60,,1,,63827
61613,60,,1,,63828
61614,60,,1,,63829
61615,60,,1,,63830
61616,60,,1,,63831
61617,60,,1,,63832
61618,60,,1,,63833
61619,60,,1,,63834
61620,60,,1,,63835
61621,60,,1,,63836
61622,60,,1,,63837
61623,60,,1,,63838
61624,60,,1,,63839
61625,60,,1,,63840
61626,60,,1,,63841
61627,60,,1,,63842
61628,60,,1,,63843
61629,60,,1,,63844
61630,60,,1,,63845
61631,60,,1,,63846
61632,60,,1,,63847
61633,60,,1,,63848
61634,60,,1,,63849
61635,60,,1,,63850
61636,60,,1,,63851
61637,60,,1,,63852
61638,60,,1,,63853
61639,60,,1,,63854
61640,60,,1,,63855
61641,60,,1,,63856
61642,60,,1,,63857
61643,60,,1,,63858
61644,60,,1,,63859
61645,60,,1,,63860
61646,60,,1,,63861
61647,60,,1,,63862
61648,60,,1,,63863
61649,60,,1,,63864
61650,60,,1,,63865
61651,60,,1,,63866
61652,60,,1,,63867
61653,60,,1,,63868
61654,60,,1,,63869
61655,60,,1,,63870
61656,60,,1,,63871
61657,60,,1,,63872
61658,60,,1,,63873
61659,60,,1,,63874
61660,60,,1,,63875
61661,60,,1,,63876
61662,60,,1,,63877
61663,60,,1,,63878
61664,60,,1,,63879
61665,60,,1,,63880
61666,60,,1,,63881
61667,60,,1,,63882
61668,60,,1,,63883
61669,60,,1,,63884
61670,60,,1,,63885
61671,60,,1,,63886
61672,60,,1,,63887
61673,21,,1,,60803
61674,21,,1,,60804
61675,39,6,1,,53877
61676,39,6,1,,53878
61677,39,2,1,,53879
61678,39,2,1,,53880
61679,36,,1,,53881
61680,36,,1,,53882
61681,39,2,1,,53883
61682,39,2,1,,53884
61683,36,,1,,53885
61684,36,,1,,53886
61685,39,2,1,,53887
61686,39,2,3,,53888
61687,39,2,3,,53889
61688,36,,2,,53890
61689,36,,3,,53891
61690,36,,2,,53892
61691,36,,1,,53893
61692,36,,1,,53894
61693,36,,1,,53895
61694,36,,1,,53896
61695,36,,1,,53897
61696,36,,1,,53898
61697,36,,1,,53899
61698,36,,1,,53900
61699,59,,1,,53901
61700,36,,1,,53902
61701,36,,1,,53903
61702,36,,2,,53904
61703,36,,1,,53905
61704,36,,2,,53906
61705,11,,1,,53907
61706,39,6,1,,53908
61707,36,,1,,53909
61708,36,,1,,53910
61709,36,,1,,53911
61710,36,,1,,53912
61711,36,,1,,53913
61712,36,,1,,53914
61713,36,,1,,53915
61714,36,,1,,53916
61715,60,,1,,53917
61716,36,,1,,53918
61717,36,,1,,53919
61718,36,,1,,53920
61719,36,,1,,53921
61720,36,,1,,53922
61721,36,,2,,53923
61722,36,,1,,53924
61723,36,,1,,53925
61724,36,,1,,53926
61725,36,,1,,53927
61726,36,,1,,53928
61727,36,,1,,53929
61728,36,,1,,53930
61729,36,,1,,53931
61730,36,,1,,53932
61731,36,,1,,53933
61732,36,,1,,53934
61733,36,,1,,53935
61734,36,,2,,53936
61735,36,,1,,53937
61736,36,,1,,53938
61737,36,,1,,53939
61738,36,,2,,53940
61739,36,,1,,53941
61740,36,,2,,53942
61741,36,,1,,53943
61742,36,,1,,53944
61743,36,,1,,53945
61744,36,,1,,53946
61745,36,,1,,53947
61746,36,,1,,53948
61747,36,,1,,53949
61748,36,,1,,53950
61749,36,,1,,53951
61750,36,,1,,53952
61751,36,,1,,53953
61752,36,,1,,53954
61753,36,,1,,53955
61754,36,,2,,53956
61755,36,,1,,53957
61756,36,,1,,53958
61757,36,,1,,53959
61758,36,,1,,53960
61759,36,,1,,53961
61760,36,,1,,53962
61761,36,,1,,53963
61762,36,,1,,53964
61763,36,,1,,53965
61764,36,,1,,53966
61765,36,,1,,53967
61766,36,,1,,53968
61767,36,,1,,53969
61768,36,,2,,53970
61769,36,,1,,53971
61770,39,49,1,,53972
61791,39,,1,,53993
61792,36,,1,,53994
61793,59,,6,,53995
61794,36,,1,,53996
61795,36,,1,,53997
61796,36,,1,,53998
61797,36,,1,,53999
61798,36,,2,,54000
61799,36,,1,,54001
61800,36,,1,,54002
61801,39,2,2,,54003
61802,60,,1,,54004
61803,36,,1,,54005
61804,36,,2,,54006
61805,36,,1,,54007
61806,36,,1,,54008
61807,36,,1,,54009
61808,36,,1,,54010
61809,36,,1,,54011
61810,36,,1,,54012
61811,36,,1,,54013
61812,36,,1,,54014
61813,36,,1,,54015
61814,39,2,1,,54016
61815,36,,1,,54017
61816,36,,1,,54018
61817,39,1,1,,54019
61818,39,6,1,,54020
61819,39,6,1,,54021
61820,36,,1,,54022
61821,60,,1,,54023
61822,39,,1,,52495
61823,39,,1,,52496
61824,39,,1,,52497
61825,39,,1,,52498
61826,36,,1,,52499
61827,36,,1,,52500
61828,39,,1,,52501
61829,22,,1,,52502
61830,39,,1,,52503
61831,39,,1,,52504
61832,39,,1,,52505
61833,39,,1,,52506
61834,39,,1,,52507
61835,39,,1,,52508
61836,39,,1,,52509
61837,39,,1,,52510
61838,39,,1,,52511
61839,39,,1,,52512
61840,39,,1,,52513
61841,36,,1,,52514
61842,80,,1,,52515
61843,80,,1,,52516
61844,80,,1,,52517
61845,36,,1,,52518
61846,36,,1,,52519
61847,36,,1,,52520
61848,36,,2,,52521
61849,36,,2,,52522
61850,36,,2,,52523
61851,36,,1,,52524
61852,39,,1,,52525
61853,39,,1,,52526
61854,22,,1,,52527
61855,22,,1,,52528
61856,36,,2,,52529
61857,36,,2,,52530
61858,36,,1,,52531
61859,36,,1,,52532
61860,39,49,1,,52533
61861,39,49,1,,52534
61862,36,,1,,52535
61863,39,,1,,52536
61864,39,,1,,52537
61865,39,,1,,52538
61866,39,6,2,,52539
61867,39,6,2,,52540
61868,39,6,1,,52541
61869,39,6,1,,52542
61870,39,,1,,52543
61871,39,,1,,52544
61872,39,,1,,52545
61873,39,,1,,52546
61874,36,,1,,52547
61875,59,,1,,52548
61876,59,,1,,52549
61877,25,,1,,52550
61878,36,,1,,52551
61879,36,,1,,52552
61880,36,,1,,52553
61881,39,,1,,52554
61882,39,,1,,52555
61883,13,,1,,52556
61884,39,,1,,52557
61885,39,,1,,52558
61886,39,1,1,,52559
61887,39,1,1,,52560
61888,25,,4,,52561
61889,25,,2,,52562
61890,39,,2,,52563
61891,39,,2,,52564
61892,36,,1,,52565
61893,39,,1,,52566
61894,39,,1,,52567
61895,22,,1,,52568
61896,39,,1,,52569
61897,39,,1,,52570
61898,23,7,1,,52570
61899,39,1,3,,52571
61900,39,1,6,,52572
61901,39,1,2,,52573
61902,39,,1,,52574
61903,39,,2,,52575
61904,60,,1,,52576
61905,60,,1,,52577
61906,39,1,1,,52578
61907,39,1,1,,52579
61908,22,,1,,52580
61909,55,,1,,52581
61910,39,,2,,52582
61911,39,48,1,,52583
61912,39,48,1,,52584
61913,39,49,2,,52585
61914,39,1,1,,52586
61915,39,1,1,,52587
61916,39,49,2,,52588
61917,60,,1,,52589
61918,60,,1,,52590
61919,60,,1,,52591
61920,60,,1,,52592
61921,60,,1,,52593
61922,60,,1,,52594
61923,60,,1,,52595
61924,60,,1,,52596
61925,60,,1,,52597
61926,60,,1,,52598
61927,60,,1,,52599
61928,60,,1,,52600
61929,60,,1,,52601
61930,60,,1,,52602
61931,60,,1,,52603
61932,60,,1,,52604
61933,60,,1,,52605
61934,60,,1,,52606
61935,60,,1,,52607
61936,60,,1,,52608
61937,60,,1,,52609
61938,60,,1,,52610
61939,60,,1,,52611
61940,60,,1,,52612
61941,60,,1,,52613
61942,60,,1,,52614
61943,60,,1,,52615
61944,60,,1,,52616
61945,60,,1,,52617
61946,60,,1,,52618
61947,60,,1,,52619
61948,60,,1,,52620
61949,60,,1,,52621
61950,60,,1,,52622
61951,60,,1,,52623
61952,60,,1,,52624
61953,60,,1,,52625
61954,60,,1,,52626
61955,60,,1,,52627
61956,60,,1,,52628
61957,60,,1,,52629
61958,60,,1,,52630
61959,60,,1,,52631
61960,60,,1,,52632
61961,60,,1,,52633
61962,60,,1,,52634
61963,60,,1,,52635
61964,60,,1,,52636
61965,60,,1,,52637
61966,60,,1,,52638
61967,60,,1,,52639
61968,60,,1,,52640
61969,60,,1,,52641
61970,60,,1,,52642
61971,60,,1,,52643
61972,60,,1,,52644
61973,60,,1,,52645
61974,60,,1,,52646
61975,60,,1,,52647
61976,60,,1,,52648
61977,60,,1,,52649
61978,60,,1,,52650
61979,60,,1,,52651
61980,60,,1,,52652
61981,60,,1,,52653
61982,60,,1,,52654
61983,60,,1,,52655
61984,60,,1,,52656
61985,60,,1,,52657
61986,60,,1,,52658
61987,60,,1,,52659
61988,60,,1,,52660
61989,60,,1,,52661
61990,60,,1,,52662
61991,60,,1,,52663
61992,60,,1,,52664
61993,60,,1,,52665
61994,60,,1,,52666
61995,60,,1,,52667
61996,60,,1,,52668
61997,60,,1,,52669
61998,60,,1,,52670
61999,60,,1,,52671
62000,60,,1,,52672
62001,60,,1,,52673
62002,60,,1,,52674
62003,60,,1,,52675
62004,60,,1,,52676
62005,60,,1,,52677
62006,60,,1,,52678
62007,60,,1,,52679
62008,60,,1,,52680
62009,60,,1,,52681
62010,60,,1,,52682
62011,60,,1,,52683
62012,60,,1,,52684
62013,60,,1,,52685
62014,60,,1,,52686
62015,60,,1,,52687
62016,60,,1,,52688
62017,60,,1,,52689
62018,60,,1,,52690
62019,60,,1,,52691
62020,60,,1,,52692
62021,60,,1,,52693
62022,60,,1,,52694
62023,60,,1,,52695
62024,60,,1,,52696
62025,60,,1,,52697
62026,60,,1,,52698
62027,60,,1,,52699
62028,60,,1,,52700
62029,60,,1,,52701
62030,60,,1,,52702
62031,60,,1,,52703
62032,60,,1,,52704
62033,60,,1,,52705
62034,60,,1,,52706
62035,60,,1,,52707
62036,60,,1,,52708
62037,60,,1,,52709
62038,60,,1,,52710
62039,60,,1,,52711
62040,60,,1,,52712
62041,60,,1,,52713
62042,60,,1,,52714
62043,60,,1,,52715
62044,60,,1,,52716
62045,60,,1,,52717
62046,60,,1,,52718
62047,60,,1,,52719
62048,60,,1,,52720
62049,60,,1,,52721
62050,60,,1,,52722
62051,60,,1,,52723
62052,60,,1,,52724
62053,60,,1,,52725
62054,60,,1,,52726
62055,60,,1,,52727
62056,60,,1,,52728
62057,60,,1,,52729
62058,60,,1,,52730
62059,60,,1,,52731
62060,60,,1,,52732
62061,60,,1,,52733
62062,60,,1,,52734
62063,60,,1,,52735
62064,60,,1,,52736
62065,60,,1,,52737
62066,60,,1,,52738
62067,60,,1,,52739
62068,60,,1,,52740
62069,60,,1,,52741
62070,60,,1,,52742
62071,60,,1,,52743
62072,60,,1,,52744
62073,60,,1,,52745
62074,60,,1,,52746
62075,60,,1,,52747
62076,60,,1,,52748
62077,60,,1,,52749
62078,60,,1,,52750
62079,60,,1,,52751
62080,60,,1,,52752
62081,60,,1,,52753
62082,60,,1,,52754
62083,60,,1,,52755
62084,60,,1,,52756
62085,60,,1,,52757
62086,60,,1,,52758
62087,60,,1,,52759
62088,60,,1,,52760
62089,60,,1,,52761
62090,60,,1,,52762
62091,60,,1,,52763
62092,60,,1,,52764
62093,60,,1,,52765
62094,60,,1,,52766
62095,60,,1,,52767
62096,60,,1,,52768
62097,60,,1,,52769
62098,60,,1,,52770
62099,60,,1,,52771
62100,60,,1,,52772
62101,60,,1,,52773
62102,60,,1,,52774
62103,60,,1,,52775
62104,60,,1,,52776
62105,60,,1,,52777
62106,60,,1,,52778
62107,60,,1,,52779
62108,60,,1,,52780
62109,60,,1,,52781
62110,60,,1,,52782
62111,60,,1,,52783
62112,60,,1,,52784
62113,60,,1,,52785
62114,60,,1,,52786
62115,60,,1,,52787
62116,60,,1,,52788
62117,60,,1,,52789
62118,39,,2,,52790
62119,25,,1,,52791
62120,60,,1,,52792
62121,60,,1,,52793
62122,60,,1,,52794
62123,60,,1,,52795
62124,60,,1,,52796
62125,60,,1,,52797
62126,60,,1,,52798
62127,60,,1,,52799
62128,60,,1,,52800
62129,60,,1,,52801
62130,60,,1,,52802
62131,60,,1,,52803
62132,60,,1,,52804
62133,60,,1,,52805
62134,60,,1,,52806
62135,60,,1,,52807
62136,60,,1,,52808
62137,60,,1,,52809
62138,60,,1,,52810
62139,60,,1,,52811
62140,60,,1,,52812
62141,60,,1,,52813
62142,60,,1,,52814
62143,60,,1,,52815
62144,60,,1,,52816
62145,60,,1,,52817
62146,60,,1,,52818
62147,60,,1,,52819
62148,60,,1,,52820
62149,60,,1,,52821
62150,60,,1,,52822
62151,60,,1,,52823
62152,60,,1,,52824
62153,60,,1,,52825
62154,60,,1,,52826
62155,60,,1,,52827
62156,60,,1,,52828
62157,60,,1,,52829
62158,60,,1,,52830
62159,60,,1,,52831
62160,60,,1,,52832
62161,60,,1,,52833
62162,60,,1,,52834
62163,60,,1,,52835
62164,60,,1,,52836
62165,60,,1,,52837
62166,60,,1,,52838
62167,60,,1,,52839
62168,60,,1,,52840
62169,60,,1,,52841
62170,60,,1,,52842
62171,60,,1,,52843
62172,60,,1,,52844
62173,60,,1,,52845
62174,60,,1,,52846
62175,60,,1,,52847
62176,60,,1,,52848
62177,60,,1,,52849
62178,60,,1,,52850
62179,60,,1,,52851
62180,60,,1,,52852
62181,60,,1,,52853
62182,60,,1,,52854
62183,60,,1,,52855
62184,60,,1,,52856
62185,60,,1,,52857
62186,60,,1,,52858
62187,60,,1,,52859
62188,60,,1,,52860
62189,60,,1,,52861
62190,60,,1,,52862
62191,60,,1,,52863
62192,60,,1,,52864
62193,60,,1,,52865
62194,60,,1,,52866
62195,60,,1,,52867
62196,60,,1,,52868
62197,60,,1,,52869
62198,60,,1,,52870
62199,60,,1,,52871
62200,60,,1,,52872
62201,60,,1,,52873
62202,60,,1,,52874
62203,60,,1,,52875
62204,60,,1,,52876
62205,60,,1,,52877
62206,60,,1,,52878
62207,60,,1,,52879
62208,60,,1,,52880
62209,60,,1,,52881
62210,60,,1,,52882
62211,60,,1,,52883
62212,60,,1,,52884
62213,60,,1,,52885
62214,60,,1,,52886
62215,60,,1,,52887
62216,60,,1,,52888
62217,60,,1,,52889
62218,60,,1,,52890
62219,60,,1,,52891
62220,60,,1,,52892
62221,60,,1,,52893
62222,60,,1,,52894
62223,60,,1,,52895
62224,60,,1,,52896
62225,60,,1,,52897
62226,60,,1,,52898
62227,36,,1,,52899
62228,36,,1,,52900
62229,39,,2,,52901
62230,60,,1,,52902
62231,60,,1,,52903
62232,60,,1,,52904
62233,60,,1,,52905
62234,60,,1,,52906
62235,60,,1,,52907
62236,60,,1,,52908
62237,60,,1,,52909
62238,60,,1,,52910
62239,60,,1,,52911
62240,60,,1,,52912
62241,60,,1,,52913
62242,60,,1,,52914
62243,60,,1,,52915
62244,60,,1,,52916
62245,60,,1,,52917
62246,60,,1,,52918
62247,60,,1,,52919
62248,60,,1,,52920
62249,60,,1,,52921
62250,60,,1,,52922
62251,60,,1,,52923
62252,60,,1,,52924
62253,60,,1,,52925
62254,60,,1,,52926
62255,60,,1,,52927
62256,60,,1,,52928
62257,60,,1,,52929
62258,60,,1,,52930
62259,60,,1,,52931
62260,60,,1,,52932
62261,60,,1,,52933
62262,60,,1,,52934
62263,60,,1,,52935
62264,60,,1,,52936
62265,60,,1,,52937
62266,60,,1,,52938
62267,60,,1,,52939
62268,60,,1,,52940
62269,60,,1,,52941
62270,60,,1,,52942
62271,60,,1,,52943
62272,60,,1,,52944
62273,60,,1,,52945
62274,60,,1,,52946
62275,60,,1,,52947
62276,60,,1,,52948
62277,60,,1,,52949
62278,60,,1,,52950
62279,60,,1,,52951
62280,60,,1,,52952
62281,60,,1,,52953
62282,60,,1,,52954
62283,60,,1,,52955
62284,60,,1,,52956
62285,60,,1,,52957
62286,60,,1,,52958
62287,60,,1,,52959
62288,60,,1,,52960
62289,60,,1,,52961
62290,60,,1,,52962
62291,60,,1,,52963
62292,60,,1,,52964
62293,60,,1,,52965
62294,60,,1,,52966
62295,60,,1,,52967
62296,60,,1,,52968
62297,60,,1,,52969
62298,60,,1,,52970
62299,60,,1,,52971
62300,60,,1,,52972
62301,60,,1,,52973
62302,60,,1,,52974
62303,60,,1,,52975
62304,60,,1,,52976
62305,60,,1,,52977
62306,60,,1,,52978
62307,60,,1,,52979
62308,60,,1,,52980
62309,60,,1,,52981
62310,60,,1,,52982
62311,60,,1,,52983
62312,60,,1,,52984
62313,60,,1,,52985
62314,60,,1,,52986
62315,60,,1,,52987
62316,60,,1,,52988
62317,60,,1,,52989
62318,60,,1,,52990
62319,60,,1,,52991
62320,60,,1,,52992
62321,60,,1,,52993
62322,60,,1,,52994
62323,60,,1,,52995
62324,60,,1,,52996
62325,60,,1,,52997
62326,60,,1,,52998
62327,60,,1,,52999
62328,60,,1,,53000
62329,60,,1,,53001
62330,60,,1,,53002
62331,60,,1,,53003
62332,60,,1,,53004
62333,60,,1,,53005
62334,60,,1,,53006
62335,60,,1,,53007
62336,60,,1,,53008
62337,60,,1,,53009
62338,60,,1,,53010
62339,60,,1,,53011
62340,60,,1,,53012
62341,60,,1,,53013
62342,60,,1,,53014
62343,60,,1,,53015
62344,60,,1,,53016
62345,60,,1,,53017
62346,60,,1,,53018
62347,60,,1,,53019
62348,60,,1,,53020
62349,60,,1,,53021
62350,60,,1,,53022
62351,60,,1,,53023
62352,60,,1,,53024
62353,60,,1,,53025
62354,60,,1,,53026
62355,60,,1,,53027
62356,60,,1,,53028
62357,60,,1,,53029
62358,60,,1,,53030
62359,60,,1,,53031
62360,60,,1,,53032
62361,60,,1,,53033
62362,60,,1,,53034
62363,60,,1,,53035
62364,60,,1,,53036
62365,60,,1,,53037
62366,60,,1,,53038
62367,60,,1,,53039
62368,60,,1,,53040
62369,60,,1,,53041
62370,60,,1,,53042
62371,60,,1,,53043
62372,60,,1,,53044
62373,60,,1,,53045
62374,60,,1,,53046
62375,60,,1,,53047
62376,60,,1,,53048
62377,60,,1,,53049
62378,60,,1,,53050
62379,60,,1,,53051
62380,60,,1,,53052
62381,60,,1,,53053
62382,60,,1,,53054
62383,60,,1,,53055
62384,60,,1,,53056
62385,60,,1,,53057
62386,60,,1,,53058
62387,60,,1,,53059
62388,60,,1,,53060
62389,60,,1,,53061
62390,60,,1,,53062
62391,60,,1,,53063
62392,60,,1,,53064
62393,60,,1,,53065
62394,60,,1,,53066
62395,60,,1,,53067
62396,60,,1,,53068
62397,60,,1,,53069
62398,60,,1,,53070
62399,60,,1,,53071
62400,60,,1,,53072
62401,60,,1,,53073
62402,60,,1,,53074
62403,60,,1,,53075
62404,60,,1,,53076
62405,60,,1,,53077
62406,60,,1,,53078
62407,60,,1,,53079
62408,60,,1,,53080
62409,60,,1,,53081
62410,60,,1,,53082
62411,60,,1,,53083
62412,60,,1,,53084
62413,60,,1,,53085
62414,60,,1,,53086
62415,60,,1,,53087
62416,60,,1,,53088
62417,60,,1,,53089
62418,60,,1,,53090
62419,60,,1,,53091
62420,60,,1,,53092
62421,60,,1,,53093
62422,60,,1,,53094
62423,60,,1,,53095
62424,60,,1,,53096
62425,60,,1,,53097
62426,60,,1,,53098
62427,60,,1,,53099
62428,60,,1,,53100
62429,60,,1,,53101
62430,60,,1,,53102
62431,60,,1,,53103
62432,60,,1,,53104
62433,60,,1,,53105
62434,60,,1,,53106
62435,60,,1,,53107
62436,60,,1,,53108
62437,60,,1,,53109
62438,60,,1,,53110
62439,60,,1,,53111
62440,60,,1,,53112
62441,60,,1,,53113
62442,60,,1,,53114
62443,60,,1,,53115
62444,60,,1,,53116
62445,60,,1,,53117
62446,60,,1,,53118
62447,60,,1,,53119
62448,60,,1,,53120
62449,60,,1,,53121
62450,60,,1,,53122
62451,60,,1,,53123
62452,60,,1,,53124
62453,60,,1,,53125
62454,60,,1,,53126
62455,60,,1,,53127
62456,60,,1,,53128
62457,60,,1,,53129
62458,60,,1,,53130
62459,60,,1,,53131
62460,60,,1,,53132
62461,60,,1,,53133
62462,60,,1,,53134
62463,60,,1,,53135
62464,60,,1,,53136
62465,60,,1,,53137
62466,60,,1,,53138
62467,60,,1,,53139
62468,60,,1,,53140
62469,60,,1,,53141
62470,60,,1,,53142
62471,60,,1,,53143
62472,60,,1,,53144
62473,60,,1,,53145
62474,60,,1,,53146
62475,60,,1,,53147
62476,60,,1,,53148
62477,60,,1,,53149
62478,60,,1,,53150
62479,60,,1,,53151
62480,60,,1,,53152
62481,60,,1,,53153
62482,60,,1,,53154
62483,60,,1,,53155
62484,60,,1,,53156
62485,60,,1,,53157
62486,60,,1,,53158
62487,60,,1,,53159
62488,60,,1,,53160
62489,60,,1,,53161
62490,60,,1,,53162
62491,60,,1,,53163
62492,60,,1,,53164
62493,60,,1,,53165
62494,60,,1,,53166
62495,60,,1,,53167
62496,60,,1,,53168
62497,60,,1,,53169
62498,60,,1,,53170
62499,60,,1,,53171
62500,60,,1,,53172
62501,60,,1,,53173
62502,60,,1,,53174
62503,60,,1,,53175
62504,60,,1,,53176
62505,60,,1,,53177
62506,60,,1,,53178
62507,60,,1,,53179
62508,60,,1,,53180
62509,60,,1,,53181
62510,60,,1,,53182
62511,60,,1,,53183
62512,60,,1,,53184
62513,60,,1,,53185
62514,60,,1,,53186
62515,60,,1,,53187
62516,60,,1,,53188
62517,60,,1,,53189
62518,60,,1,,53190
62519,60,,1,,53191
62520,60,,1,,53192
62521,60,,1,,53193
62522,60,,1,,53194
62523,60,,1,,53195
62524,60,,1,,53196
62525,60,,1,,53197
62526,60,,1,,53198
62527,60,,1,,53199
62528,60,,1,,53200
62529,60,,1,,53201
62530,60,,1,,53202
62531,60,,1,,53203
62532,60,,1,,53204
62533,60,,1,,53205
62534,60,,1,,53206
62535,60,,1,,53207
62536,60,,1,,53208
62537,60,,1,,53209
62538,60,,1,,53210
62539,60,,1,,53211
62540,60,,1,,53212
62541,60,,1,,53213
62542,60,,1,,53214
62543,60,,1,,53215
62544,60,,1,,53216
62545,60,,1,,53217
62546,60,,1,,53218
62547,60,,1,,53219
62548,60,,1,,53220
62549,60,,1,,53221
62550,60,,1,,53222
62551,60,,1,,53223
62552,60,,1,,53224
62553,60,,1,,53225
62554,60,,1,,53226
62555,60,,1,,53227
62556,60,,1,,53228
62557,60,,1,,53229
62558,60,,1,,53230
62559,60,,1,,53231
62560,60,,1,,53232
62561,60,,1,,53233
62562,60,,1,,53234
62563,60,,1,,53235
62564,60,,1,,53236
62565,60,,1,,53237
62566,60,,1,,53238
62567,60,,1,,53239
62568,60,,1,,53240
62569,60,,1,,53241
62570,60,,1,,53242
62571,60,,1,,53243
62572,60,,1,,53244
62573,60,,1,,53245
62574,60,,1,,53246
62575,60,,1,,53247
62576,60,,1,,53248
62577,60,,1,,53249
62578,60,,1,,53250
62579,60,,1,,53251
62580,60,,1,,53252
62581,60,,1,,53253
62582,60,,1,,53254
62583,60,,1,,53255
62584,60,,1,,53256
62585,60,,1,,53257
62586,60,,1,,53258
62587,60,,1,,53259
62588,60,,1,,53260
62589,60,,1,,53261
62590,60,,1,,53262
62591,60,,1,,53263
62592,60,,1,,53264
62593,60,,1,,53265
62594,60,,1,,53266
62595,60,,1,,53267
62596,60,,1,,53268
62597,60,,1,,53269
62598,60,,1,,53270
62599,60,,1,,53271
62600,60,,1,,53272
62601,60,,1,,53273
62602,60,,1,,53274
62603,60,,1,,53275
62604,60,,1,,53276
62605,60,,1,,53277
62606,60,,1,,53278
62607,60,,1,,53279
62608,60,,1,,53280
62609,60,,1,,53281
62610,60,,1,,53282
62611,60,,1,,53283
62612,60,,1,,53284
62613,60,,1,,53285
62614,60,,1,,53286
62615,60,,1,,53287
62616,60,,1,,53288
62617,60,,1,,53289
62618,60,,1,,53290
62619,60,,1,,53291
62620,60,,1,,53292
62621,60,,1,,53293
62622,60,,1,,53294
62623,60,,1,,53295
62624,60,,1,,53296
62625,60,,1,,53297
62626,60,,1,,53298
62627,60,,1,,53299
62628,60,,1,,53300
62629,60,,1,,53301
62630,60,,1,,53302
62631,60,,1,,53303
62632,60,,1,,53304
62633,60,,1,,53305
62634,60,,1,,53306
62635,60,,1,,53307
62636,60,,1,,53308
62637,60,,1,,53309
62638,60,,1,,53310
62639,60,,1,,53311
62640,60,,1,,53312
62641,60,,1,,53313
62642,60,,1,,53314
62643,60,,1,,53315
62644,60,,1,,53316
62645,60,,1,,53317
62646,60,,1,,53318
62647,60,,1,,53319
62648,60,,1,,53320
62649,60,,1,,53321
62650,60,,1,,53322
62651,60,,1,,53323
62652,60,,1,,53324
62653,60,,1,,53325
62654,60,,1,,53326
62655,60,,1,,53327
62656,60,,1,,53328
62657,60,,1,,53329
62658,60,,1,,53330
62659,60,,1,,53331
62660,60,,1,,53332
62661,60,,1,,53333
62662,60,,1,,53334
62663,60,,1,,53335
62664,60,,1,,53336
62665,60,,1,,53337
62666,60,,1,,53338
62667,60,,1,,53339
62668,60,,1,,53340
62669,60,,1,,53341
62670,60,,1,,53342
62671,60,,1,,53343
62672,60,,1,,53344
62673,60,,1,,53345
62674,60,,1,,53346
62675,60,,1,,53347
62676,60,,1,,53348
62677,60,,1,,53349
62678,60,,1,,53350
62679,60,,1,,53351
62680,60,,1,,53352
62681,60,,1,,53353
62682,60,,1,,53354
62683,60,,1,,53355
62684,60,,1,,53356
62685,60,,1,,53357
62686,60,,1,,53358
62687,60,,1,,53359
62688,60,,1,,53360
62689,60,,1,,53361
62690,60,,1,,53362
62691,60,,1,,53363
62692,60,,1,,53364
62693,60,,1,,53365
62694,60,,1,,53366
62695,60,,1,,53367
62696,60,,1,,53368
62697,60,,1,,53369
62698,60,,1,,53370
62699,60,,1,,53371
62700,60,,1,,53372
62701,60,,1,,53373
62702,60,,1,,53374
62703,60,,1,,53375
62704,60,,1,,53376
62705,60,,1,,53377
62706,60,,1,,53378
62707,60,,1,,53379
62708,60,,1,,53380
62709,60,,1,,53381
62710,60,,1,,53382
62711,60,,1,,53383
62712,60,,1,,53384
62713,60,,1,,53385
62714,60,,1,,53386
62715,60,,1,,53387
62716,60,,1,,53388
62717,60,,1,,53389
62718,60,,1,,53390
62719,60,,1,,53391
62720,60,,1,,53392
62721,60,,1,,53393
62722,60,,1,,53394
62723,60,,1,,53395
62724,60,,1,,53396
62725,60,,1,,53397
62726,60,,1,,53398
62727,60,,1,,53399
62728,60,,1,,53400
62729,60,,1,,53401
62730,60,,1,,53402
62731,60,,1,,53403
62732,60,,1,,53404
62733,60,,1,,53405
62734,60,,1,,53406
62735,60,,1,,53407
62736,60,,1,,53408
62737,60,,1,,53409
62738,60,,1,,53410
62739,60,,1,,53411
62740,60,,1,,53412
62741,60,,1,,53413
62742,60,,1,,53414
62743,60,,1,,53415
62744,60,,1,,53416
62745,60,,1,,53417
62746,60,,1,,53418
62747,60,,1,,53419
62748,60,,1,,53420
62749,60,,1,,53421
62750,60,,1,,53422
62751,60,,1,,53423
62752,60,,1,,53424
62753,60,,1,,53425
62754,60,,1,,53426
62755,60,,1,,53427
62756,60,,1,,53428
62757,60,,1,,53429
62758,60,,1,,53430
62759,60,,1,,53431
62760,60,,1,,53432
62761,60,,1,,53433
62762,60,,1,,53434
62763,60,,1,,53435
62764,60,,1,,53436
62765,60,,1,,53437
62766,60,,1,,53438
62767,60,,1,,53439
62768,60,,1,,53440
62769,60,,1,,53441
62770,60,,1,,53442
62771,60,,1,,53443
62772,60,,1,,53444
62773,60,,1,,53445
62774,60,,1,,53446
62775,60,,1,,53447
62776,60,,1,,53448
62777,60,,1,,53449
62778,60,,1,,53450
62779,60,,1,,53451
62780,60,,1,,53452
62781,60,,1,,53453
62782,60,,1,,53454
62783,60,,1,,53455
62784,60,,1,,53456
62785,60,,1,,53457
62786,60,,1,,53458
62787,60,,1,,53459
62788,60,,1,,53460
62789,60,,1,,53461
62790,39,,1,,53462
62791,39,,2,,53463
62792,39,,1,,53464
62793,39,,1,,53465
62794,39,,1,,53466
62795,60,,1,,53467
62796,60,,1,,53468
62797,39,1,1,,53470
62798,39,1,1,,53471
62799,36,,1,,53472
62800,60,,1,,53473
62801,60,,1,,53474
62802,60,,1,,53475
62803,60,,1,,53476
62804,60,,1,,53477
62805,60,,1,,53478
62806,60,,1,,53479
62807,60,,1,,53480
62808,60,,1,,53481
62809,60,,1,,53482
62810,60,,1,,53483
62811,60,,1,,53484
62812,60,,1,,53485
62813,60,,1,,53486
62814,60,,1,,53487
62815,60,,1,,53488
62816,60,,1,,53489
62817,60,,1,,53490
62818,60,,1,,53491
62819,60,,1,,53492
62820,60,,1,,53493
62821,60,,1,,53494
62822,60,,1,,53495
62823,60,,1,,53496
62824,60,,1,,53497
62825,60,,1,,53498
62826,60,,1,,53499
62827,60,,1,,53500
62828,60,,1,,53501
62829,60,,1,,53502
62830,60,,1,,53503
62831,60,,1,,53504
62832,60,,1,,53505
62833,60,,1,,53506
62834,60,,1,,53507
62835,60,,1,,53508
62836,60,,1,,53509
62837,60,,1,,53510
62838,60,,1,,53511
62839,60,,1,,53512
62840,60,,1,,53513
62841,60,,1,,53514
62842,60,,1,,53515
62843,60,,1,,53516
62844,60,,1,,53517
62845,60,,1,,53518
62846,60,,1,,53519
62847,60,,1,,53520
62848,60,,1,,53521
62849,60,,1,,53522
62850,60,,1,,53523
62851,60,,1,,53524
62852,60,,1,,53525
62853,60,,1,,53526
62854,60,,1,,53527
62855,60,,1,,53528
62856,60,,1,,53529
62857,60,,1,,53530
62858,60,,1,,53531
62859,60,,1,,53532
62860,60,,1,,53533
62861,60,,1,,53534
62862,60,,1,,53535
62863,36,,2,,53536
62864,36,,1,,53537
62865,60,,1,,53538
62866,60,,1,,53539
62867,60,,1,,53540
62868,60,,1,,53541
62869,60,,1,,53542
62870,60,,1,,53543
62871,60,,1,,53544
62872,60,,1,,53545
62873,60,,1,,53546
62874,60,,1,,53547
62875,60,,1,,53548
62876,60,,1,,53549
62877,60,,1,,53550
62878,60,,1,,53551
62879,60,,1,,53552
62880,60,,1,,53553
62881,60,,1,,53554
62882,60,,1,,53555
62883,60,,1,,53556
62884,60,,1,,53557
62885,60,,1,,53558
62886,60,,1,,53559
62887,60,,1,,53560
62888,60,,1,,53561
62889,60,,1,,53562
62890,60,,1,,53563
62891,60,,1,,53564
62892,60,,1,,53565
62893,60,,1,,53566
62894,60,,1,,53567
62895,60,,1,,53568
62896,60,,1,,53569
62897,60,,1,,53570
62898,60,,1,,53571
62899,60,,1,,53572
62900,60,,1,,53573
62901,60,,1,,53574
62902,60,,1,,53575
62903,60,,1,,53576
62904,60,,1,,53577
62905,60,,1,,53578
62906,60,,1,,53579
62907,60,,1,,53580
62908,60,,1,,53581
62909,60,,1,,53582
62910,60,,1,,53583
62911,60,,1,,53584
62912,60,,1,,53585
62913,60,,1,,53586
62914,60,,1,,53587
62915,60,,1,,53588
62916,60,,1,,53589
62917,60,,1,,53590
62918,60,,1,,53591
62919,60,,1,,53592
62920,60,,1,,53593
62921,60,,1,,53594
62922,60,,1,,53595
62923,60,,1,,53596
62924,60,,1,,53597
62925,60,,1,,53598
62926,60,,1,,53599
62927,60,,1,,53600
62928,60,,1,,53601
62929,60,,1,,53602
62930,60,,1,,53603
62931,60,,1,,53604
62932,60,,1,,53605
62933,60,,1,,53606
62934,60,,1,,53607
62935,36,,1,,53608
62936,60,,1,,53609
62937,60,,1,,53610
62938,60,,1,,53611
62939,60,,1,,53612
62940,60,,1,,53613
62941,60,,1,,53614
62942,60,,1,,53615
62943,36,,1,,53616
62944,36,,1,,53617
62945,39,6,1,,53618
62946,39,,1,,53619
62947,39,,1,,53620
62948,39,,1,,53621
62949,39,49,1,,53622
62950,39,,1,,53623
62951,39,,1,,53624
62952,39,1,2,,53625
62953,39,1,2,,53626
62954,39,49,1,,53627
62955,39,49,1,,53628
62956,39,,1,,53629
62957,39,,1,,53630
62958,39,,1,,53631
62959,36,,1,,53632
62960,36,,1,,53633
62961,39,,1,,53634
62962,39,,1,,53635
62963,39,1,1,,53636
62964,23,5,1,,53636
62965,39,1,1,,53637
62966,36,,1,,53638
62967,25,,1,,53639
62968,80,,1,,53640
62969,36,,1,,53641
62970,80,,1,,53642
62971,80,,1,,53643
62972,39,,1,,53644
62973,39,,1,,53645
62974,39,,1,,53646
62975,39,,3,,53647
62976,39,,3,,53648
62977,39,,1,,53649
62978,39,,2,,53650
62979,39,,4,,53651
62980,39,,4,,53652
62981,39,,1,,53653
62982,39,,1,,53654
62983,39,,1,,53655
62984,39,,1,,53656
62985,39,,1,,53657
62986,39,4,2,,53658
62987,39,,1,,53659
62988,39,4,2,,53660
62989,39,,2,,53661
62990,39,,2,,53662
62991,39,1,2,,53663
62992,39,1,2,,53664
62993,55,,1,,53665
62994,39,3,1,,53666
62995,36,,1,,53667
62996,55,,1,,53668
62997,22,,1,,53669
62998,22,,1,,53670
62999,22,,1,,53671
63000,13,,1,,53672
63001,36,,2,,53673
63002,22,,1,,53674
63003,39,,2,,53675
63004,23,,2,,53676
63005,22,,1,,53677
63006,22,,1,,53678
63007,60,,1,,53679
63008,60,,1,,53680
63009,60,,1,,53681
63010,60,,1,,53682
63011,60,,1,,53683
63012,60,,1,,53684
63013,39,,1,,53685
63014,60,,1,,53686
63015,60,,1,,53687
63016,60,,1,,53688
63017,39,49,1,,53689
63018,39,,1,,53690
63019,39,49,1,,53691
63020,22,,1,,53692
63021,39,,1,,53693
63022,22,,1,,53694
63023,39,47,1,,53695
63024,39,,1,,53696
63025,39,,1,,53697
63026,39,,1,,53698
63027,39,,1,,53699
63028,39,,1,,53700
63029,22,,1,,53701
63030,39,,1,,53702
63031,39,,1,,53703
63032,22,,1,,53704
63033,36,,1,,53705
63034,39,,2,,53706
63035,39,,1,,53707
63036,39,,1,,53708
63037,39,,1,,53709
63038,13,,1,,53710
63039,22,,1,,53711
63040,22,,1,,53712
63041,22,,1,,53713
63042,22,,1,,53714
63043,39,,1,,53715
63044,39,,1,,53716
63045,39,,1,,53717
63046,39,,2,,53718
63047,39,,1,,53719
63048,22,,1,,53720
63049,39,,2,,53721
63050,39,,2,,53722
63051,13,,1,,53723
63052,13,,1,,53724
63053,80,,1,,53725
63054,36,,2,,53726
63055,36,,2,,53727
63056,36,,1,,53728
63057,60,,1,,53729
63058,60,,1,,53730
63059,23,5,1,,53731
63060,23,5,1,,53732
63061,23,5,1,,53733
63062,23,5,1,,53734
63063,39,,1,,53735
63064,36,,1,,53736
63065,36,,2,,53737
63066,36,,2,,53738
63067,39,,1,,53739
63068,22,,1,,53740
63069,36,,2,,53741
63070,36,,2,,53742
63071,36,,2,,53743
63072,36,,1,,53744
63073,39,,1,,53745
63074,39,,1,,53746
63075,22,,1,,53747
63076,22,,1,,53748
63077,13,,1,,53749
63078,22,,1,,53750
63079,39,,1,,53751
63080,39,,1,,53752
63081,39,,1,,53753
63082,39,,1,,53754
63083,36,,1,,53755
63084,60,,1,,53756
63085,39,,1,,53757
63086,39,,1,,53758
63087,39,,1,,53759
63088,39,,1,,53760
63089,39,,1,,53761
63090,39,,1,,53762
63091,39,,1,,53763
63092,39,,1,,53764
63093,22,,1,,53765
63094,39,,1,,53766
63095,39,,1,,53767
63096,39,,1,,53768
63097,39,,1,,53769
63098,11,,1,,53770
63099,39,,1,,53771
63100,39,,1,,53772
63101,39,,1,,53773
63102,39,,1,,53774
63103,39,,1,,53775
63104,39,,1,,53776
63105,59,,6,,53777
63106,22,,1,,53778
63107,22,,1,,53779
63108,13,,1,,53780
63109,39,,1,,53781
63110,39,,1,,53782
63111,39,,1,,53783
63112,39,,1,,53784
63113,22,,1,,53785
63114,39,,1,,53786
63115,39,,1,,53787
63116,39,,1,,53788
63117,39,,1,,53789
63118,39,,1,,53790
63119,39,,1,,53791
63120,22,,1,,53792
63121,22,,1,,53793
63122,39,,1,,53794
63123,39,,1,,53795
63124,39,,1,,53796
63125,39,,1,,53797
63126,39,,1,,53798
63127,76,,1,,53799
63128,39,4,2,,53800
63129,39,4,2,,53801
63130,76,,1,,53802
63131,36,,2,,53803
63132,13,,1,,53804
63133,36,,1,,53805
63134,13,,1,,53806
63135,25,,1,,53807
63136,25,,1,,53808
63137,22,,1,,53809
63138,25,,2,,53810
63139,22,,1,,53811
63140,13,,3,,53812
63141,13,,1,,53813
63142,39,1,1,,53814
63143,39,4,1,,53815
63144,39,4,1,,53816
63145,80,,1,,53817
63146,36,,1,,53818
63147,36,,1,,53819
63148,13,,1,,53820
63149,36,,1,,53821
63150,36,,1,,53822
63151,36,,1,,53823
63152,22,,1,,53824
63153,36,,1,,53825
63154,36,,1,,53826
63155,36,,1,,53827
63156,36,,2,,53828
63157,36,,1,,53829
63158,36,,2,,53830
63159,36,,2,,53831
63160,36,,1,,53832
63161,36,,5,,53833
63162,36,,2,,53834
63163,36,,1,,53835
63164,36,,3,,53836
63165,36,,6,,53837
63166,36,,1,,53838
63167,36,,1,,53839
63168,36,,1,,53840
63169,36,,3,,53841
63170,36,,4,,53842
63171,36,,3,,53843
63172,22,,1,,53844
63173,39,4,2,,53845
63174,39,4,2,,53846
63175,36,,1,,53847
63176,36,,1,,53848
63177,36,,1,,53849
63178,36,,1,,53850
63179,36,,1,,53851
63180,36,,1,,53852
63181,36,,1,,53853
63182,13,,1,,53854
63183,39,,1,,53855
63184,39,,1,,53856
63185,36,,1,,53857
63186,36,,1,,53858
63187,36,,1,,53859
63188,36,,2,,53860
63189,36,,2,,53861
63190,36,,2,,53862
63191,36,,2,,53863
63192,36,,2,,53864
63193,36,,2,,53865
63194,36,,2,,53866
63195,36,,2,,53867
63196,36,,2,,53868
63197,36,,1,,53869
63198,39,,1,,53870
63199,39,,1,,53871
63200,36,,1,,53872
63201,36,,1,,53873
63202,36,,1,,53874
63203,39,1,1,,53875
63204,60,,1,,54024
63205,39,,1,,54025
63206,22,,1,,54026
63207,22,,1,,54027
63208,36,,1,,54028
63209,36,,1,,54029
63210,36,,1,,54030
63211,36,,1,,54031
63212,36,,2,,54032
63213,36,,2,,54033
63214,36,,1,,54034
63215,36,,1,,54035
63216,36,,1,,54036
63217,36,,1,,54037
63218,36,,1,,54038
63219,36,,1,,54039
63220,39,1,1,,54040
63221,39,4,3,,54044
63222,80,,1,,54045
63223,36,,2,,54046
63224,22,,1,,54047
63225,39,49,1,,54048
63226,39,49,1,,54049
63227,36,,1,,54050
63228,36,,1,,54051
63229,36,,1,,54052
63230,36,,1,,54053
63231,36,,1,,54054
63232,36,,1,,54055
63233,36,,2,,54056
63234,36,,1,,54057
63235,39,49,1,,54058
63236,39,49,1,,54059
63237,22,,1,,54060
63238,22,,1,,54061
63239,22,,1,,54062
63240,22,,1,,54063
63241,13,,1,,54064
63242,36,,1,,54065
63243,36,,1,,54066
63244,36,,1,,54067
63245,36,,1,,54068
63246,36,,1,,54069
63247,36,,1,,54070
63248,36,,1,,54071
63249,36,,1,,54072
63250,36,,2,,54073
63251,36,,2,,54074
63252,36,,1,,54075
63253,13,,1,,54076
63254,22,,1,,54077
63255,36,,1,,54078
63256,36,,1,,54079
63257,36,,1,,54080
63258,36,,1,,54081
63259,36,,2,,54082
63260,36,,1,,54083
63261,36,,1,,54084
63262,36,,1,,54085
63263,50,,1,,54086
63264,22,,1,,54087
63265,22,,1,,54088
63266,39,,1,,54089
63267,39,,1,,54090
63268,36,,1,,54091
63269,36,,1,,54092
63270,36,,2,,54093
63271,36,,1,,54094
63272,36,,1,,54095
63273,22,,1,,54096
63274,22,,1,,54097
63275,39,1,1,,54098
63276,39,1,1,,54099
63277,36,,1,,54100
63278,36,,1,,54101
63279,36,,1,,54102
63280,36,,1,,54103
63281,36,,2,,54104
63282,22,,1,,54105
63283,39,,1,,54106
63284,39,,1,,54107
63285,36,,1,,54108
63286,36,,1,,54109
63287,13,,1,,54110
63288,13,,1,,54111
63289,36,,1,,54112
63290,22,,1,,54113
63291,39,,1,,54114
63292,39,1,1,,61237
63293,60,,1,,63367
63294,60,,1,,63546
63295,60,,1,,63782
63296,39,6,1,,63888
63297,23,,1,,63889
63298,36,,1,,63890
63299,36,,1,,63891
63300,36,,1,,63892
63301,36,,1,,63893
63302,55,,1,,63894
63303,36,,1,,63895
63304,36,,1,,63896
63305,36,,1,,63897
63306,36,,1,,63898
63307,39,6,1,,63899
63308,23,,1,,63899
63309,23,,2,,63900
63310,23,,1,,63901
63311,23,,1,,63902
63312,23,,1,,63903
63313,39,6,1,,63903
63314,23,,1,,63904
63315,39,6,1,,63904
63316,39,6,1,,63905
63317,39,6,1,,63906
63318,39,6,1,,63907
63319,39,6,1,,63908
63320,39,6,2,,63909
63321,23,,1,,63909
63322,39,6,1,,63910
63323,39,6,1,,63911
63324,36,,1,,63912
63325,3,,1,,63913
63326,39,6,1,,63914
63327,39,6,1,,63915
63328,23,,2,,63916
63329,23,,1,,63917
63330,60,,1,,63918
63331,39,6,1,,63919
63332,39,6,1,,63920
63333,60,,1,,63921
63334,39,6,1,,63922
63335,60,,1,,63923
63336,39,6,1,,63924
63337,60,,1,,63925
63338,39,6,1,,63926
63339,60,,1,,63927
63340,39,6,1,,63928
63341,60,,1,,63929
63342,39,6,1,,63930
63343,60,,1,,63931
63344,39,6,1,,63932
63345,60,,1,,63933
63346,39,6,1,,63934
63347,39,6,1,,63935
63348,39,6,1,,63936
63349,39,6,1,,63937
63350,39,6,1,,63938
63351,60,,1,,63939
63352,39,6,1,,63940
63353,60,,1,,63941
63354,60,,1,,63942
63355,60,,1,,63943
63356,60,,1,,63944
63357,60,,1,,63945
63358,60,,1,,63946
63359,60,,1,,63947
63360,60,,1,,63948
63361,39,6,1,,63949
63362,39,6,1,,63950
63363,39,6,1,,63951
63364,39,1,2,,63952
63365,36,,1,,63953
63366,39,1,1,,63954
63367,23,5,1,,63954
63368,39,3,1,,63955
63369,39,1,1,,63956
63370,39,1,1,,63957
63371,23,5,2,,63957
63372,39,3,1,,63958
63373,36,,1,,63959
63374,23,,2,,63960
63375,39,6,1,,63961
63376,23,,2,,63962
63377,39,6,1,,63962
63378,23,,1,,63963
63379,60,,1,,63964
63380,39,6,1,,63965
63381,39,6,1,,63966
63382,11,,1,,53469
63383,39,6,1,,63978
63384,39,6,1,,63979
63385,36,,1,,63980
63386,36,,1,,63981
63387,36,,1,,63982
63388,36,,1,,63983
63389,36,,1,,63984
63390,36,,1,,63985
63391,60,,1,,63986
63392,36,,1,,63987
63393,36,,1,,63988
63394,60,,1,,63989
63395,36,,1,,63990
63396,36,,2,,63991
63397,60,,1,,63992
63398,60,,1,,63993
63399,36,,1,,63994
63400,36,,1,,63995
63401,60,,1,,63996
63402,36,,1,,63997
63403,36,,2,,63998
63404,36,,1,,63999
63405,36,,1,,64000
63406,60,,1,,64001
63407,36,,1,,64002
63408,60,,1,,64003
63409,36,,1,,64004
63410,36,,1,,64005
63411,60,,1,,64006
63412,36,,1,,64007
63413,36,,1,,64008
63414,36,,1,,64009
63415,55,,1,,64010
63416,36,,1,,64011
63417,36,,2,,64012
63418,36,,1,,64013
63419,36,,1,,64014
63420,36,,1,,64015
63421,36,,1,,64016
63422,36,,1,,64017
63423,36,,1,,64018
63424,60,,1,,64019
63425,60,,1,,64020
63426,36,,1,,64021
63427,36,,1,,64022
63428,36,,1,,64023
63429,36,,1,,64024
63430,36,,1,,64025
63431,36,,1,,64026
63432,36,,1,,64027
63433,36,,1,,64028
63434,55,,1,,64029
63435,36,,1,,64030
63436,36,,1,,64031
63437,36,,1,,64032
63438,36,,1,,64033
63439,39,6,1,,64034
63440,39,6,1,,64035
63441,11,,1,,64036
63442,11,,1,,64037
63443,11,,1,,64038
63444,11,,1,,64039
63445,11,,1,,64040
63446,11,,1,,64041
63447,11,,1,,64042
63448,11,,1,,64043
63449,11,,1,,64044
63450,11,,1,,64045
63451,11,,1,,64046
63452,11,,1,,64047
63453,11,,1,,64048
63454,11,,1,,64049
63455,11,,1,,64050
63456,11,,1,,64051
63457,11,,1,,64052
63458,11,,1,,64053
63459,11,,1,,64054
63460,11,,1,,64055
63461,11,,1,,64056
63462,11,,1,,64057
63463,11,,1,,64058
63464,39,6,1,,64059
63465,39,6,1,,64060
63466,39,6,1,,64061
63467,39,6,1,,64062
63468,39,6,1,,64063
63469,39,6,1,,64064
63470,39,1,1,,64065
63471,39,1,1,,64066
63472,39,1,1,,64067
63473,60,,1,,64068
63474,60,,1,,64069
63475,60,,1,,64070
63476,36,,1,,64071
63477,36,,1,,64072
63478,36,,1,,64073
63479,60,,1,,64074
63480,60,,1,,64075
63481,60,,1,,64076
63482,39,1,1,,64077
63483,60,,1,,64078
63484,60,,1,,64079
63485,60,,1,,64080
63486,60,,1,,64081
63487,60,,1,,64082
63488,39,1,2,,64083
63489,39,1,2,,64084
63490,39,1,1,,64085
63491,39,1,1,,64086
63492,39,1,1,,64087
63493,60,,1,,64088
63494,39,3,1,,64089
63495,60,,1,,64090
63496,60,,1,,64091
63497,60,,1,,64092
63498,60,,1,,64093
63499,60,,1,,64094
63500,60,,1,,64095
63501,60,,1,,64096
63502,60,,1,,64097
63503,39,,1,,64098
63504,60,,1,,64099
63505,60,,1,,64100
63506,60,,1,,64101
63507,60,,1,,64102
63508,60,,1,,64103
63509,39,1,1,,64104
63510,39,1,1,,64105
63511,39,1,1,,64106
63512,39,1,1,,64107
63513,39,1,1,,64108
63514,60,,1,,64109
63515,39,1,1,,64110
63516,39,1,1,,64111
63517,60,,1,,64112
63518,39,1,1,,64113
63519,39,1,1,,64114
63520,39,1,1,,64115
63521,60,,1,,64116
63522,60,,1,,64117
63523,60,,1,,64118
63524,39,1,2,,64119
63525,39,1,2,,64120
63526,60,,1,,64121
63527,60,,1,,64122
63528,60,,1,,64123
63529,60,,1,,64124
63530,39,3,1,,64125
63531,39,1,1,,64126
63532,39,1,1,,64127
63533,39,1,1,,64128
63534,39,3,1,,64129
63535,39,3,1,,64130
63536,39,3,1,,64131
63537,39,3,1,,64132
63538,39,3,1,,64133
63539,39,3,1,,64134
63540,60,,1,,64135
63541,60,,1,,64136
63542,60,,1,,64137
63543,36,,1,,64138
63544,36,,1,,64139
63545,36,,1,,64140
63546,36,,1,,64141
63547,36,,1,,64142
63548,36,,1,,64143
63549,39,1,1,,64144
63550,60,,1,,64145
63551,60,,1,,64146
63552,39,1,1,,64147
63553,60,,1,,64148
63554,60,,1,,64149
63555,39,3,1,,64150
63556,39,3,1,,64151
63557,60,,1,,64152
63558,39,1,1,,64153
63559,23,7,1,,64153
63560,39,1,1,,64154
63561,60,,1,,64155
63562,60,,1,,64156
63563,60,,1,,64157
63564,60,,1,,64158
63565,39,1,1,,64159
63566,23,7,1,,64159
63567,39,1,1,,64160
63568,23,5,1,,64160
63569,39,1,1,,64161
63570,23,5,1,,64161
63571,60,,1,,64162
63572,60,,1,,64163
63573,60,,1,,64164
63574,39,1,1,,64165
63575,23,7,1,,64165
63576,39,1,1,,64166
63577,39,1,1,,64167
63578,39,3,1,,64168
63579,60,,1,,64169
63580,60,,1,,64170
63581,36,,1,,64171
63582,36,,1,,64172
63583,36,,1,,64173
63584,60,,1,,64174
63585,60,,1,,64175
63586,60,,1,,64176
63587,60,,1,,64177
63588,60,,1,,64178
63589,60,,1,,64179
63590,39,3,1,,64180
63591,39,3,1,,64181
63592,60,,1,,64182
63593,39,3,1,,64183
63594,60,,1,,64184
63595,39,3,1,,64185
63596,39,3,1,,64186
63597,39,3,1,,64187
63598,39,3,1,,64188
63599,60,,1,,64189
63600,60,,1,,64190
63601,60,,1,,64191
63602,39,1,1,,64192
63603,39,1,1,,64193
63604,60,,1,,64194
63605,36,,1,,64195
63606,36,,1,,64196
63607,36,,1,,64197
63608,59,,1,,64198
63609,59,,1,,64199
63610,59,,1,,64200
63611,60,,1,,64201
63612,60,,1,,64202
63613,60,,1,,64203
63614,39,1,1,,64204
63615,60,,1,,64205
63616,60,,1,,64206
63617,39,1,1,,64207
63618,39,1,1,,64208
63619,39,1,1,,64209
63620,60,,1,,64210
63621,60,,1,,64211
63622,60,,1,,64212
63623,60,,1,,64213
63624,60,,1,,64214
63625,60,,1,,64215
63626,39,3,2,,64216
63627,39,3,1,,64217
63628,39,3,1,,64218
63629,39,1,1,,64219
63630,39,1,1,,64220
63631,60,,1,,64221
63632,60,,1,,64222
63633,60,,1,,64223
63634,60,,1,,64224
63635,39,1,1,,64225
63636,39,1,1,,64226
63637,60,,1,,64227
63638,60,,1,,64228
63639,60,,1,,64229
63640,60,,1,,64230
63641,60,,1,,64231
63642,60,,1,,64232
63643,60,,1,,64233
63644,39,1,1,,64234
63645,39,1,1,,64235
63646,39,1,1,,64236
63647,23,5,1,,64236
63648,55,,1,,64237
63649,39,1,1,,64238
63650,39,1,1,,64239
63651,39,1,1,,64240
63652,39,1,1,,64241
63653,39,1,1,,64242
63654,39,3,1,,64243
63655,39,3,1,,64244
63656,39,3,1,,64245
63657,39,1,1,,64246
63658,39,1,1,,64247
63659,39,1,1,,64248
63660,39,1,1,,64249
63661,39,1,1,,64250
63662,60,,1,,64251
63663,39,1,1,,64252
63664,39,1,1,,64253
63665,60,,1,,64254
63666,39,1,3,,64255
63667,39,1,2,,64256
63668,39,1,1,,64257
63669,60,,1,,64258
63670,60,,1,,64259
63671,60,,1,,64260
63672,39,1,1,,64261
63673,39,1,1,,64262
63674,60,,1,,64263
63675,39,3,1,,64264
63676,39,3,1,,64265
63677,39,3,1,,64266
63678,39,3,1,,64267
63679,60,,1,,64268
63680,60,,1,,64269
63681,39,3,1,,64270
63682,60,,1,,64271
63683,60,,1,,64272
63684,39,1,1,,64273
63685,39,1,1,,64274
63686,39,1,1,,64275
63687,39,1,1,,64276
63688,39,1,2,,64277
63689,39,1,2,,64278
63690,60,,1,,64280
63691,60,,1,,64281
63692,60,,1,,64282
63693,60,,1,,64283
63694,60,,1,,64284
63695,60,,1,,64285
63696,60,,1,,64286
63697,60,,1,,64287
63698,36,,1,,64288
63699,36,,1,,64289
63700,36,,1,,64290
63701,36,,1,,64291
63702,36,,1,,64292
63703,36,,1,,64293
63704,39,1,1,,64294
63705,60,,1,,64295
63706,60,,1,,64296
63707,60,,1,,64297
63708,60,,1,,64298
63709,60,,1,,64299
63710,60,,1,,64300
63711,60,,1,,64301
63712,60,,1,,64302
63713,39,3,1,,64303
63714,39,1,1,,64304
63715,60,,1,,64305
63716,60,,1,,64306
63717,39,1,1,,64307
63718,23,7,1,,64307
63719,39,1,1,,64308
63720,23,7,1,,64308
63721,23,7,1,,64309
63722,39,1,2,,64310
63723,39,1,1,,64311
63724,39,1,1,,64312
63725,39,1,1,,64313
63726,23,7,1,,64314
63727,23,7,1,,64315
63728,39,3,3,,64316
63729,39,1,1,,64317
63730,39,1,1,,64318
63731,39,1,1,,64319
63732,39,1,1,,64320
63733,39,1,1,,64321
63734,39,1,1,,64322
63735,39,1,1,,64323
63736,39,1,1,,64324
63737,39,1,2,,64325
63738,39,1,2,,64326
63739,60,,1,,64327
63740,60,,1,,64328
63741,60,,1,,64329
63742,36,,1,,64330
63743,36,,1,,64331
63744,36,,1,,64332
63745,60,,1,,64333
63746,60,,1,,64334
63747,60,,1,,64335
63748,39,1,1,,64336
63749,39,1,1,,64337
63750,39,1,1,,64338
63751,39,1,1,,64339
63752,39,1,1,,64340
63753,39,1,1,,64341
63754,60,,1,,64342
63755,60,,1,,64343
63756,60,,1,,64344
63757,60,,1,,64345
63758,60,,1,,64346
63759,60,,1,,64347
63760,60,,1,,64348
63761,39,1,2,,64349
63762,60,,1,,64350
63763,60,,1,,64351
63764,39,3,2,,64352
63765,39,3,1,,64353
63766,60,,1,,64354
63767,36,,1,,64355
63768,36,,1,,64356
63769,36,,1,,64357
63770,59,,2,,64358
63771,59,,2,,64359
63772,59,,2,,64360
63773,59,,3,,64361
63774,59,,3,,64362
63775,59,,3,,64363
63776,39,3,2,,64364
63777,39,3,2,,64365
63778,39,3,1,,64366
63779,39,1,1,,64367
63780,39,1,1,,64368
63781,39,1,2,,64369
63782,39,1,1,,64370
63783,39,1,2,,64371
63784,39,1,2,,64372
63785,60,,1,,64373
63786,36,,1,,64374
63787,36,,1,,64375
63788,60,,1,,64376
63789,60,,1,,64377
63790,60,,1,,64378
63791,60,,1,,64379
63792,60,,1,,64380
63793,60,,1,,64381
63794,39,1,1,,64382
63795,39,1,1,,64383
63796,39,1,1,,64384
63797,63,,1,,64385
63798,63,,1,,64386
63799,63,,1,,64387
63800,63,,1,,64388
63801,63,,1,,64389
63802,63,,2,,64390
63803,63,,2,,64391
63804,63,,1,,64392
63805,63,,1,,64393
63806,63,,1,,64394
63807,63,,1,,64395
63808,63,,1,,64396
63809,63,,1,,64397
63810,60,,1,,64401
63811,63,,1,,64400
63812,60,,1,,64399
63813,60,,1,,64398
63814,60,,1,,64402
63815,60,,1,,64403
63816,60,,1,,64404
63817,60,,1,,64405
63818,60,,1,,64406
63819,63,,1,,64407
63820,63,,1,,64408
63821,63,,1,,64409
63822,39,1,1,,64410
63823,23,7,1,,64410
63824,23,7,1,,64411
63825,60,,1,,64412
63826,60,,1,,64413
63827,60,,1,,64414
63828,60,,1,,64415
63829,59,,3,,64416
63830,59,,3,,64417
63831,59,,3,,64418
63832,59,,1,,64419
63833,59,,1,,64420
63834,60,,1,,64421
63835,39,1,1,,64422
63836,39,1,1,,64423
63837,39,1,1,,64424
63838,39,3,2,,64425
63839,39,3,2,,64426
63840,39,3,1,,64427
63841,39,3,1,,64428
63842,60,,1,,64429
63843,60,,1,,64430
63844,60,,1,,64431
63845,60,,1,,64432
63846,60,,1,,64433
63847,39,1,1,,64434
63848,39,1,1,,64435
63849,39,1,1,,64436
63850,39,1,1,,64437
63851,39,1,1,,64438
63852,39,1,1,,64439
63853,39,1,1,,64440
63854,39,1,1,,64441
63855,39,1,1,,64442
63856,39,3,1,,64443
63857,39,3,1,,64444
63858,60,,1,,64445
63859,36,,1,,64446
63860,36,,1,,64447
63861,36,,1,,64448
63862,36,,1,,64449
63863,36,,1,,64450
63864,36,,1,,64451
63865,60,,1,,64453
63866,60,,1,,64452
63867,60,,1,,64454
63868,39,,2,,64455
63869,39,1,1,,64456
63870,60,,1,,64457
63871,39,3,1,,64458
63872,39,3,1,,64459
63873,39,3,1,,64460
63874,39,3,1,,64461
63875,60,,1,,64462
63876,60,,1,,64463
63877,39,1,2,,64464
63878,39,1,2,,64465
63879,39,1,1,,64466
63880,60,,1,,64467
63881,39,1,2,,64468
63882,39,1,2,,64469
63883,39,1,2,,64470
63884,39,1,2,,64471
63885,39,1,2,,64472
63886,39,1,2,,64473
63887,39,1,2,,64474
63888,39,1,1,,64475
63889,39,1,1,,64476
63890,39,1,2,,64477
63891,39,1,2,,64478
63892,39,1,2,,64479
63893,39,1,1,,64480
63894,39,1,1,,64481
63895,60,,1,,64482
63896,60,,1,,64483
63897,60,,1,,64484
63898,60,,1,,64485
63899,60,,1,,64486
63900,39,1,1,,64487
63901,39,1,1,,64488
63902,39,1,1,,64489
63903,60,,1,,64490
63904,60,,1,,64491
63905,60,,1,,64492
63906,39,1,1,,64493
63907,23,7,1,,64493
63908,39,1,1,,64494
63909,23,7,1,,64494
63910,39,1,1,,64495
63911,23,7,1,,64495
63912,39,3,1,,64496
63913,39,1,1,,64497
63914,39,1,1,,64498
63915,39,1,1,,64499
63916,39,1,1,,64500
63917,60,,1,,64501
63918,39,3,1,,64502
63919,60,,1,,64503
63920,60,,1,,64504
63921,60,,1,,64505
63922,60,,1,,64506
63923,60,,1,,64507
63924,60,,1,,64508
63925,60,,1,,64509
63926,60,,1,,64510
63927,39,1,1,,64511
63928,39,1,1,,64512
63929,39,1,1,,64513
63930,39,1,2,,64514
63931,39,1,1,,64515
63932,60,,1,,64516
63933,36,,1,,64517
63934,36,,1,,64518
63935,36,,1,,64519
63936,36,,1,,64520
63937,36,,1,,64521
63938,36,,1,,64522
63939,60,,1,,64523
63940,60,,1,,64524
63941,60,,1,,64525
63942,36,,1,,64526
63943,36,,1,,64527
63944,36,,1,,64528
63945,36,,1,,64529
63946,36,,1,,64530
63947,36,,1,,64531
63948,36,,1,,64534
63949,60,,1,,64535
63950,60,,1,,64536
63951,60,,1,,64537
63952,39,1,2,,64538
63953,39,1,2,,64539
63954,39,1,2,,64540
63955,39,3,1,,64541
63956,60,,1,,64542
63957,60,,1,,64543
63958,36,,1,,64544
63959,60,,1,,64545
63960,60,,1,,64546
63961,36,,1,,64547
63962,36,,1,,64548
63963,36,,1,,64549
63964,55,,1,,64550
63965,60,,1,,64551
63966,60,,1,,64552
63967,60,,1,,64553
63968,60,,1,,64554
63969,60,,1,,64555
63970,60,,1,,64556
63971,60,,1,,64557
63972,60,,1,,64558
63973,39,1,1,,64559
63974,39,1,1,,64560
63975,39,1,1,,64561
63976,39,1,2,,64562
63977,39,1,2,,64563
63978,39,1,2,,64564
63979,39,1,2,,64565
63980,39,1,2,,64566
63981,39,1,2,,64567
63982,39,1,1,,64568
63983,39,1,2,,64569
63984,39,1,2,,64570
63985,39,3,1,,64571
63986,39,3,1,,64572
63987,60,,1,,64573
63988,60,,1,,64574
63989,60,,1,,64575
63990,60,,1,,64576
63991,39,1,1,,64577
63992,39,1,1,,64578
63993,60,,1,,64579
63994,39,1,1,,64580
63995,39,1,1,,64581
63996,39,1,1,,64582
63997,39,1,1,,64583
63998,39,1,1,,64584
63999,39,1,1,,64585
64000,39,1,2,,64586
64001,39,1,2,,64587
64002,39,1,1,,64588
64003,60,,1,,64589
64004,60,,1,,64590
64005,60,,1,,64591
64006,36,,1,,64592
64007,36,,1,,64593
64008,36,,1,,64594
64009,36,,1,,64595
64010,36,,1,,64596
64011,36,,1,,64597
64012,39,1,2,,64598
64013,39,1,2,,64599
64014,39,1,1,,64600
64015,39,1,1,,64601
64016,39,1,2,,64602
64017,39,1,1,,64603
64018,39,1,1,,64604
64019,39,1,1,,64605
64020,39,1,1,,64606
64021,39,1,1,,64607
64022,60,,1,,64608
64023,60,,1,,64609
64024,60,,1,,64610
64025,60,,1,,64611
64026,60,,1,,64612
64027,60,,1,,64613
64028,39,1,2,,64614
64029,63,,3,,64615
64030,39,1,1,,64616
64031,39,4,1,,64617
64032,39,4,1,,64618
64033,39,4,1,,64619
64034,60,,1,,64620
64035,60,,1,,64621
64036,60,,1,,64622
64037,39,1,1,,64623
64038,39,1,1,,64624
64039,39,1,1,,64625
64040,39,3,1,,64626
64041,39,3,1,,64627
64042,60,,1,,64628
64043,36,,1,,64629
64044,36,,1,,64630
64045,36,,1,,64631
64046,59,,1,,64632
64047,59,,2,,64633
64048,59,,3,,64634
64049,59,,3,,64635
64050,59,,3,,64636
64051,59,,4,,64637
64052,59,,1,,64638
64053,59,,1,,64639
64054,60,,1,,64640
64055,39,3,1,,64641
64056,39,3,1,,64642
64057,39,3,1,,64643
64058,39,48,1,,64644
64059,39,48,1,,64645
64060,60,,1,,64646
64061,60,,1,,64647
64062,60,,1,,64648
64063,60,,1,,64649
64064,60,,1,,64650
64065,60,,1,,64651
64066,60,,1,,64652
64067,36,,1,,64653
64068,36,,1,,64654
64069,36,,1,,64655
64070,36,,1,,64656
64071,36,,1,,64657
64072,36,,1,,64658
64073,36,,1,,64659
64074,60,,1,,64660
64075,60,,1,,64661
64076,36,,1,,64662
64077,36,,1,,64663
64078,36,,1,,64664
64079,36,,1,,64665
64080,36,,1,,64666
64081,36,,1,,64667
64082,39,1,1,,64668
64083,39,1,1,,64669
64084,60,,1,,64670
64085,39,1,1,,64671
64086,60,,1,,64672
64087,60,,1,,64673
64088,69,,1,,64674
64089,69,,1,,64675
64090,69,,1,,64676
64091,69,,1,,64677
64092,69,,1,,64678
64093,60,,1,,64679
64094,39,49,1,,64680
64095,39,49,1,,64681
64096,39,49,1,,64682
64097,39,49,1,,64683
64098,39,49,1,,64684
64099,60,,1,,64685
64100,39,49,1,,64686
64101,39,49,1,,64687
64102,60,,1,,64688
64103,60,,1,,64689
64104,60,,1,,64690
64105,60,,1,,64691
64106,8,,1,,64692
64107,8,,1,,64693
64108,8,,1,,64694
64109,60,,1,,64695
64110,60,,1,,64697
64111,39,3,1,,64698
64112,39,3,1,,64699
64113,39,3,1,,64700
64114,36,,1,,64701
64115,36,,1,,64702
64116,36,,1,,64703
64117,60,,1,,64704
64118,36,,1,,64705
64119,36,,1,,64706
64120,39,1,1,,64707
64121,39,1,1,,64708
64122,60,,1,,64709
64123,60,,1,,64710
64124,36,,1,,64711
64125,36,,1,,64712
64126,36,,1,,64713
64127,60,,1,,64714
64128,60,,1,,64715
64129,39,1,1,,64716
64130,39,1,1,,64717
64131,60,,1,,64718
64132,39,1,3,,64719
64133,39,1,3,,64720
64134,39,1,2,,64721
64135,60,,1,,64722
64136,60,,1,,64723
64137,60,,1,,64724
64138,39,1,1,,64725
64139,39,1,1,,64726
64140,39,1,2,,64727
64141,39,1,1,,64728
64142,60,,1,,64729
64143,60,,1,,64730
64144,39,1,1,,64731
64145,39,1,1,,64732
64146,60,,1,,64733
64147,39,1,1,,64734
64148,39,1,1,,64735
64149,60,,1,,64736
64150,39,1,1,,64737
64151,39,1,1,,64738
64152,60,,1,,64739
64153,60,,1,,64740
64154,60,,1,,64741
64155,39,3,1,,64742
64156,39,3,1,,64743
64157,39,1,1,,64744
64158,39,1,1,,64745
64159,39,1,1,,64746
64160,39,1,1,,64747
64161,39,1,1,,64748
64162,39,1,1,,64749
64163,39,1,1,moon,64750
64164,39,1,1,,64751
64165,39,1,1,,64752
64166,39,1,1,,64753
64167,69,,1,,64754
64168,69,,1,,64755
64169,60,,1,,64756
64170,69,,1,,64757
64171,60,,1,,64758
64172,60,,1,,64759
64173,36,,1,,64760
64174,36,,1,,64761
64175,36,,1,,64762
64176,36,,1,,64763
64177,36,,1,,64764
64178,36,,1,,64765
64179,39,1,1,,64766
64180,39,1,1,,64279
64181,60,,1,,64532
64182,36,,1,,64533
64183,60,,1,,64696
64184,39,1,3,,64767
64185,39,1,1,,64768
64186,39,1,1,,64769
64187,23,7,1,,64769
64188,39,1,1,,64770
64189,23,7,1,,64770
64190,39,1,1,,64771
64191,39,1,1,,64772
64192,39,1,2,,64773
64193,39,1,1,,64774
64194,60,,1,,64775
64195,60,,1,,64776
64196,60,,1,,64777
64197,39,1,1,,64778
64198,39,1,1,,64779
64199,60,,1,,64780
64200,60,,1,,64781
64201,60,,1,,64782
64202,60,,1,,64783
64203,39,1,1,,64784
64204,39,1,1,,64785
64205,39,1,1,,64786
64206,39,1,1,,64787
64207,39,1,1,,64788
64208,60,,1,,64789
64209,39,1,1,,64790
64210,39,3,1,,64791
64211,60,,1,,64792
64212,60,,1,,64793
64213,60,,1,,64794
64214,60,,1,,64795
64215,60,,1,,64796
64216,39,1,1,,64797
64217,39,1,1,,64798
64218,60,,1,,64799
64219,39,3,1,,64800
64220,39,3,1,,64801
64221,60,,1,,64802
64222,39,3,1,,64803
64223,60,,1,,64804
64224,60,,1,,64805
64225,36,,1,,64806
64226,36,,1,,64807
64227,36,,1,,64808
64228,23,7,1,,64809
64229,23,7,1,,64810
64230,60,,1,,64811
64231,39,1,2,,64812
64232,39,1,3,,64813
64233,39,1,1,,64814
64234,39,1,1,,64815
64235,60,,1,,64816
64236,60,,1,,64817
64237,60,,1,,64818
64238,39,1,1,,64819
64239,60,,1,,64820
64240,39,1,1,,64821
64241,23,5,1,,64821
64242,60,,1,,64822
64243,60,,1,,64823
64244,39,3,2,,64824
64245,39,3,2,,64825
64246,39,3,2,,64826
64247,39,1,1,,64827
64248,39,1,1,,64828
64249,39,1,1,,64829
64250,39,1,1,,64830
64251,39,1,2,,64831
64252,39,1,1,,64832
64253,60,,1,,64833
64254,60,,1,,64834
64255,60,,1,,64835
64256,39,1,1,,64836
64257,60,,1,,64837
64258,60,,1,,64838
64259,39,1,1,,64839
64260,60,,1,,64840
64261,60,,1,,64841
64262,60,,1,,64842
64263,60,,1,,64843
64264,60,,1,,64844
64265,39,1,1,,64845
64266,23,7,1,,64845
64267,39,1,1,,64846
64268,60,,1,,64847
64269,39,1,1,,64848
64270,60,,1,,64849
64271,60,,1,,64850
64272,39,1,1,,64851
64273,39,1,1,,64852
64274,39,1,1,,64853
64275,39,3,1,,64854
64276,60,,1,,64855
64277,60,,1,,64856
64278,39,1,1,,64857
64279,39,1,1,,64858
64280,60,,1,,64859
64281,39,1,1,,64860
64282,60,,1,,64861
64283,39,1,1,,64862
64284,60,,1,,64863
64285,39,3,1,,64864
64286,39,3,1,,64865
64287,60,,1,,64866
64288,39,1,2,,64867
64289,39,1,2,,64868
64290,39,1,2,,64869
64291,39,1,2,,64870
64292,39,1,1,,64871
64293,60,,1,,64872
64294,60,,1,,64873
64295,39,1,1,,64874
64296,60,,1,,64875
64297,60,,1,,64876
64298,39,1,1,,64877
64299,39,1,1,,64878
64300,60,,1,,64879
64301,39,1,1,,64880
64302,39,1,1,,64881
64303,39,1,1,,64882
64304,39,1,1,,64883
64305,60,,1,,64884
64306,60,,1,,64885
64307,60,,1,,64886
64308,60,,1,,64887
64309,60,,1,,64888
64310,60,,1,,64889
64311,60,,1,,64890
64312,60,,1,,64891
64313,39,1,2,,64892
64314,60,,1,,64893
64315,60,,1,,64894
64316,39,1,1,,64895
64317,60,,1,,64896
64318,60,,1,,64897
64319,60,,1,,64898
64320,60,,1,,64899
64321,60,,1,,64900
64322,60,,1,,64901
64323,60,,1,,64902
64324,60,,1,,64903
64325,39,1,1,,64904
64326,39,1,1,,64905
64327,60,,1,,64906
64328,39,1,2,,64907
64329,39,1,2,,64908
64330,39,1,1,,64909
64331,39,1,1,,64910
64332,60,,1,,64911
64333,60,,1,,64912
64334,39,1,1,,64913
64335,60,,1,,64914
64336,60,,1,,64915
64337,39,1,1,,64916
64338,39,1,1,,64917
64339,39,1,1,,64918
64340,39,1,1,,64919
64341,39,1,1,,64920
64342,39,1,1,,64921
64343,39,1,1,,64922
64344,39,1,1,,64923
64345,60,,1,,64924
64346,39,1,1,,64925
64347,39,1,1,,64926
64348,60,,1,,64927
64349,39,1,1,,64928
64350,23,7,1,,64928
64351,39,1,1,,64929
64352,60,,1,,64930
64353,39,1,1,,64931
64354,39,1,1,,64932
64355,60,,1,,64933
64356,39,1,2,,64934
64357,39,1,2,,64935
64358,39,1,1,,64936
64359,23,7,1,,64937
64360,60,,1,,64938
64361,60,,1,,64939
64362,39,1,1,,64940
64363,39,1,1,,64941
64364,60,,1,,64942
64365,39,1,1,,64943
64366,39,1,1,,64944
64367,39,1,1,,64945
64368,39,3,1,,64946
64369,39,3,1,,64947
64370,39,3,1,,64948
64371,39,1,1,,64949
64372,39,1,2,,64950
64373,39,1,2,,64951
64374,11,,1,,64954
64375,11,,1,,64955
64376,11,,1,,64956
64377,11,,1,,64957
64378,11,,1,,64958
64379,11,,1,,64959
64380,11,,1,,64960
64381,11,,1,,64961
64382,11,,1,,64962
64383,11,,1,,64963
64384,11,,1,,64964
64385,11,,1,,64965
64386,11,,1,,64966
64387,11,,1,,64967
64388,11,,1,,64968
64389,11,,1,,64969
64390,11,,1,,64970
64391,11,,1,,64971
64392,11,,1,,64972
64393,11,,1,,64973
64394,11,,1,,64974
64395,11,,1,,64975
64396,11,,1,,64976
64397,11,,1,,64977
64398,11,,1,,64978
64399,11,,1,,64979
64400,11,,1,,64980
64401,11,,1,,64981
64402,11,,1,,64982
64403,11,,1,,64983
64404,11,,1,,64984
64405,11,,1,,64985
64406,11,,1,,64986
64407,11,,1,,64987
64408,11,,1,,64988
64409,11,,1,,64989
64410,11,,1,,64990
64411,11,,1,,64991
64412,11,,1,,64992
64413,11,,1,,64993
64414,11,,1,,64994
64415,11,,1,,64995
64416,11,,1,,64996
64417,11,,1,,64997
64418,11,,1,,64998
64419,11,,1,,64999
64420,11,,1,,65000
64421,11,,1,,65001
64422,11,,1,,65002
64423,11,,1,,65003
64424,11,,1,,65004
64425,11,,1,,65005
64426,11,,1,,65006
64427,11,,1,,65007
64428,11,,1,,65008
64429,11,,1,,65009
64430,11,,1,,65010
64431,11,,1,,65011
64432,11,,1,,65012
64433,11,,1,,65013
64434,11,,1,,65014
64435,11,,1,,65015
64436,11,,1,,65016
64437,11,,1,,65017
64438,11,,1,,65018
64439,11,,1,,65019
64440,11,,1,,65020
64441,11,,1,,65021
64442,11,,1,,65022
64443,11,,1,,65023
64444,11,,1,,65024
64445,11,,1,,65025
64446,11,,1,,65026
64447,11,,1,,65027
64448,11,,1,,65028
64449,11,,1,,65029
64450,11,,1,,65030
64451,11,,1,,65031
64452,11,,1,,65032
64453,11,,1,,65033
64454,11,,1,,65034
64455,11,,1,,65035
64456,11,,1,,65036
64457,11,,1,,65037
64458,11,,1,,65038
64459,11,,1,,65039
64460,11,,1,,65040
64461,11,,1,,65041
64462,11,,1,,65042
64463,11,,1,,65043
64464,11,,1,,65044
64465,11,,1,,65045
64466,11,,1,,65046
64467,11,,1,,65047
64468,11,,1,,65048
64469,11,,1,,65049
64470,11,,1,,65050
64471,11,,1,,65051
64472,11,,1,,65052
64473,11,,1,,65053
64474,11,,1,,65054
64475,11,,1,,65055
64476,11,,1,,65056
64477,11,,1,,65057
64478,11,,1,,65058
64479,11,,1,,65059
64480,11,,1,,65060
64481,11,,1,,65061
64482,11,,1,,65062
64483,11,,1,,65063
64484,11,,1,,65064
64485,11,,1,,65065
64486,11,,1,,65066
64487,11,,1,,65067
64488,11,,1,,65068
64489,11,,1,,65069
64490,11,,1,,65070
64491,11,,1,,65071
64492,11,,1,,65072
64493,11,,1,,65073
64494,11,,1,,65074
64495,11,,1,,65075
64496,11,,1,,65076
64497,11,,1,,65077
64498,11,,1,,65078
64499,11,,1,,65079
64500,11,,1,,65080
64501,11,,1,,65081
64502,11,,1,,65082
64503,11,,1,,65083
64504,11,,1,,65084
64505,11,,1,,65085
64506,11,,1,,64952
64507,11,,1,,64953
64508,11,,1,,65086
64509,11,,1,,65087
64510,11,,1,,65088
64511,11,,1,,65089
64512,11,,1,,65090
64513,11,,1,,65091
64514,11,,1,,65092
64515,11,,1,,65093
64516,11,,1,,65094
64517,11,,1,,65095
64518,11,,1,,65096
64519,11,,1,,65097
64520,11,,1,,65098
64521,11,,1,,65099
64522,11,,1,,65100
64523,11,,1,,65101
64524,11,,1,,65102
64525,11,,1,,65103
64526,11,,1,,65104
64527,11,,1,,65105
64528,11,,1,,65106
64529,11,,1,,65107
64530,11,,1,,65108
64531,11,,1,,65109
64532,11,,1,,65110
64533,11,,1,,65111
64534,11,,1,,65112
64535,11,,1,,65113
64536,11,,1,,65114
64537,11,,1,,65115
64538,11,,1,,65116
64539,11,,1,,65117
64540,11,,1,,65118
64541,11,,1,,65119
64542,11,,1,,65120
64543,11,,1,,65121
64544,11,,1,,65122
64545,11,,1,,65123
64546,11,,1,,65124
64547,11,,1,,65125
64548,11,,1,,65126
64549,11,,1,,65127
64550,11,,1,,65128
64551,11,,1,,65129
64552,11,,1,,65130
64553,11,,1,,65131
64554,11,,1,,65132
64555,11,,1,,65133
64556,11,,1,,65134
64557,11,,1,,65135
64558,11,,1,,65136
64559,11,,1,,65137
64560,11,,1,,65138
64561,11,,1,,65139
64562,11,,1,,65140
64563,11,,1,,65141
64564,11,,1,,65142
64565,11,,1,,65143
64566,11,,1,,65144
64567,11,,1,,65145
64568,11,,1,,65146
64569,11,,1,,65147
64570,11,,1,,65148
64571,11,,1,,65149
64572,11,,1,,65150
64573,11,,1,,65151
64574,11,,1,,65152
64575,11,,1,,65153
64576,11,,1,,65154
64577,11,,1,,65155
64578,11,,1,,65156
64579,11,,1,,65157
64580,11,,1,,65158
64581,11,,1,,65159
64582,11,,1,,65160
64583,11,,1,,65161
64584,11,,1,,65162
64585,11,,1,,65163
64586,11,,1,,65164
64587,11,,1,,65165
64588,11,,1,,65166
64589,11,,1,,65167
64590,11,,1,,65168
64591,11,,1,,65169
64592,11,,1,,65170
64593,11,,1,,65171
64594,11,,1,,65172
64595,11,,1,,65173
64596,11,,1,,65174
64597,11,,1,,65175
64598,11,,1,,65176
64599,11,,1,,65177
64600,11,,1,,65178
64601,11,,1,,65179
64602,11,,1,,65180
64603,11,,1,,65181
64604,11,,1,,65182
64605,11,,1,,65183
64606,11,,1,,65184
64607,11,,1,,65185
64608,11,,1,,65186
64609,11,,1,,65187
64610,11,,1,,65188
64611,11,,1,,65189
64612,11,,1,,65190
64613,11,,1,,65191
64614,11,,1,,65192
64615,11,,1,,65193
64616,11,,1,,65194
64617,11,,1,,65195
64618,11,,1,,65196
64619,11,,1,,65197
64620,11,,1,,65198
64621,11,,1,,65199
64622,11,,1,,65200
64623,11,,1,,65201
64624,11,,1,,65202
64625,11,,1,,65203
64626,11,,1,,65204
64627,11,,1,,65205
64628,11,,1,,65206
64629,11,,1,,65207
64630,11,,1,,65208
64631,11,,1,,65209
64632,11,,1,,65210
64633,11,,1,,65211
64634,11,,1,,65212
64635,11,,1,,65213
64636,11,,1,,65214
64637,11,,1,,65215
64638,11,,1,,65216
64639,11,,1,,65217
64640,11,,1,,65218
64641,11,,1,,65219
64642,11,,1,,65220
64643,11,,1,,65221
64644,11,,1,,65222
64645,11,,1,,65223
64646,11,,1,,65224
64647,11,,1,,65225
64648,11,,1,,65226
64649,11,,1,,65227
64650,11,,1,,65228
64651,11,,1,,65229
64652,11,,1,,65230
64653,11,,1,,65231
64654,11,,1,,65232
64655,11,,1,,65233
64656,11,,1,,65234
64657,11,,1,,65235
64658,11,,1,,65236
64659,11,,1,,65237
64660,11,,1,,65238
64661,11,,1,,65239
64662,11,,1,,65240
64663,11,,1,,65241
64664,11,,1,,65242
64665,11,,1,,65243
64666,11,,1,,65244
64667,11,,1,,65245
64668,11,,1,,65246
64669,11,,1,,65247
64670,11,,1,,65248
64671,11,,1,,65249
64672,11,,1,,65250
64673,11,,1,,65251
64674,11,,1,,65252
64675,11,,1,,65253
64676,11,,1,,65254
64677,11,,1,,65255
64678,11,,1,,65256
64679,11,,1,,65257
64680,11,,1,,65258
64681,11,,1,,65259
64682,11,,1,,65260
64683,11,,1,,65261
64684,11,,1,,65262
64685,11,,1,,65263
64686,11,,1,,65264
64687,11,,1,,65265
64688,11,,1,,65266
64689,11,,1,,65267
64690,11,,1,,65268
64691,11,,1,,65269
64692,11,,1,,65270
64693,11,,1,,65271
64694,11,,1,,65272
64695,11,,1,,65273
64696,11,,1,,65274
64697,11,,1,,65275
64698,11,,1,,65276
64699,11,,1,,65277
64700,11,,1,,65278
64701,11,,1,,65279
64702,11,,1,,65280
64703,11,,1,,65281
64704,11,,1,,65282
64705,11,,1,,65283
64706,11,,1,,65284
64707,11,,1,,65285
64708,11,,1,,65286
64709,11,,1,,65287
64710,11,,1,,65288
64711,11,,1,,65289
64712,11,,1,,65290
64713,11,,1,,65291
64714,11,,1,,65292
64715,11,,1,,65293
64716,11,,1,,65294
64717,11,,1,,65295
64718,11,,1,,65296
64719,11,,1,,65297
64720,11,,1,,65298
64721,11,,1,,65299
64722,11,,1,,65300
64723,11,,1,,65301
64724,11,,1,,65302
64725,11,,1,,65303
64726,11,,1,,65304
64727,11,,1,,65305
64728,11,,1,,65306
64729,11,,1,,65307
64730,11,,1,,65308
64731,11,,1,,65309
64732,11,,1,,65310
64733,11,,1,,65311
64734,11,,1,,65312
64735,11,,1,,65313
64736,11,,1,,65314
64737,11,,1,,65315
64738,11,,1,,65316
64739,11,,1,,65317
64740,11,,1,,65318
64741,11,,1,,65319
64742,11,,1,,65320
64743,11,,1,,65321
64744,11,,1,,65322
64745,11,,1,,65323
64746,11,,1,,65324
64747,11,,1,,65325
64748,11,,1,,65326
64749,11,,1,,65327
64750,11,,1,,65328
64751,11,,1,,65329
64752,11,,1,,65330
64753,11,,1,,65331
64754,11,,1,,65332
64755,11,,1,,65333
64756,11,,1,,65334
64757,11,,1,,65335
64758,11,,1,,65336
64759,11,,1,,65337
64760,11,,1,,65338
64761,11,,1,,65339
64762,11,,1,,65340
64763,11,,1,,65341
64764,11,,1,,65342
64765,11,,1,,65343
64766,11,,1,,65344
64767,11,,1,,65345
64768,11,,1,,65346
64769,11,,1,,65347
64770,11,,1,,65348
64771,11,,1,,65349
64772,11,,1,,65350
64773,11,,1,,65351
64774,11,,1,,65352
64775,11,,1,,65353
64776,11,,1,,65354
64777,11,,1,,65355
64778,11,,1,,65356
64779,11,,1,,65357
64780,11,,1,,65358
64781,11,,1,,65359
64782,11,,1,,65360
64783,11,,1,,65361
64784,11,,1,,65362
64785,11,,1,,65363
64786,11,,1,,65364
64787,11,,1,,65365
64788,11,,1,,65366
64789,11,,1,,65367
64790,11,,1,,65368
64791,11,,1,,65369
64792,11,,1,,65370
64793,11,,1,,65371
64794,11,,1,,65372
64795,11,,1,,65373
64796,11,,1,,65374
64797,11,,1,,65375
64798,11,,1,,65376
64799,11,,1,,65377
64800,11,,1,,65378
64801,11,,1,,65379
64802,11,,1,,65380
64803,11,,1,,65381
64804,11,,1,,65382
64805,11,,1,,65383
64806,11,,1,,65384
64807,11,,1,,65385
64808,11,,1,,65386
64809,11,,1,,65387
64810,11,,1,,65388
64811,11,,1,,65389
64812,11,,1,,65390
64813,11,,1,,65391
64814,11,,1,,65392
64815,11,,1,,65393
64816,11,,1,,65394
64817,11,,1,,65395
64818,11,,1,,65396
64819,11,,1,,65397
64820,11,,1,,65398
64821,11,,1,,65399
64822,11,,1,,65400
64823,11,,1,,65401
64824,11,,1,,65402
64825,11,,1,,65403
64826,11,,1,,65404
64827,11,,1,,65405
64828,11,,1,,65406
64829,11,,1,,65407
64830,11,,1,,65408
64831,11,,1,,65409
64832,11,,1,,65410
64833,11,,1,,65411
64834,11,,1,,65412
64835,11,,1,,65413
64836,11,,1,,65414
64837,11,,1,,65415
64838,11,,1,,65416
64839,11,,1,,65417
64840,11,,1,,65418
64841,11,,1,,65419
64842,11,,1,,65420
64843,11,,1,,65421
64844,11,,1,,65422
64845,11,,1,,65423
64846,11,,1,,65424
64847,11,,1,,65425
64848,11,,1,,65426
64849,11,,1,,65427
64850,11,,1,,65428
64851,11,,1,,65429
64852,11,,1,,65430
64853,11,,1,,65431
64854,11,,1,,65432
64855,11,,1,,65433
64856,11,,1,,65434
64857,11,,1,,65435
64858,11,,1,,65436
64859,11,,1,,65437
64860,11,,1,,65438
64861,11,,1,,65439
64862,11,,1,,65440
64863,11,,1,,65441
64864,11,,1,,65442
64865,11,,1,,65443
64866,11,,1,,65444
64867,11,,1,,65445
64868,11,,1,,65446
64869,11,,1,,65447
64870,11,,1,,65448
64871,11,,1,,65449
64872,11,,1,,65450
64873,11,,1,,65451
64874,11,,1,,65452
64875,11,,1,,65453
64876,11,,1,,65454
64877,11,,1,,65455
64878,11,,1,,65456
64879,11,,1,,65457
64880,11,,1,,65458
64881,11,,1,,65459
64882,11,,1,,65460
64883,11,,1,,65461
64884,11,,1,,65462
64885,11,,1,,65463
64886,11,,1,,65464
64887,11,,1,,65465
64888,11,,1,,65466
64889,11,,1,,65467
64890,11,,1,,65468
64891,11,,1,,65469
64892,11,,1,,65470
64893,11,,1,,65471
64894,11,,1,,65472
64895,11,,1,,65473
64896,11,,1,,65474
64897,11,,1,,65475
64898,11,,1,,65476
64899,11,,1,,65477
64900,11,,1,,65478
64901,11,,1,,65479
64902,11,,1,,65480
64903,11,,1,,65481
64904,11,,1,,65482
64905,11,,1,,65483
64906,11,,1,,65484
64907,11,,1,,65485
64908,11,,1,,65486
64909,11,,1,,65487
64910,11,,1,,65488
64911,11,,1,,65489
64912,11,,1,,65490
64913,11,,1,,65491
64914,11,,1,,65492
64915,11,,1,,65493
64916,11,,1,,65495
64917,11,,1,,65496
64918,11,,1,,65497
64919,11,,1,,65498
64920,11,,1,,65499
64921,11,,1,,65500
64922,11,,1,,65501
64923,11,,1,,65502
64924,11,,1,,65503
64925,11,,1,,65504
64926,11,,1,,65505
64927,11,,1,,65506
64928,11,,1,,65507
64929,11,,1,,65508
64930,11,,1,,65509
64931,11,,1,,65510
64932,11,,1,,65511
64933,11,,1,,65512
64934,11,,1,,65513
64935,11,,1,,65514
64936,11,,1,,65515
64937,11,,1,,65516
64938,11,,1,,65517
64939,11,,1,,65518
64940,11,,1,,65519
64941,11,,1,,65520
64942,11,,1,,65521
64943,11,,1,,65522
64944,11,,1,,65523
64945,11,,1,,65524
64946,11,,1,,65525
64947,11,,1,,65526
64948,11,,1,,65527
64949,11,,1,,65528
64950,11,,1,,65529
64951,11,,1,,65530
64952,11,,1,,65531
64953,11,,1,,65532
64954,11,,1,,65533
64955,11,,1,,65534
64956,11,,1,,65535
64957,11,,1,,65536
64958,11,,1,,65537
64959,11,,1,,65538
64960,11,,1,,65539
64961,11,,1,,65540
64962,11,,1,,65541
64963,11,,1,,65542
64964,11,,1,,65543
64965,11,,1,,65544
64966,11,,1,,65545
64967,11,,1,,65546
64968,11,,1,,65547
64969,11,,1,,65548
64970,11,,1,,65549
64971,11,,1,,65550
64972,11,,1,,65551
64973,11,,1,,65552
64974,11,,1,,65553
64975,11,,1,,65554
64976,11,,1,,65555
64977,11,,1,,65556
64978,11,,1,,65557
64979,11,,1,,65558
64980,11,,1,,65559
64981,11,,1,,65560
64982,11,,1,,65561
64983,11,,1,,65562
64984,11,,1,,65563
64985,11,,1,,65564
64986,11,,1,,65565
64987,11,,1,,65566
64988,11,,1,,65567
64989,11,,1,,65568
64990,11,,1,,65569
64991,11,,1,,65570
64992,11,,1,,65571
64993,11,,1,,65572
64994,11,,1,,65573
64995,11,,1,,65574
64996,11,,1,,65575
64997,11,,1,,65576
64998,11,,1,,65577
64999,11,,1,,65578
65000,11,,1,,65579
65001,11,,1,,65580
65002,11,,1,,65581
65003,11,,1,,65582
65004,11,,1,,65583
65005,11,,1,,65584
65006,11,,1,,65585
65007,11,,1,,65586
65008,11,,1,,65587
65009,11,,1,,65588
65010,11,,1,,65589
65011,11,,1,,65590
65012,11,,1,,65591
65013,11,,1,,65592
65014,11,,1,,65593
65015,11,,1,,65594
65016,11,,1,,65595
65017,11,,1,,65596
65018,11,,1,,65597
65019,11,,1,,65598
65020,11,,1,,65599
65021,11,,1,,65600
65022,11,,1,,65601
65023,11,,1,,65602
65024,11,,1,,65603
65025,11,,1,,65604
65026,11,,1,,65605
65027,11,,1,,65606
65028,11,,1,,65607
65029,11,,1,,65608
65030,11,,1,,65609
65031,11,,1,,65610
65032,11,,1,,65611
65033,11,,1,,65612
65034,11,,1,,65613
65035,11,,1,,65614
65036,11,,1,,65615
65037,11,,1,,65616
65038,11,,1,,65617
65039,11,,1,,65618
65040,11,,1,,65619
65041,11,,1,,65620
65042,11,,1,,65621
65043,11,,1,,65622
65044,11,,1,,65623
65045,11,,1,,65624
65046,11,,1,,65625
65047,39,6,1,,65626
65048,39,6,1,,65627
65049,39,6,1,,65628
65050,60,,1,,65629
65051,39,6,1,,65630
65052,39,6,1,,65631
65053,39,1,1,,65632
65054,39,1,1,,65633
65055,39,1,1,,65634
65056,60,,1,,65635
65057,60,,1,,65636
65058,60,,1,,65637
65059,36,,1,,65638
65060,36,,1,,65639
65061,36,,1,,65640
65062,60,,1,,65641
65063,60,,1,,65642
65064,60,,1,,65643
65065,39,1,1,,65644
65066,60,,1,,65645
65067,60,,1,,65646
65068,60,,1,,65647
65069,60,,1,,65648
65070,60,,1,,65649
65071,39,1,2,,65650
65072,39,1,2,,65651
65073,39,1,1,,65652
65074,39,1,1,,65653
65075,39,1,1,,65654
65076,60,,1,,65655
65077,39,3,1,,65656
65078,60,,1,,65657
65079,60,,1,,65658
65080,55,,1,,65659
65081,60,,1,,65660
65082,60,,1,,65661
65083,60,,1,,65662
65084,60,,1,,65663
65085,60,,1,,65664
65086,69,,1,,65665
65087,69,,1,,65666
65088,60,,1,,65667
65089,60,,1,,65668
65090,60,,1,,65669
65091,60,,1,,65670
65092,39,1,1,,65671
65093,39,1,1,,65672
65094,39,1,1,,65673
65095,39,1,1,,65674
65096,39,1,1,,65675
65097,60,,1,,65676
65098,39,1,1,,65677
65099,39,1,1,,65678
65100,60,,1,,65679
65101,39,1,1,,65680
65102,39,1,1,,65681
65103,39,1,1,,65682
65104,60,,1,,65683
65105,60,,1,,65684
65106,60,,1,,65685
65107,39,1,2,,65686
65108,39,1,2,,65687
65109,39,1,1,,65688
65110,60,,1,,65689
65111,60,,1,,65690
65112,60,,1,,65691
65113,39,3,1,,65692
65114,39,8,1,,65693
65115,39,8,1,,65694
65116,39,8,1,,65695
65117,39,3,1,,65696
65118,39,3,1,,65697
65119,39,3,1,,65698
65120,39,3,1,,65699
65121,39,3,1,,65700
65122,39,3,1,,65701
65123,60,,1,,65702
65124,60,,1,,65703
65125,60,,1,,65704
65126,36,,1,,65705
65127,36,,1,,65706
65128,36,,1,,65707
65129,36,,1,,65708
65130,36,,1,,65709
65131,36,,1,,65710
65132,39,1,1,,65711
65133,60,,1,,65712
65134,60,,1,,65713
65135,39,1,1,,65714
65136,60,,1,,65715
65137,60,,1,,65716
65138,39,3,1,,65717
65139,39,3,1,,65718
65140,60,,1,,65719
65141,39,1,1,,65720
65142,23,5,1,,65720
65143,39,1,1,,65721
65144,60,,1,,65722
65145,60,,1,,65723
65146,60,,1,,65724
65147,60,,1,,65725
65148,39,1,1,,65726
65149,23,5,1,,65726
65150,39,1,1,,65727
65151,23,5,1,,65727
65152,39,1,1,,65728
65153,23,5,1,,65728
65154,60,,1,,65729
65155,60,,1,,65730
65156,60,,1,,65731
65157,39,1,1,,65732
65158,23,7,1,,65732
65159,39,1,1,,65733
65160,39,1,1,,65734
65161,39,3,1,,65735
65162,60,,1,,65736
65163,60,,1,,65737
65164,36,,1,,65738
65165,36,,1,,65739
65166,36,,1,,65740
65167,60,,1,,65741
65168,60,,1,,65742
65169,60,,1,,65743
65170,60,,1,,65744
65171,60,,1,,65745
65172,60,,1,,65746
65173,39,3,1,,65747
65174,39,3,1,,65748
65175,60,,1,,65749
65176,39,3,1,,65750
65177,60,,1,,65751
65178,39,3,1,,65752
65179,39,3,1,,65753
65180,39,3,1,,65754
65181,39,3,1,,65755
65182,60,,1,,65756
65183,60,,1,,65757
65184,60,,1,,65758
65185,39,1,1,,65759
65186,39,1,1,,65760
65187,60,,1,,65761
65188,36,,1,,65762
65189,36,,1,,65763
65190,36,,1,,65764
65191,59,,3,,65765
65192,59,,3,,65766
65193,59,,3,,65767
65194,60,,1,,65768
65195,60,,1,,65769
65196,60,,1,,65770
65197,39,1,1,,65771
65198,60,,1,,65772
65199,60,,1,,65773
65200,39,1,1,,65774
65201,39,1,1,,65775
65202,39,1,1,,65776
65203,60,,1,,65777
65204,60,,1,,65778
65205,60,,1,,65779
65206,60,,1,,65780
65207,60,,1,,65781
65208,60,,1,,65782
65209,39,3,2,,65783
65210,39,3,1,,65784
65211,39,3,1,,65785
65212,39,1,1,,65786
65213,39,1,1,,65787
65214,60,,1,,65788
65215,60,,1,,65789
65216,60,,1,,65790
65217,60,,1,,65791
65218,39,1,1,,65792
65219,39,1,1,,65793
65220,60,,1,,65794
65221,60,,1,,65795
65222,60,,1,,65796
65223,60,,1,,65797
65224,60,,1,,65798
65225,60,,1,,65799
65226,60,,1,,65800
65227,39,1,1,,65801
65228,39,1,1,,65802
65229,39,1,1,,65803
65230,23,5,1,,65803
65231,23,,1,,65804
65232,39,1,1,,65805
65233,39,1,1,,65806
65234,39,1,1,,65807
65235,39,1,1,,65808
65236,39,1,1,,65809
65237,39,3,1,,65810
65238,39,3,1,,65811
65239,39,3,1,,65812
65240,39,1,1,,65813
65241,39,1,1,,65814
65242,39,1,1,,65815
65243,39,1,1,,65816
65244,39,1,1,,65817
65245,60,,1,,65818
65246,39,1,1,,65819
65247,39,1,1,,65820
65248,60,,1,,65821
65249,39,1,3,,65822
65250,39,1,2,,65823
65251,39,1,1,,65824
65252,60,,1,,65825
65253,60,,1,,65826
65254,60,,1,,65827
65255,39,1,1,,65828
65256,39,1,1,,65829
65257,60,,1,,65830
65258,39,3,1,,65831
65259,39,3,1,,65832
65260,39,3,1,,65833
65261,39,3,1,,65834
65262,60,,1,,65835
65263,60,,1,,65836
65264,39,3,1,,65837
65265,60,,1,,65838
65266,60,,1,,65839
65267,39,8,1,,65840
65268,39,8,1,,65841
65269,39,8,1,,65842
65270,39,1,2,,65843
65271,39,1,2,,65844
65272,39,1,2,,65845
65273,39,1,1,,65846
65274,60,,1,,65847
65275,60,,1,,65848
65276,60,,1,,65849
65277,36,,1,,65850
65278,36,,1,,65851
65279,36,,1,,65852
65280,36,,1,,65853
65281,60,,1,,65854
65282,36,,1,,65855
65283,36,,1,,65856
65284,36,,1,,65857
65285,36,,1,,65858
65286,36,,1,,65859
65287,36,,1,,65860
65288,39,1,1,,65861
65289,39,1,1,,65862
65290,60,,1,,65863
65291,60,,1,,65864
65292,60,,1,,65865
65293,60,,1,,65866
65294,60,,1,,65867
65295,60,,1,,65868
65296,60,,1,,65869
65297,39,3,1,,65870
65298,39,3,1,,65871
65299,60,,1,,65872
65300,60,,1,,65873
65301,39,1,1,,65874
65302,23,7,1,,65874
65303,39,1,1,,65875
65304,23,7,1,,65875
65305,23,7,1,,65876
65306,39,1,2,,65877
65307,39,1,2,,65878
65308,39,1,2,,65879
65309,39,1,1,,65880
65310,23,7,1,,65880
65311,39,1,1,,65881
65312,23,7,1,,65881
65313,39,1,1,,65882
65314,23,7,1,,65882
65315,39,3,3,,65883
65316,39,1,1,,65884
65317,39,1,1,,65885
65318,39,1,1,,65886
65319,39,1,1,,65887
65320,39,1,1,,65888
65321,39,1,1,,65889
65322,39,1,1,,65890
65323,39,1,1,,65891
65324,39,1,2,,65892
65325,39,1,2,,65893
65326,60,,1,,65894
65327,60,,1,,65895
65328,60,,1,,65896
65329,36,,1,,65897
65330,36,,1,,65898
65331,36,,1,,65899
65332,60,,1,,65900
65333,60,,1,,65901
65334,60,,1,,65902
65335,39,1,1,,65903
65336,39,1,1,,65904
65337,39,1,1,,65905
65338,39,1,1,,65906
65339,39,1,1,,65907
65340,39,1,1,,65908
65341,60,,1,,65909
65342,60,,1,,65910
65343,60,,1,,65911
65344,60,,1,,65912
65345,60,,1,,65913
65346,60,,1,,65914
65347,60,,1,,65915
65348,39,1,2,,65916
65349,39,1,2,,65917
65350,60,,1,,65918
65351,39,3,2,,65919
65352,39,3,1,,65920
65353,60,,1,,65921
65354,36,,1,,65922
65355,36,,1,,65923
65356,36,,1,,65924
65357,59,,2,,65925
65358,59,,2,,65926
65359,59,,2,,65927
65360,59,,3,,65928
65361,59,,3,,65929
65362,59,,4,,65930
65363,39,3,2,,65931
65364,39,3,2,,65932
65365,39,3,1,,65933
65366,39,1,2,,65934
65367,39,1,2,,65935
65368,39,1,2,,65936
65369,39,1,1,,65937
65370,39,1,2,,65938
65371,39,1,2,,65939
65372,36,,1,,65940
65373,36,,1,,65941
65374,36,,1,,65942
65375,36,,1,,65943
65376,36,,1,,65944
65377,36,,1,,65945
65378,60,,1,,65946
65379,60,,1,,65947
65380,60,,1,,65948
65381,39,1,1,,65949
65382,39,1,1,,65950
65383,39,1,1,,65951
65384,63,,1,,65952
65385,63,,1,,65953
65386,63,,1,,65954
65387,63,,1,,65955
65388,63,,1,,65956
65389,63,,2,,65957
65390,63,,1,,65958
65391,63,,1,,65959
65392,63,,1,,65960
65393,63,,1,,65961
65394,63,,1,,65962
65395,63,,1,,65963
65396,63,,1,,65964
65397,63,,1,,65965
65398,63,,1,,65966
65399,63,,1,,65967
65400,60,,1,,65968
65401,60,,1,,65969
65402,60,,1,,65970
65403,60,,1,,65971
65404,60,,1,,65972
65405,60,,1,,65973
65406,63,,1,,65974
65407,63,,1,,65975
65408,63,,1,,65976
65409,39,1,1,,65977
65410,23,7,1,,65977
65411,23,7,1,,65978
65412,60,,1,,65979
65413,60,,1,,65980
65414,60,,1,,65981
65415,60,,1,,65982
65416,59,,4,,65983
65417,59,,5,,65984
65418,59,,5,,65985
65419,59,,1,,65986
65420,59,,1,,65987
65421,60,,1,,65988
65422,39,1,1,,65989
65423,39,1,1,,65990
65424,39,1,1,,65991
65425,39,3,2,,65992
65426,39,3,2,,65993
65427,39,3,1,,65994
65428,39,3,1,,65995
65429,60,,1,,65996
65430,60,,1,,65998
65431,60,,1,,65997
65432,60,,1,,65999
65433,60,,1,,66000
65434,39,1,1,,66001
65435,39,1,1,,66002
65436,39,1,1,,66003
65437,39,1,1,,66004
65438,39,1,1,,66005
65439,39,1,1,,66006
65440,39,1,1,,66007
65441,39,1,1,,66008
65442,39,1,1,,66009
65443,39,3,1,,66010
65444,39,3,1,,66011
65445,60,,1,,66012
65446,36,,1,,66013
65447,36,,1,,66014
65448,36,,1,,66015
65449,36,,1,,66016
65450,36,,1,,66017
65451,36,,1,,66018
65452,60,,1,,66019
65453,60,,1,,66020
65454,60,,1,,66021
65455,39,1,2,,66022
65456,39,1,1,,66023
65457,60,,1,,66024
65458,39,3,1,,66025
65459,39,3,1,,66026
65460,39,3,1,,66027
65461,39,3,1,,66028
65462,60,,1,,66029
65463,60,,1,,66030
65464,39,1,2,,66031
65465,39,1,2,,66032
65466,39,1,1,,66033
65467,60,,1,,66034
65468,39,1,2,,66035
65469,39,1,2,,66036
65470,39,1,2,,66037
65471,39,1,2,,66038
65472,39,1,2,,66039
65473,39,1,2,,66040
65474,39,1,2,,66041
65475,39,1,1,,66042
65476,39,1,2,,66043
65477,39,1,2,,66044
65478,39,1,2,,66045
65479,39,1,2,,66046
65480,39,1,1,,66047
65481,39,1,1,,66048
65482,60,,1,,66049
65483,60,,1,,66050
65484,60,,1,,66051
65485,60,,1,,66052
65486,60,,1,,66053
65487,39,1,1,,66054
65488,39,1,1,,66055
65489,39,1,1,,66056
65490,60,,1,,66057
65491,60,,1,,66058
65492,60,,1,,66059
65493,39,1,1,,66060
65494,23,7,1,,66060
65495,39,1,1,,66061
65496,23,7,1,,66061
65497,39,1,1,,66062
65498,23,7,1,,66062
65499,39,3,1,,66063
65500,60,,1,,66064
65501,60,,1,,66065
65502,39,1,1,,66066
65503,39,1,1,,66067
65504,60,,1,,66068
65505,39,3,1,,66069
65506,60,,1,,66070
65507,60,,1,,66071
65508,60,,1,,66072
65509,60,,1,,66073
65510,60,,1,,66074
65511,60,,1,,66075
65512,60,,1,,66076
65513,60,,1,,66077
65514,39,1,1,,66078
65515,39,1,1,,66079
65516,39,1,1,,66080
65517,39,1,2,,66081
65518,39,1,1,,66082
65519,60,,1,,66083
65520,36,,1,,66084
65521,36,,1,,66085
65522,36,,1,,66086
65523,36,,1,,66087
65524,36,,1,,66088
65525,36,,1,,66089
65526,60,,1,,66090
65527,60,,1,,66091
65528,60,,1,,66092
65529,36,,1,,66093
65530,36,,1,,66094
65531,36,,1,,66095
65532,36,,1,,66096
65533,36,,1,,66097
65534,36,,1,,66098
65535,60,,1,,66099
65536,36,,1,,66100
65537,36,,1,,66101
65538,60,,1,,66102
65539,60,,1,,66103
65540,60,,1,,66104
65541,39,1,2,,66105
65542,39,1,2,,66106
65543,39,1,2,,66107
65544,39,3,1,,66108
65545,60,,1,,66109
65546,60,,1,,66110
65547,60,,1,,66111
65548,60,,1,,66112
65549,60,,1,,66113
65550,36,,1,,66114
65551,36,,1,,66115
65552,36,,1,,66116
65553,69,,1,,66117
65554,60,,1,,66118
65555,60,,1,,66119
65556,60,,1,,66120
65557,60,,1,,66121
65558,60,,1,,66122
65559,60,,1,,66123
65560,60,,1,,66124
65561,60,,1,,66125
65562,39,1,1,,66126
65563,39,1,1,,66127
65564,39,1,1,,66128
65565,39,1,2,,66129
65566,39,1,2,,66130
65567,39,1,2,,66131
65568,39,1,2,,66132
65569,39,1,2,,66133
65570,39,1,2,,66134
65571,39,1,1,,66135
65572,39,1,2,,66136
65573,39,1,2,,66137
65574,39,3,1,,66138
65575,39,3,1,,66139
65576,60,,1,,66140
65577,60,,1,,66141
65578,60,,1,,66142
65579,60,,1,,66143
65580,39,1,1,,66144
65581,39,1,1,,66145
65582,60,,1,,66146
65583,39,1,1,,66147
65584,39,1,1,,66148
65585,39,1,1,,66149
65586,39,1,1,,66150
65587,39,1,1,,66151
65588,39,1,1,,66152
65589,39,,2,,66153
65590,39,1,2,,66154
65591,39,1,1,,66155
65592,60,,1,,66156
65593,60,,1,,66157
65594,60,,1,,66158
65595,36,,1,,66159
65596,36,,1,,66160
65597,36,,1,,66161
65598,36,,1,,66162
65599,36,,1,,66163
65600,36,,1,,66164
65601,39,1,3,,66165
65602,39,1,2,,66166
65603,39,1,1,,66167
65604,39,1,1,,66168
65605,39,1,2,,66169
65606,39,1,1,,66170
65607,39,1,1,,66171
65608,39,1,1,,66172
65609,39,1,1,,66173
65610,39,1,1,,66174
65611,60,,1,,66175
65612,60,,1,,66176
65613,60,,1,,66177
65614,60,,1,,66178
65615,60,,1,,66179
65616,60,,1,,66180
65617,39,1,3,,66181
65618,39,1,3,,66182
65619,39,1,1,,66183
65620,39,4,1,,66184
65621,39,4,1,,66185
65622,39,4,1,,66186
65623,60,,1,,66187
65624,60,,1,,66188
65625,60,,1,,66189
65626,39,1,1,,66190
65627,39,1,1,,66191
65628,39,1,1,,66192
65629,39,3,1,,66193
65630,39,3,1,,66194
65631,60,,1,,66195
65632,36,,1,,66196
65633,36,,1,,66197
65634,36,,1,,66198
65635,59,,4,,66199
65636,59,,3,,66200
65637,59,,3,,66201
65638,59,,3,,66202
65639,59,1,3,,66203
65640,59,1,3,,66204
65641,59,,1,,66205
65642,59,,1,,66206
65643,60,,1,,66207
65644,39,3,1,,66208
65645,39,3,1,,66209
65646,39,3,1,,66210
65647,39,48,1,,66211
65648,39,48,1,,66212
65649,60,,1,,66213
65650,60,,1,,66214
65651,60,,1,,66215
65652,60,,1,,66216
65653,60,,1,,66217
65654,60,,1,,66218
65655,60,,1,,66219
65656,36,,1,,66220
65657,36,,1,,66221
65658,36,,1,,66222
65659,36,,1,,66223
65660,36,,1,,66224
65661,36,,1,,66225
65662,36,,1,,66226
65663,60,,1,,66227
65664,60,,1,,66228
65665,36,,1,,66229
65666,36,,1,,66230
65667,36,,2,,66231
65668,36,,1,,66232
65669,36,,1,,66233
65670,36,,1,,66234
65671,39,1,1,,66235
65672,39,1,1,,66236
65673,60,,1,,66237
65674,39,1,1,,66238
65675,60,,1,,66239
65676,60,,1,,66240
65677,69,,1,,66241
65678,69,,1,,66242
65679,69,,1,,66243
65680,69,,1,,66244
65681,69,,1,,66245
65682,60,,1,,66246
65683,39,48,1,,66247
65684,39,48,1,,66248
65685,39,48,1,,66249
65686,39,48,1,,66250
65687,39,48,1,,66251
65688,60,,1,,66252
65689,39,48,1,,66253
65690,39,48,1,,66254
65691,60,,1,,66255
65692,60,,1,,66256
65693,60,,1,,66257
65694,60,,1,,66258
65695,8,,1,,66259
65696,8,,1,,66260
65697,8,,1,,66261
65698,60,,1,,66262
65699,60,,1,,66263
65700,60,,1,,66264
65701,39,3,1,,66265
65702,39,3,1,,66266
65703,39,3,1,,66267
65704,36,,1,,66268
65705,36,,1,,66269
65706,36,,1,,66270
65707,60,,1,,66271
65708,36,,1,,66272
65709,36,,1,,66273
65710,39,1,1,,66274
65711,39,1,1,,66275
65712,60,,1,,66276
65713,36,,1,,66277
65714,36,,1,,66278
65715,36,,1,,66279
65716,36,,1,,66280
65717,60,,1,,66281
65718,60,,1,,66282
65719,39,1,1,,66283
65720,39,1,1,,66284
65721,60,,1,,66285
65722,39,1,3,,66286
65723,39,1,3,,66287
65724,39,1,3,,66288
65725,60,,1,,66289
65726,60,,1,,66290
65727,60,,1,,66291
65728,39,1,1,,66292
65729,39,1,1,,66293
65730,39,1,2,,66294
65731,39,1,1,,66295
65732,39,1,1,,66296
65733,60,,1,,66297
65734,39,1,1,,66298
65735,39,1,1,,66299
65736,60,,1,,66300
65737,39,1,1,,66301
65738,39,1,1,,66302
65739,60,,1,,66303
65740,39,1,1,,66304
65741,39,1,1,,66305
65742,60,,1,,66306
65743,39,1,1,,66307
65744,60,,1,,66308
65745,39,3,1,,66309
65746,39,3,1,,66310
65747,39,1,1,,66311
65748,39,1,1,,66312
65749,39,1,1,,66313
65750,39,1,1,,66314
65751,39,1,1,,66315
65752,39,1,1,,66316
65753,39,1,2,,66317
65754,39,1,2,,66318
65755,39,1,1,,66319
65756,39,1,1,,66320
65757,69,,1,,66321
65758,69,,1,,66322
65759,60,,1,,66323
65760,69,,1,,66324
65761,60,,1,,66325
65762,60,,1,,66326
65763,36,,1,,66327
65764,36,,1,,66328
65765,36,,1,,66329
65766,36,,1,,66330
65767,36,,1,,66331
65768,36,,1,,66332
65769,39,1,1,,66333
65770,39,1,3,,66334
65771,39,1,3,,66335
65772,39,1,1,,66336
65773,23,7,1,,66336
65774,39,1,1,,66337
65775,23,7,1,,66337
65776,39,1,1,,66338
65777,39,1,1,,66339
65778,39,1,2,,66340
65779,39,1,1,,66341
65780,60,,1,,66342
65781,60,,1,,66343
65782,60,,1,,66344
65783,39,1,1,,66345
65784,39,1,1,,66346
65785,60,,1,,66347
65786,60,,1,,66348
65787,60,,1,,66349
65788,60,,1,,66350
65789,39,1,1,,66351
65790,39,1,1,,66352
65791,39,1,1,,66353
65792,39,1,1,,66354
65793,39,1,1,,66355
65794,60,,1,,66356
65795,39,1,1,,66357
65796,39,3,1,,66358
65797,60,,1,,66359
65798,60,,1,,66360
65799,60,,1,,66361
65800,60,,1,,66362
65801,60,,1,,66363
65802,39,1,1,,66364
65803,39,1,1,,66365
65804,60,,1,,66366
65805,39,3,1,,66367
65806,39,3,1,,66368
65807,60,,1,,66369
65808,39,3,1,,66370
65809,60,,1,,66371
65810,60,,1,,66372
65811,36,,1,,66373
65812,36,,1,,66374
65813,36,,1,,66375
65814,23,7,1,,66376
65815,23,7,1,,66377
65816,60,,1,,66378
65817,39,1,3,,66379
65818,39,1,3,,66380
65819,39,1,1,,66381
65820,39,1,1,,66382
65821,60,,1,,66383
65822,60,,1,,66384
65823,60,,1,,66385
65824,39,1,1,,66386
65825,60,,1,,66387
65826,39,1,1,,66388
65827,23,5,1,,66388
65828,60,,1,,66389
65829,60,,1,,66390
65830,39,3,2,,66391
65831,39,3,2,,66392
65832,39,3,2,,66393
65833,39,1,1,,66394
65834,39,1,1,,66395
65835,39,1,1,,66396
65836,39,1,1,,66397
65837,39,1,2,,66398
65838,39,1,2,,66399
65839,60,,1,,66400
65840,60,,1,,66401
65841,60,,1,,66402
65842,39,1,1,,66403
65843,60,1,1,,66404
65844,60,,1,,66405
65845,39,1,1,,66406
65846,60,,1,,66407
65847,60,,1,,66408
65848,60,,1,,66409
65849,60,,1,,66410
65850,60,,1,,66411
65851,39,1,1,,66412
65852,23,7,1,,66412
65853,39,1,1,,66413
65854,60,,1,,66414
65855,39,1,1,,66415
65856,60,,1,,66416
65857,60,,1,,66417
65858,39,1,1,,66418
65859,39,1,1,,66419
65860,39,1,1,,66420
65861,39,3,1,,66421
65862,60,,1,,66422
65863,60,,1,,66423
65864,39,1,1,,66424
65865,39,1,1,,66425
65866,60,,1,,66426
65867,39,1,1,,66427
65868,60,,1,,66428
65869,39,1,1,,66429
65870,60,,1,,66430
65871,39,3,1,,66431
65872,39,3,1,,66432
65873,60,,1,,66433
65874,39,1,2,,66434
65875,39,1,2,,66435
65876,39,1,2,,66436
65877,39,1,2,,66437
65878,39,1,1,,66438
65879,60,,1,,66439
65880,60,,1,,66440
65881,39,1,1,,66441
65882,60,,1,,66442
65883,60,,1,,66443
65884,39,1,1,,66444
65885,39,1,1,,66445
65886,60,,1,,66446
65887,39,1,1,,66447
65888,39,1,1,,66448
65889,39,1,1,,66449
65890,39,1,1,,66450
65891,60,,1,,66451
65892,60,,1,,66452
65893,60,,1,,66453
65894,60,,1,,66454
65895,60,,1,,66455
65896,60,,1,,66456
65897,60,,1,,66457
65898,60,,1,,66458
65899,39,1,2,,66459
65900,60,,1,,66460
65901,60,,1,,66461
65902,39,1,1,,66462
65903,60,,1,,66463
65904,60,,1,,66464
65905,60,,1,,66465
65906,60,,1,,66466
65907,60,,1,,66467
65908,60,,1,,66468
65909,60,,1,,66469
65910,60,,1,,66470
65911,39,1,1,,66471
65912,39,1,1,,66472
65913,60,,1,,66473
65914,39,1,2,,66474
65915,39,1,2,,66475
65916,39,1,1,,66476
65917,39,1,1,,66477
65918,60,,1,,66478
65919,60,,1,,66479
65920,39,1,1,,66480
65921,60,,1,,66481
65922,60,,1,,66482
65923,39,1,1,,66483
65924,39,1,1,,66484
65925,39,1,1,,66485
65926,39,1,1,,66486
65927,39,1,1,,66487
65928,39,1,1,,66488
65929,39,1,1,,66489
65930,39,1,1,,66490
65931,60,,1,,66491
65932,39,1,1,,66492
65933,39,1,1,,66493
65934,60,,1,,66494
65935,39,1,1,,66495
65936,23,7,1,,66495
65937,39,1,1,,66496
65938,23,7,1,,66496
65939,60,,1,,66497
65940,39,1,1,,66498
65941,39,1,1,,66499
65942,60,,1,,66500
65943,39,1,2,,66501
65944,39,1,2,,66502
65945,39,1,1,,66503
65946,23,5,1,,66504
65947,60,,1,,66505
65948,60,,1,,66506
65949,39,1,1,,66507
65950,39,1,1,,66508
65951,60,,1,,66509
65952,39,1,1,,66510
65953,39,1,1,,66511
65954,39,1,1,,66512
65955,39,3,1,,66513
65956,39,3,1,,66514
65957,39,3,1,,66515
65958,39,1,1,,66516
65959,39,1,2,,66517
65960,39,1,2,,66518
65961,39,1,1,,66519
65962,39,1,1,,66520
65963,39,1,3,,66521
65964,60,,1,,66522
65965,39,1,1,,66523
65966,60,,1,,66524
65967,39,1,1,,66525
65968,39,1,1,,66526
65969,39,1,1,,66527
65970,39,1,1,,66528
65971,60,,1,,66529
65972,60,,1,,66530
65973,39,1,2,,66531
65974,39,1,2,,66532
65975,39,1,2,,66533
65976,60,,1,,66534
65977,60,,1,,66535
65978,60,,1,,66536
65979,39,3,1,,66537
65980,60,,1,,66538
65981,60,,1,,66539
65982,39,1,1,,66540
65983,39,1,1,,66541
65984,39,1,1,,66542
65985,39,1,1,,66543
65986,39,1,1,,66544
65987,60,,1,,66545
65988,39,1,1,,66546
65989,39,1,1,,66547
65990,39,1,1,,66548
65991,39,1,1,,66549
65992,39,1,1,,66550
65993,60,,1,,66551
65994,39,1,1,,66552
65995,39,1,1,,66553
65996,60,,1,,66554
65997,39,1,2,,66555
65998,39,1,2,,66556
65999,39,1,2,,66557
66000,39,1,2,,66558
66001,39,1,2,,66559
66002,39,1,2,,66560
66003,39,1,1,,66561
66004,39,1,2,,66562
66005,39,1,2,,66563
66006,39,1,2,,66564
66007,39,1,1,,66565
66008,60,,1,,66566
66009,60,,1,,66567
66010,60,,1,,66568
66011,60,,1,,66569
66012,63,,1,,66570
66013,63,,1,,66571
66014,63,,1,,66572
66015,63,,1,,66573
66016,63,,1,,66574
66017,63,,1,,66575
66018,60,,1,,66576
66019,60,,1,,66577
66020,60,,1,,66578
66021,63,,1,,66579
66022,63,,1,,66580
66023,63,,1,,66581
66024,63,,1,,66582
66025,63,,1,,66583
66026,63,,1,,66584
66027,60,,1,,66585
66028,60,,1,,66586
66029,60,,1,,66587
66030,63,,1,,66588
66031,63,,1,,66589
66032,63,,1,,66590
66033,39,3,1,,66591
66034,60,,1,,66592
66035,60,,1,,66593
66036,39,3,1,,66594
66037,39,3,1,,66595
66038,60,,1,,66596
66039,39,1,3,,66597
66040,39,1,4,,66598
66041,39,1,2,,66599
66042,39,1,1,,66600
66043,60,,1,,66601
66044,60,,1,,66602
66045,39,1,1,,66603
66046,60,,1,,66604
66047,60,,1,,66605
66048,39,1,1,,66606
66049,39,1,1,,66607
66050,60,,1,,66608
66051,36,,1,,66609
66052,36,,1,,66610
66053,36,,1,,66611
66054,36,,1,,66612
66055,36,,1,,66613
66056,36,,1,,66614
66057,60,,1,,66615
66058,60,,1,,66616
66059,60,,1,,66617
66060,60,,1,,66618
66061,60,,1,,66619
66062,60,,1,,66620
66063,60,,1,,66621
66064,60,,1,,66622
66065,60,,1,,66623
66066,36,,1,,66624
66067,36,,1,,66625
66068,36,,1,,66626
66069,36,,1,,66627
66070,36,,1,,66628
66071,36,,1,,66629
66072,36,,1,,66630
66073,36,,1,,66631
66074,36,,1,,66632
66075,36,,1,,66633
66076,36,,1,,66634
66077,60,,1,,66635
66078,39,1,1,,66636
66079,60,,1,,66637
66080,60,,1,,66638
66081,39,1,1,,66639
66082,39,1,1,,66640
66083,39,1,1,,66641
66084,23,5,1,,66642
66085,23,5,1,,66643
66086,23,5,2,,66644
66087,39,1,1,,66645
66088,23,5,1,,66645
66089,39,1,1,,66646
66090,23,5,1,,66646
66091,39,1,1,,66647
66092,23,5,1,,66647
66093,60,,1,,66648
66094,60,,1,,66649
66095,60,,1,,66650
66096,39,1,1,,66651
66097,60,,1,,66652
66098,60,,1,,66653
66099,39,1,1,,66654
66100,60,,1,,66655
66101,60,,1,,66656
66102,60,,1,,66657
66103,60,,1,,66658
66104,60,,1,,66659
66105,39,1,1,,66660
66106,60,,1,,66661
66107,60,,1,,66662
66108,39,1,1,,66663
66109,39,1,1,,66664
66110,39,1,1,,66665
66111,39,1,1,,66666
66112,60,,1,,66667
66113,60,,1,,66668
66114,39,3,1,,66669
66115,60,,1,,66670
66116,60,,1,,66671
66117,60,,1,,66672
66118,60,,1,,66673
66119,60,,1,,66674
66120,39,1,1,,66675
66121,39,1,1,,66676
66122,39,1,1,,66677
66123,39,1,1,,66678
66124,39,1,1,,66679
66125,39,1,1,,66680
66126,60,,1,,66681
66127,60,,1,,66682
66128,60,,1,,66683
66129,60,,1,,66684
66130,60,,1,,66685
66131,60,,1,,66686
66132,39,1,1,,66687
66133,39,1,1,,66688
66134,39,1,1,,66689
66135,39,1,1,,66690
66136,39,1,1,,66691
66137,60,,1,,66692
66138,39,3,1,,66693
66139,39,1,1,,66694
66140,39,1,1,,66695
66141,60,,1,,66696
66142,39,3,1,,66697
66143,39,3,1,,66698
66144,60,,1,,66699
66145,39,1,1,,66700
66146,39,1,2,,66701
66147,39,1,1,,66702
66148,60,,1,,66703
66149,39,1,1,,66704
66150,60,,1,,66705
66151,60,,1,,66706
66152,60,,1,,66707
66153,39,1,1,,66708
66154,39,1,1,,66709
66155,39,1,1,,66710
66156,39,3,1,,66711
66157,60,,1,,66712
66158,60,,1,,66713
66159,39,3,1,,66714
66160,60,,1,,66715
66161,39,3,1,,66716
66162,60,,1,,66717
66163,60,,1,,66718
66164,60,,1,,66719
66165,60,,1,,66720
66166,60,,1,,66721
66167,60,,1,,66722
66168,60,,1,,66723
66169,60,,1,,66724
66170,60,,1,,66725
66171,39,1,1,,66726
66172,60,,1,,66727
66173,60,,1,,66728
66174,39,1,1,,66729
66175,39,1,1,,66730
66176,39,1,1,,66731
66177,39,1,2,,66732
66178,60,,1,,66733
66179,60,,1,,66734
66180,39,1,1,,66735
66181,39,1,1,,66736
66182,60,,1,,66737
66183,39,3,1,,66738
66184,39,1,1,,66739
66185,39,1,1,,66740
66186,39,1,1,,66741
66187,60,,1,,66742
66188,60,,1,,66743
66189,60,,1,,66744
66190,39,1,1,,66745
66191,60,,1,,66746
66192,60,,1,,66747
66193,39,8,1,,66748
66194,39,3,1,,66749
66195,60,,1,,66750
66196,60,,1,,66751
66197,60,,1,,66752
66198,39,3,1,,66753
66199,60,,1,,66754
66200,60,,1,,66755
66201,39,1,1,,66756
66202,60,,1,,66757
66203,60,,1,,66758
66204,39,1,1,,66759
66205,60,,1,,66760
66206,60,,1,,66761
66207,39,1,1,,66762
66208,39,1,1,,66763
66209,39,1,2,,66764
66210,39,1,1,,66765
66211,39,1,1,,66766
66212,39,1,1,,66767
66213,60,,1,,66768
66214,60,,1,,66769
66215,60,,1,,66770
66216,60,,1,,66771
66217,60,,1,,66772
66218,60,,1,,66773
66219,39,1,1,,66774
66220,60,,1,,66775
66221,60,,1,,66776
66222,60,,1,,66777
66223,60,,1,,66778
66224,60,,1,,66779
66225,39,3,1,,66780
66226,60,,1,,66781
66227,60,,1,,66782
66228,69,,1,,66783
66229,69,,1,,66784
66230,69,,1,,66785
66231,69,,1,,66786
66232,69,,1,,66787
66233,69,,1,,66788
66234,39,1,1,,66789
66235,39,1,1,,66790
66236,39,1,1,,66791
66237,39,1,1,,66792
66238,39,1,1,,66793
66239,39,1,1,,66794
66240,39,1,2,,66795
66241,39,1,2,,66796
66242,39,1,1,,66797
66243,39,1,1,,66798
66244,39,1,1,,66799
66245,60,,1,,66800
66246,39,1,1,,66801
66247,39,1,1,,66802
66248,39,1,1,,66803
66249,39,1,1,,66804
66250,60,,1,,66805
66251,60,,1,,66806
66252,60,,1,,66807
66253,60,,1,,66808
66254,60,,1,,66809
66255,60,,1,,66810
66256,60,,1,,66811
66257,60,,1,,66812
66258,60,,1,,66813
66259,60,,1,,66814
66260,60,,1,,66815
66261,39,1,1,,66816
66262,60,,1,,66817
66263,60,,1,,66818
66264,60,,1,,66819
66265,60,,1,,66820
66266,60,,1,,66821
66267,60,,1,,66822
66268,60,,1,,66823
66269,60,,1,,66824
66270,60,,1,,66825
66271,60,,1,,66826
66272,60,,1,,66827
66273,60,,1,,66828
66274,60,,1,,66829
66275,60,,1,,66830
66276,39,1,1,,66831
66277,60,,1,,66832
66278,60,,1,,66833
66279,60,,1,,66834
66280,60,,1,,66835
66281,60,,1,,66836
66282,60,,1,,66837
66283,60,,1,,66838
66284,60,,1,,66839
66285,39,1,2,,66840
66286,39,1,1,,66841
66287,60,,1,,66842
66288,60,,1,,66843
66289,60,,1,,66844
66290,60,,1,,66845
66291,60,,1,,66846
66292,60,,1,,66847
66293,60,,1,,66848
66294,39,1,1,,66849
66295,39,1,1,,66850
66296,39,1,1,,66851
66297,39,1,1,,66852
66298,39,1,1,,66853
66299,60,,1,,66854
66300,60,,1,,66855
66301,60,,1,,66856
66302,60,,1,,66857
66303,60,,1,,66858
66304,60,,1,,66859
66305,60,,1,,66860
66306,60,,1,,66861
66307,60,,1,,66862
66308,60,,1,,66863
66309,60,,1,,66864
66310,60,,1,,66865
66311,60,,1,,66866
66312,60,,1,,66867
66313,60,,1,,66868
66314,60,,1,,66869
66315,39,1,1,,66870
66316,60,,1,,66871
66317,60,,1,,66872
66318,39,1,1,,66873
66319,39,1,1,,66874
66320,60,,1,,66875
66321,39,1,1,,66876
66322,39,1,1,,66877
66323,60,,1,,66878
66324,60,,1,,66879
66325,60,,1,,66880
66326,60,,1,,66881
66327,60,,1,,66882
66328,39,1,1,,66883
66329,39,1,1,,66884
66330,39,1,1,,66885
66331,60,,1,,66886
66332,39,1,1,,66887
66333,39,1,1,,66888
66334,39,1,1,,66889
66335,60,,1,,66890
66336,39,1,1,,66891
66337,39,1,1,,66892
66338,60,,1,,66893
66339,39,1,1,,66894
66340,39,1,1,,66895
66341,60,,1,,66896
66342,39,1,1,,66897
66343,60,,1,,66898
66344,60,,1,,66899
66345,39,1,1,,66900
66346,39,1,1,,66901
66347,60,,1,,66902
66348,60,,1,,66903
66349,60,,1,,66904
66350,60,,1,,66905
66351,39,1,2,,66906
66352,39,1,1,,66907
66353,39,1,1,,66908
66354,39,1,2,,66909
66355,39,1,2,,66910
66356,39,1,1,,66911
66357,60,,1,,66912
66358,60,,1,,66913
66359,39,1,1,,66914
66360,60,,1,,66915
66361,60,,1,,66916
66362,60,,1,,66917
66363,39,1,1,,66918
66364,39,1,1,,66919
66365,39,1,1,,66920
66366,39,1,1,,66921
66367,39,1,1,,66922
66368,60,1,1,,66923
66369,39,1,1,,66924
66370,60,,1,,66925
66371,60,,1,,66926
66372,39,1,2,,66927
66373,39,1,1,,66928
66374,60,,1,,66929
66375,60,,1,,66930
66376,60,,1,,66931
66377,60,,1,,66932
66378,39,1,3,,66933
66379,39,1,1,,66934
66380,60,,1,,66935
66381,60,,1,,66936
66382,39,1,1,,66937
66383,39,1,1,,66938
66384,39,1,1,,66939
66385,39,1,2,,66940
66386,39,1,1,,66941
66387,60,,1,,66942
66388,60,,1,,66943
66389,60,,1,,66944
66390,39,1,1,,66945
66391,39,1,1,,66946
66392,60,,1,,66947
66393,39,1,1,,66948
66394,39,1,1,,66949
66395,60,,1,,66950
66396,60,,1,,66951
66397,60,,1,,66952
66398,60,,1,,66953
66399,60,,1,,66954
66400,60,,1,,66955
66401,60,,1,,66956
66402,60,,1,,66957
66403,39,1,1,,66958
66404,39,1,2,,66959
66405,39,1,1,,66960
66406,39,1,2,,66961
66407,39,1,3,,66962
66408,39,1,2,,66963
66409,39,1,1,,66964
66410,39,1,1,,66965
66411,60,,1,,66966
66412,60,,1,,66967
66413,39,1,1,,66968
66414,39,1,2,,66969
66415,39,1,1,,66970
66416,60,,1,,66971
66417,60,,1,,66972
66418,39,1,1,,66973
66419,39,1,2,,66974
66420,39,1,1,,66975
66421,60,,1,,66976
66422,39,1,2,,66977
66423,39,1,1,,66978
66424,39,1,1,,66979
66425,39,1,1,,66980
66426,39,1,1,,66981
66427,39,1,1,,66982
66428,39,1,1,,66983
66429,39,1,1,,66984
66430,39,1,2,,66985
66431,60,,1,,66986
66432,60,,1,,66987
66433,60,,1,,66988
66434,60,,1,,66989
66435,60,,1,,66990
66436,60,,1,,66991
66437,60,,1,,66992
66438,60,,1,,66993
66439,39,1,2,,66994
66440,39,1,1,,66995
66441,39,1,1,,66996
66442,60,,1,,66997
66443,39,1,1,,66998
66444,60,,1,,66999
66445,39,1,1,,67000
66446,39,1,2,,67001
66447,39,1,1,,67002
66448,60,,1,,67003
66449,39,1,2,,67004
66450,39,1,2,,67005
66451,39,1,1,,67006
66452,39,1,2,,67007
66453,39,1,1,,67008
66454,39,1,1,,67009
66455,39,1,1,,67010
66456,39,1,1,,67011
66457,39,1,1,,67012
66458,39,1,2,,67013
66459,39,1,1,,67014
66460,39,1,1,,67015
66461,60,,1,,67016
66462,60,,1,,67017
66463,60,,1,,67018
66464,60,,1,,67019
66465,39,1,1,,67020
66466,39,1,1,,67021
66467,39,1,2,,67022
66468,39,1,2,,67023
66469,39,1,1,,67024
66470,39,1,1,,67025
66471,39,1,2,,67026
66472,39,1,1,,67027
66473,60,,1,,67028
66474,60,,1,,67029
66475,60,,1,,67030
66476,60,,1,,67031
66477,60,,1,,67032
66478,60,,1,,67033
66479,39,1,2,,67034
66480,60,,1,,67035
66481,60,,1,,67036
66482,39,1,1,,67037
66483,39,1,1,,67038
66484,39,1,1,,67039
66485,60,,1,,67040
66486,60,,1,,67041
66487,60,,1,,67042
66488,39,1,1,,67043
66489,39,1,1,,67044
66490,39,1,1,,67045
66491,39,1,1,,67046
66492,60,,1,,67047
66493,60,,1,,67048
66494,39,1,1,,67049
66495,60,,1,,67050
66496,60,,1,,67051
66497,39,1,1,,67052
66498,39,1,1,,67053
66499,39,1,1,,67054
66500,39,1,2,,67055
66501,39,1,1,,67056
66502,60,,1,,67057
66503,39,1,1,,67058
66504,60,,1,,67059
66505,60,,1,,67060
66506,39,1,1,,67061
66507,39,1,1,,67062
66508,39,1,1,,67063
66509,39,1,1,,67064
66510,39,1,1,,67065
66511,60,,1,,67066
66512,60,,1,,67067
66513,60,,1,,67068
66514,60,,1,,67069
66515,39,1,1,,67070
66516,39,1,1,,67071
66517,60,,1,,67072
66518,39,1,1,,67073
66519,39,1,1,,67074
66520,39,1,1,,67075
66521,39,1,1,,67076
66522,60,,1,,67077
66523,39,1,1,,67078
66524,39,1,1,,67079
66525,39,1,1,,67080
66526,39,1,1,,67081
66527,39,1,1,,67082
66528,39,1,1,,67083
66529,39,1,2,,67084
66530,39,1,2,,67085
66531,39,1,2,,67086
66532,39,1,1,,67087
66533,39,1,1,,67088
66534,39,1,1,,67089
66535,39,1,1,,67090
66536,60,,1,,67091
66537,60,,1,,67092
66538,60,,1,,67093
66539,39,1,1,,67094
66540,39,1,1,,67095
66541,39,1,1,,67096
66542,39,1,1,,67097
66543,39,1,1,,67098
66544,39,1,1,,67099
66545,39,1,2,,67100
66546,39,1,1,,67101
66547,39,1,1,,67102
66548,39,1,1,,67103
66549,39,1,1,,67104
66550,60,,1,,67105
66551,39,1,1,,67106
66552,39,1,1,,67107
66553,39,1,1,,67108
66554,39,1,1,,67109
66555,39,1,1,,67110
66556,60,,1,,67111
66557,39,1,2,,67112
66558,39,1,2,,67113
66559,39,1,1,,67114
66560,39,1,2,,67115
66561,39,1,2,,67116
66562,39,1,2,,67117
66563,39,1,1,,67118
66564,60,,1,,67119
66565,60,,1,,67120
66566,39,1,1,,67121
66567,39,1,1,,67122
66568,39,1,1,,67123
66569,39,1,1,,67124
66570,39,1,1,,67125
66571,39,1,1,,67126
66572,39,1,1,,67127
66573,39,1,1,,67128
66574,39,1,1,,67129
66575,39,1,2,,67130
66576,39,1,2,,67131
66577,39,1,2,,67132
66578,39,1,1,,67133
66579,23,7,1,,67133
66580,39,1,1,,67134
66581,60,,1,,67135
66582,39,1,1,,67136
66583,39,1,1,,67137
66584,39,1,1,,67138
66585,39,1,1,,67139
66586,39,1,1,,67140
66587,39,1,1,,67141
66588,39,1,1,,67142
66589,39,1,1,,67143
66590,39,1,1,,67144
66591,39,1,1,,67145
66592,60,,1,,67146
66593,60,,1,,67147
66594,39,1,1,,67148
66595,39,1,1,,67149
66596,39,1,1,,67150
66597,39,1,1,,67151
66598,39,1,1,,67152
66599,60,,1,,67153
66600,39,1,1,,67154
66601,39,1,1,,67155
66602,39,1,1,,67156
66603,69,,1,,67157
66604,69,,1,,67158
66605,69,,1,,67159
66606,39,1,1,,67160
66607,39,1,1,,67161
66608,39,1,1,,67162
66609,60,,1,,67163
66610,60,,1,,67164
66611,60,,1,,67165
66612,69,,1,,67166
66613,69,,1,,67167
66614,60,,1,,67168
66615,39,1,1,,67169
66616,39,6,1,,67170
66617,39,6,1,,67171
66618,39,6,1,,67172
66619,39,6,1,,67173
66620,39,6,1,,67174
66621,39,6,1,,67175
66622,11,,1,,67176
66623,39,6,1,,67177
66624,39,6,1,,67178
66625,39,6,1,,67179
66626,60,,1,,67180
66627,60,,1,,67181
66628,69,,1,,67182
66629,39,1,2,,67183
66630,39,1,1,,67184
66631,39,1,1,,67185
66632,39,1,1,,67186
66633,39,1,1,,67187
66634,60,,1,,67188
66635,60,,1,,67189
66636,60,,1,,67190
66637,60,,1,,67191
66638,60,,1,,67192
66639,60,,1,,67193
66640,60,,1,,67194
66641,60,,1,,67195
66642,60,,1,,67196
66643,60,,1,,67197
66644,60,,1,,67198
66645,60,,1,,67199
66646,60,,1,,67200
66647,60,,1,,67201
66648,60,,1,,67202
66649,60,,1,,67203
66650,60,,1,,67204
66651,60,,1,,67205
66652,60,,1,,67206
66653,39,3,1,,67207
66654,60,,1,,67208
66655,60,,1,,67209
66656,39,3,2,,67210
66657,39,3,2,,67211
66658,39,3,1,,67212
66659,39,3,1,,67213
66660,39,3,1,,67214
66661,60,,1,,67215
66662,59,,1,,67216
66663,59,,1,,67217
66664,59,,6,,67218
66665,59,,1,,67219
66666,59,,2,,67220
66667,59,,1,,67221
66668,39,1,2,,67222
66669,39,1,2,,67223
66670,39,1,2,,67224
66671,39,1,1,,67225
66672,60,,1,,67226
66673,60,,1,,67227
66674,60,,1,,67228
66675,60,,1,,67229
66676,60,,1,,67230
66677,60,,1,,67231
66678,60,,1,,67232
66679,60,,1,,67233
66680,60,,1,,67234
66681,60,,1,,67235
66682,60,,1,,67236
66683,60,,1,,67237
66684,60,,1,,67238
66685,60,,1,,67239
66686,60,,1,,67240
66687,60,,1,,67241
66688,60,,1,,67242
66689,60,,1,,67243
66690,60,,1,,67244
66691,60,,1,,67245
66692,60,,1,,67246
66693,60,,1,,67247
66694,60,,1,,67248
66695,60,,1,,67249
66696,60,,1,,67250
66697,60,,1,,67251
66698,60,,1,,67252
66699,60,,1,,67253
66700,60,,1,,67254
66701,60,,1,,67255
66702,60,,1,,67256
66703,60,,1,,67257
66704,60,,1,,67258
66705,60,,1,,67259
66706,60,,1,,67260
66707,60,,1,,67261
66708,60,,1,,67262
66709,60,,1,,67263
66710,60,,1,,67264
66711,60,,1,,67265
66712,60,,1,,67266
66713,60,,1,,67267
66714,60,,1,,67268
66715,60,,1,,67269
66716,60,,1,,67270
66717,60,,1,,67271
66718,60,,1,,67272
66719,60,,1,,67273
66720,60,,1,,67274
66721,60,,1,,67275
66722,60,,1,,67276
66723,60,,1,,67277
66724,60,,1,,67278
66725,60,,1,,67279
66726,60,,1,,67280
66727,60,,1,,67281
66728,60,,1,,67282
66729,60,,1,,67283
66730,60,,1,,67284
66731,60,,1,,67285
66732,60,,1,,67286
66733,60,,1,,67287
66734,60,,1,,67288
66735,60,,1,,67289
66736,60,,1,,67290
66737,60,,1,,67291
66738,60,,1,,67292
66739,60,,1,,67293
66740,60,,1,,67294
66741,60,,1,,67295
66742,60,,1,,67296
66743,60,,1,,67297
66744,60,,1,,67298
66745,60,,1,,67299
66746,60,,1,,67300
66747,60,,1,,67301
66748,60,,1,,67302
66749,60,,1,,67303
66750,60,,1,,67304
66751,60,,1,,67305
66752,60,,1,,67306
66753,60,,1,,67307
66754,60,,1,,67308
66755,60,,1,,67309
66756,60,,1,,67310
66757,60,,1,,67311
66758,60,,1,,67312
66759,60,,1,,67313
66760,60,,1,,67314
66761,60,,1,,67315
66762,60,,1,,67316
66763,60,,1,,67317
66764,60,,1,,67318
66765,60,,1,,67319
66766,60,,1,,67320
66767,60,,1,,67321
66768,60,,1,,67322
66769,60,,1,,67323
66770,60,,1,,67324
66771,60,,1,,67325
66772,60,,1,,67326
66773,60,,1,,67327
66774,60,,1,,67328
66775,60,,1,,67329
66776,60,,1,,67330
66777,60,,1,,67331
66778,60,,1,,67332
66779,60,,1,,67333
66780,60,,1,,67334
66781,60,,1,,67335
66782,60,,1,,67336
66783,60,,1,,67337
66784,60,,1,,67338
66785,60,,1,,67339
66786,60,,1,,67340
66787,60,,1,,67341
66788,60,,1,,67342
66789,60,,1,,67343
66790,60,,1,,67344
66791,60,,1,,67345
66792,60,,1,,67346
66793,60,,1,,67347
66794,60,,1,,67348
66795,60,,1,,67349
66796,60,,1,,67350
66797,60,,1,,67351
66798,60,,1,,67352
66799,60,,1,,67353
66800,60,,1,,67354
66801,60,,1,,67355
66802,60,,1,,67356
66803,60,,1,,67357
66804,60,,1,,67358
66805,60,,1,,67359
66806,60,,1,,67360
66807,60,,1,,67361
66808,60,,1,,67362
66809,60,,1,,67363
66810,60,,1,,67364
66811,60,,1,,67365
66812,60,,1,,67366
66813,60,,1,,67367
66814,60,,1,,67368
66815,60,,1,,67369
66816,60,,1,,67370
66817,60,,1,,67371
66818,60,,1,,67372
66819,60,,1,,67373
66820,60,,1,,67374
66821,60,,1,,67375
66822,60,,1,,67376
66823,60,,1,,67377
66824,60,,1,,67378
66825,60,,1,,67379
66826,60,,1,,67380
66827,60,,1,,67381
66828,60,,1,,67382
66829,60,,1,,67383
66830,60,,1,,67384
66831,60,,1,,67385
66832,60,,1,,67386
66833,60,,1,,67387
66834,60,,1,,67388
66835,60,,1,,67389
66836,60,,1,,67390
66837,60,,1,,67391
66838,60,,1,,67392
66839,60,,1,,67393
66840,60,,1,,67394
66841,60,,1,,67395
66842,60,,1,,67396
66843,60,,1,,67397
66844,60,,1,,67398
66845,60,,1,,67399
66846,60,,1,,67400
66847,60,,1,,67401
66848,60,,1,,67402
66849,60,,1,,67403
66850,60,,1,,67404
66851,60,,1,,67405
66852,60,,1,,67406
66853,60,,1,,67407
66854,60,,1,,67408
66855,60,,1,,67409
66856,60,,1,,67410
66857,60,,1,,67411
66858,60,,1,,67412
66859,60,,1,,67413
66860,60,,1,,67414
66861,60,,1,,67415
66862,60,,1,,67416
66863,60,,1,,67417
66864,60,,1,,67418
66865,60,,1,,67419
66866,60,,1,,67420
66867,60,,1,,67421
66868,60,,1,,67422
66869,60,,1,,67423
66870,60,,1,,67424
66871,60,,1,,67425
66872,60,,1,,67426
66873,60,,1,,67427
66874,60,,1,,67428
66875,60,,1,,67429
66876,60,,1,,67430
66877,60,,1,,67431
66878,60,,1,,67432
66879,60,,1,,67433
66880,60,,1,,67434
66881,60,,1,,67435
66882,60,,1,,67436
66883,60,,1,,67437
66884,60,,1,,67438
66885,60,,1,,67439
66886,60,,1,,67440
66887,60,,1,,67441
66888,60,,1,,67442
66889,60,,1,,67443
66890,60,,1,,67444
66891,60,,1,,67445
66892,60,,1,,67446
66893,60,,1,,67447
66894,60,,1,,67448
66895,60,,1,,67449
66896,60,,1,,67450
66897,60,,1,,67451
66898,60,,1,,67452
66899,60,,1,,67453
66900,60,,1,,67454
66901,60,,1,,67455
66902,60,,1,,67456
66903,60,,1,,67457
66904,60,,1,,67458
66905,60,,1,,67459
66906,60,,1,,67460
66907,60,,1,,67461
66908,39,3,1,,67462
66909,39,3,1,,67463
66910,39,3,1,,67464
66911,39,3,1,,67465
66912,39,1,1,,67466
66913,39,1,1,,67467
66914,39,1,1,,67468
66915,39,3,1,,67469
66916,39,3,2,,67470
66917,39,1,1,,67471
66918,39,1,1,,67472
66919,60,,1,,67473
66920,60,,1,,67474
66921,60,,1,,67475
66922,60,,1,,67476
66923,39,3,1,,67477
66924,39,3,1,,67478
66925,39,3,1,,67479
66926,60,,1,,67480
66927,60,,1,,67481
66928,60,,1,,67482
66929,60,,1,,67483
66930,60,,1,,67484
66931,60,,1,,67485
66932,60,,1,,67486
66933,60,,1,,67487
66934,39,3,2,,67488
66935,39,3,1,,67489
66936,39,3,2,,67490
66937,60,,1,,67491
66938,60,,1,,67492
66939,60,,1,,67493
66940,60,,1,,67494
66941,60,,1,,67495
66942,60,,1,,67496
66943,60,,1,,67497
66944,60,,1,,67498
66945,60,,1,,67499
66946,60,,1,,67500
66947,60,,1,,67501
66948,60,,1,,67502
66949,60,,1,,67503
66950,60,,1,,67504
66951,60,,1,,67505
66952,60,,1,,67506
66953,60,,1,,67507
66954,60,,1,,67508
66955,60,,1,,67509
66956,60,,1,,67510
66957,60,,1,,67511
66958,60,,1,,67512
66959,60,,1,,67513
66960,60,,1,,67514
66961,60,,1,,67515
66962,60,,1,,67516
66963,60,,1,,67517
66964,60,,1,,67518
66965,60,,1,,67519
66966,60,,1,,67520
66967,60,,1,,67521
66968,60,,1,,67522
66969,60,,1,,67523
66970,60,,1,,67524
66971,60,,1,,67525
66972,60,,1,,67526
66973,60,,1,,67527
66974,60,,1,,67528
66975,60,,1,,67529
66976,60,,1,,67530
66977,60,,1,,67531
66978,60,,1,,67532
66979,60,,1,,67533
66980,60,,1,,67534
66981,60,,1,,67535
66982,60,,1,,67536
66983,60,,1,,67537
66984,60,,1,,67538
66985,60,,1,,67539
66986,60,,1,,67540
66987,60,,1,,67541
66988,60,,1,,67542
66989,60,,1,,67543
66990,60,,1,,67544
66991,60,,1,,67545
66992,60,,1,,67546
66993,60,,1,,67547
66994,60,,1,,67548
66995,60,,1,,67549
66996,60,,1,,67550
66997,60,,1,,67551
66998,60,,1,,67552
66999,60,,1,,67553
67000,60,,1,,67554
67001,60,,1,,67555
67002,60,,1,,67556
67003,60,,1,,67557
67004,60,,1,,67558
67005,60,,1,,67559
67006,60,,1,,67560
67007,60,,1,,67561
67008,60,,1,,67562
67009,60,,1,,67563
67010,60,,1,,67564
67011,60,,1,,67565
67012,60,,1,,67566
67013,60,,1,,67567
67014,60,,1,,67568
67015,60,,1,,67569
67016,60,,1,,67570
67017,60,,1,,67571
67018,60,,1,,67572
67019,60,,1,,67573
67020,60,,1,,67574
67021,60,,1,,67575
67022,60,,1,,67576
67023,60,,1,,67577
67024,60,,1,,67578
67025,60,,1,,67579
67026,60,,1,,67580
67027,60,,1,,67581
67028,60,,1,,67582
67029,60,,1,,67583
67030,60,,1,,67584
67031,60,,1,,67585
67032,60,,1,,67586
67033,60,,1,,67587
67034,60,,1,,67588
67035,60,,1,,67589
67036,60,,1,,67590
67037,60,,1,,67591
67038,60,,1,,67592
67039,60,,1,,67593
67040,60,,1,,67594
67041,60,,1,,67595
67042,60,,1,,67596
67043,60,,1,,67597
67044,60,,1,,67598
67045,60,,1,,67599
67046,60,,1,,67600
67047,60,,1,,67601
67048,60,,1,,67602
67049,60,,1,,67603
67050,60,,1,,67604
67051,60,,1,,67605
67052,60,,1,,67606
67053,60,,1,,67607
67054,60,,1,,67608
67055,60,,1,,67609
67056,60,,1,,67610
67057,60,,1,,67611
67058,60,,1,,67612
67059,60,,1,,67613
67060,60,,1,,67614
67061,60,,1,,67615
67062,60,,1,,67616
67063,60,,1,,67617
67064,60,,1,,67618
67065,60,,1,,67619
67066,60,,1,,67620
67067,60,,1,,67621
67068,60,,1,,67622
67069,60,,1,,67623
67070,60,,1,,67624
67071,60,,1,,67625
67072,60,,1,,67626
67073,60,,1,,67627
67074,60,,1,,67628
67075,60,,1,,67629
67076,60,,1,,67630
67077,60,,1,,67631
67078,60,,1,,67632
67079,60,,1,,67633
67080,60,,1,,67634
67081,60,,1,,67635
67082,60,,1,,67636
67083,60,,1,,67637
67084,60,,1,,67638
67085,60,,1,,67639
67086,60,,1,,67640
67087,60,,1,,67641
67088,60,,1,,67642
67089,60,,1,,67643
67090,60,,1,,67644
67091,60,,1,,67645
67092,60,,1,,67646
67093,60,,1,,67647
67094,60,,1,,67648
67095,60,,1,,67649
67096,60,,1,,67650
67097,60,,1,,67651
67098,60,,1,,67652
67099,60,,1,,67653
67100,60,,1,,67654
67101,60,,1,,67655
67102,60,,1,,67656
67103,60,,1,,67657
67104,60,,1,,67658
67105,60,,1,,67659
67106,60,,1,,67660
67107,60,,1,,67661
67108,60,,1,,67662
67109,60,,1,,67663
67110,60,,1,,67664
67111,60,,1,,67665
67112,60,,1,,67666
67113,60,,1,,67667
67114,60,,1,,67668
67115,60,,1,,67669
67116,60,,1,,67670
67117,60,,1,,67671
67118,60,,1,,67672
67119,60,,1,,67673
67120,60,,1,,67674
67121,60,,1,,67675
67122,60,,1,,67676
67123,60,,1,,67677
67124,60,,1,,67678
67125,60,,1,,67679
67126,60,,1,,67680
67127,60,,1,,67681
67128,60,,1,,67682
67129,60,,1,,67683
67130,60,,1,,67684
67131,60,,1,,67685
67132,60,,1,,67686
67133,60,,1,,67687
67134,60,,1,,67688
67135,60,,1,,67689
67136,60,,1,,67690
67137,60,,1,,67691
67138,60,,1,,67692
67139,60,,1,,67693
67140,60,,1,,67694
67141,60,,1,,67695
67142,60,,1,,67696
67143,60,,1,,67697
67144,60,,1,,67698
67145,60,,1,,67699
67146,60,,1,,67700
67147,60,,1,,67701
67148,60,,1,,67702
67149,60,,1,,67703
67150,60,,1,,67704
67151,60,,1,,67705
67152,60,,1,,67706
67153,60,,1,,67707
67154,60,,1,,67708
67155,60,,1,,67709
67156,60,,1,,67710
67157,60,,1,,67711
67158,60,,1,,67712
67159,60,,1,,67713
67160,60,,1,,67714
67161,60,,1,,67715
67162,60,,1,,67716
67163,60,,1,,67717
67164,60,,1,,67718
67165,60,,1,,67719
67166,60,,1,,67720
67167,60,,1,,67721
67168,60,,1,,67722
67169,60,,1,,67723
67170,60,,1,,67724
67171,60,,1,,67725
67172,60,,1,,67726
67173,60,,1,,67727
67174,60,,1,,67728
67175,60,,1,,67729
67176,60,,1,,67730
67177,60,,1,,67731
67178,60,,1,,67732
67179,60,,1,,67733
67180,60,,1,,67734
67181,60,,1,,67735
67182,60,,1,,67736
67183,60,,1,,67737
67184,60,,1,,67738
67185,60,,1,,67739
67186,60,,1,,67740
67187,60,,1,,67741
67188,60,,1,,67742
67189,60,,1,,67743
67190,60,,1,,67744
67191,60,,1,,67745
67192,60,,1,,67746
67193,60,,1,,67747
67194,60,,1,,67748
67195,60,,1,,67749
67196,60,,1,,67750
67197,60,,1,,67751
67198,60,,1,,67752
67199,60,,1,,67753
67200,60,,1,,67754
67201,60,,1,,67755
67202,60,,1,,67756
67203,60,,1,,67757
67204,60,,1,,67758
67205,60,,1,,67759
67206,60,,1,,67760
67207,60,,1,,67761
67208,60,,1,,67762
67209,60,,1,,67763
67210,60,,1,,67764
67211,60,,1,,67765
67212,60,,1,,67766
67213,60,,1,,67767
67214,60,,1,,67768
67215,60,,1,,67769
67216,60,,1,,67770
67217,11,,1,,67771
67218,11,,1,,67772
67219,11,,1,,67773
67220,11,,1,,67774
67221,11,,1,,67775
67222,11,,1,,67776
67223,11,,1,,67777
67224,11,,1,,67778
67225,11,,1,,67779
67226,11,,1,,67780
67227,11,,1,,67781
67228,11,,1,,67782
67229,11,,1,,67784
67230,11,,1,,67785
67231,11,,1,,67786
67232,11,,1,,67787
67233,11,,1,,67788
67234,60,,1,,67789
67235,60,,1,,67790
67236,60,,1,,67791
67237,60,,1,,67792
67238,60,,1,,67793
67239,60,,1,,67794
67240,60,,1,,67795
67241,60,,1,,67796
67242,60,,1,,67797
67243,60,,1,,67798
67244,60,,1,,67799
67245,60,,1,,67800
67246,60,,1,,67801
67247,60,,1,,67802
67248,60,,1,,67803
67249,60,,1,,67804
67250,60,,1,,67805
67251,60,,1,,67806
67252,60,,1,,67807
67253,60,,1,,67808
67254,60,,1,,67809
67255,60,,1,,67810
67256,60,,1,,67811
67257,60,,1,,67812
67258,60,,1,,67813
67259,60,,1,,67814
67260,60,,1,,67815
67261,60,,1,,67816
67262,60,,1,,67817
67263,60,,1,,67818
67264,60,,1,,67819
67265,60,,1,,67820
67266,60,,1,,67821
67267,60,,1,,67822
67268,60,,1,,67823
67269,60,,1,,67824
67270,60,,1,,67825
67271,60,,1,,67826
67272,60,,1,,67827
67273,60,,1,,67828
67274,60,,1,,67829
67275,60,,1,,67830
67276,60,,1,,67831
67277,60,,1,,67832
67278,60,,1,,67833
67279,60,,1,,67834
67280,60,,1,,67835
67281,60,,1,,67836
67282,60,,1,,67837
67283,60,,1,,67838
67284,60,,1,,67839
67285,60,,1,,67840
67286,60,,1,,67841
67287,60,,1,,67842
67288,60,,1,,67843
67289,60,,1,,67844
67290,60,,1,,67845
67291,60,,1,,67846
67292,60,,1,,67847
67293,60,,1,,67848
67294,60,,1,,67849
67295,60,,1,,67850
67296,60,,1,,67851
67297,60,,1,,67852
67298,60,,1,,67853
67299,60,,1,,67854
67300,60,,1,,67855
67301,60,,1,,67856
67302,60,,1,,67857
67303,60,,1,,67858
67304,60,,1,,67859
67305,60,,1,,67860
67306,60,,1,,67861
67307,60,,1,,67862
67308,60,,1,,67863
67309,60,,1,,67864
67310,60,,1,,67865
67311,60,,1,,67866
67312,60,,1,,67867
67313,60,,1,,67868
67314,60,,1,,67869
67315,60,,1,,67870
67316,60,,1,,67871
67317,60,,1,,67872
67318,60,,1,,67873
67319,60,,1,,67874
67320,60,,1,,67875
67321,60,,1,,67876
67322,60,,1,,67877
67323,60,,1,,67878
67324,59,,1,,67879
67325,59,,2,,67880
67326,59,,2,,67881
67327,39,1,1,,67882
67328,39,1,1,,67883
67329,39,1,1,,67884
67330,60,,1,,67885
67331,60,,1,,67886
67332,39,1,1,,67887
67333,60,,1,,67888
67334,60,,1,,67889
67335,60,,1,,67890
67336,60,,1,,67891
67337,60,,1,,67892
67338,60,,1,,67893
67339,60,,1,,67894
67340,60,,1,,67895
67341,60,,1,,67896
67342,60,,1,,67897
67343,60,,1,,67898
67344,60,,1,,67899
67345,60,,1,,67900
67346,60,,1,,67901
67347,60,,1,,67902
67348,60,,1,,67903
67349,60,,1,,67904
67350,60,,1,,67905
67351,60,,1,,67906
67352,60,,1,,67907
67353,60,,1,,67908
67354,60,,1,,67909
67355,60,,1,,67910
67356,60,,1,,67911
67357,60,,1,,67912
67358,60,,1,,67913
67359,60,,1,,67914
67360,60,,1,,67915
67361,60,,1,,67916
67362,60,,1,,67917
67363,60,,1,,67918
67364,60,,1,,67919
67365,60,,1,,67920
67366,60,,1,,67921
67367,60,,1,,67922
67368,60,,1,,67923
67369,60,,1,,67924
67370,60,,1,,67925
67371,60,,1,,67926
67372,60,,1,,67927
67373,60,,1,,67928
67374,60,,1,,67929
67375,60,,1,,67930
67376,60,,1,,67931
67377,60,,1,,67932
67378,60,,1,,67933
67379,60,,1,,67934
67380,60,,1,,67935
67381,60,,1,,67936
67382,60,,1,,67937
67383,60,,1,,67938
67384,60,,1,,67939
67385,60,,1,,67940
67386,60,,1,,67941
67387,60,,1,,67942
67388,60,,1,,67943
67389,39,1,1,,67944
67390,39,1,1,,67945
67391,39,1,1,,67946
67392,60,,1,,67947
67393,60,,1,,67948
67394,60,,1,,67949
67395,60,,1,,67950
67396,60,,1,,67951
67397,11,,1,,67952
67398,11,,1,,67953
67399,11,,1,,67954
67400,11,,1,,67955
67401,11,,1,,67956
67402,11,,1,,67957
67403,11,,1,,67958
67404,11,,1,,67959
67405,11,,1,,67960
67406,11,,1,,67961
67407,11,,1,,67962
67408,11,,1,,67963
67409,11,,1,,67964
67410,11,,1,,67965
67411,11,,1,,67966
67412,11,,1,,67967
67413,11,,1,,67968
67414,11,,1,,67969
67415,11,,1,,67970
67416,11,,1,,67971
67417,11,,1,,67972
67418,11,,1,,67973
67419,11,,1,,67974
67420,11,,1,,67975
67421,11,,1,,67976
67422,60,,1,,67977
67423,60,,1,,67978
67424,60,,1,,67979
67425,60,,1,,67980
67426,60,,1,,67981
67427,60,,1,,67982
67428,60,,1,,67983
67429,60,,1,,67984
67430,39,1,1,,67985
67431,8,,1,,67986
67432,8,,1,,67987
67433,8,,1,,67988
67434,60,,1,,67989
67435,60,,1,,67990
67436,60,,1,,67991
67437,39,1,2,,67992
67438,39,1,3,,67993
67439,39,1,3,,67994
67440,36,,1,,67995
67441,11,,1,,67996
67442,39,1,1,,67997
67443,39,1,1,,67998
67444,39,1,1,,67999
67445,60,,1,,68000
67446,60,,1,,68001
67447,60,,1,,68002
67448,60,,1,,68003
67449,60,,1,,68004
67450,60,,1,,68005
67451,60,,1,,68006
67452,60,,1,,68007
67453,60,,1,,68008
67454,60,,1,,68009
67455,60,,1,,68010
67456,60,,1,,68011
67457,60,,1,,68012
67458,60,,1,,68013
67459,60,,1,,68014
67460,60,,1,,68015
67461,60,,1,,68016
67462,60,,1,,68017
67463,60,,1,,68018
67464,60,,1,,68019
67465,60,,1,,68020
67466,60,,1,,68021
67467,60,,1,,68022
67468,60,,1,,68023
67469,60,,1,,68024
67470,60,,1,,68025
67471,60,,1,,68026
67472,60,,1,,68027
67473,60,,1,,68028
67474,60,,1,,68029
67475,60,,1,,68030
67476,60,,1,,68031
67477,60,,1,,68032
67478,60,,1,,68033
67479,60,,1,,68034
67480,60,,1,,68035
67481,60,,1,,68036
67482,60,,1,,68037
67483,60,,1,,68038
67484,60,,1,,68039
67485,60,,1,,68040
67486,60,,1,,68041
67487,60,,1,,68042
67488,60,,1,,68043
67489,60,,1,,68044
67490,60,,1,,68045
67491,60,,1,,68046
67492,60,,1,,68047
67493,60,,1,,68048
67494,60,,1,,68049
67495,60,,1,,68050
67496,60,,1,,68051
67497,60,,1,,68052
67498,60,,1,,68053
67499,60,,1,,68054
67500,60,,1,,68055
67501,60,,1,,68056
67502,60,,1,,68057
67503,60,,1,,68058
67504,60,,1,,68059
67505,60,,1,,68060
67506,60,,1,,68061
67507,60,,1,,68062
67508,60,,1,,68063
67509,60,,1,,68064
67510,60,,1,,68065
67511,60,,1,,68066
67512,60,,1,,68067
67513,60,,1,,68068
67514,60,,1,,68069
67515,60,,1,,68070
67516,60,,1,,68071
67517,60,,1,,68072
67518,60,,1,,68073
67519,60,,1,,68074
67520,60,,1,,68075
67521,60,,1,,68076
67522,60,,1,,68077
67523,60,,1,,68078
67524,60,,1,,68079
67525,60,,1,,68080
67526,60,,1,,68081
67527,60,,1,,68082
67528,60,,1,,68083
67529,60,,1,,68084
67530,60,,1,,68085
67531,60,,1,,68086
67532,60,,1,,68087
67533,60,,1,,68088
67534,60,,1,,68089
67535,60,,1,,68090
67536,39,1,1,,68091
67537,39,1,1,,68092
67538,39,1,1,,68093
67539,36,,1,,68094
67540,36,,1,,68095
67541,36,,1,,68096
67542,60,,1,,68097
67543,60,,1,,68098
67544,60,,1,,68099
67545,60,,1,,68100
67546,60,,1,,68101
67547,36,,1,,68102
67548,39,1,1,,68103
67549,39,1,1,,68104
67550,39,1,1,,68105
67551,39,1,1,,68106
67552,60,,1,,68107
67553,60,,1,,68108
67554,60,,1,,68109
67555,60,,1,,68110
67556,60,,1,,68111
67557,39,1,1,,68112
67558,39,1,1,,68113
67559,39,1,1,,68114
67560,39,1,1,,68115
67561,39,1,1,,68116
67562,39,1,1,,68117
67563,39,1,2,,68118
67564,60,,1,,68119
67565,60,,1,,68120
67566,60,,1,,68121
67567,39,1,2,,68122
67568,39,1,2,,68123
67569,39,1,2,,68124
67570,39,1,2,,68125
67571,39,1,2,,68126
67572,39,1,1,,68127
67573,60,,1,,68128
67574,60,,1,,68129
67575,60,,1,,68130
67576,60,,1,,68131
67577,60,,1,,68132
67578,60,,1,,68133
67579,60,,1,,68134
67580,60,,1,,68135
67581,60,,1,,68136
67582,60,,1,,68137
67583,60,,1,,68138
67584,60,,1,,68139
67585,60,,1,,68140
67586,60,,1,,68141
67587,36,,1,,68142
67588,60,,1,,68143
67589,60,,1,,68144
67590,60,,1,,68145
67591,39,1,1,,68146
67592,39,1,1,,68147
67593,39,1,1,,68148
67594,60,,1,,68149
67595,60,,1,,68150
67596,60,,1,,68151
67597,39,1,1,,68152
67598,39,1,1,,68153
67599,23,7,1,,68152
67600,23,7,1,,68153
67601,39,1,1,,68154
67602,23,7,1,,68154
67603,60,,1,,68155
67604,60,,1,,68156
67605,60,,1,,68157
67606,60,,1,,68158
67607,60,,1,,68159
67608,60,,1,,68160
67609,60,,1,,68161
67610,60,,1,,68162
67611,39,1,1,,68163
67612,60,,1,,68164
67613,60,,1,,68165
67614,60,,1,,68166
67615,60,,1,,68167
67616,60,,1,,68168
67617,59,,1,,68169
67618,59,,1,,68170
67619,59,,4,,68171
67620,59,,6,,68171
67621,59,,2,,68172
67622,59,,5,,68172
67623,59,,4,,68173
67624,59,,3,,68173
67625,59,,3,,68173
67626,59,,3,,68173
67627,59,,1,,68174
67628,60,,1,,68175
67629,60,,1,,68176
67630,60,,1,,68177
67631,59,,1,,68178
67632,59,,2,,68179
67633,60,,1,,68180
67634,60,,1,,68181
67635,60,,1,,68182
67636,60,,1,,68183
67637,60,,1,,68184
67638,60,,1,,68185
67639,60,,1,,68186
67640,60,,1,,68187
67641,60,,1,,68188
67642,60,,1,,68189
67643,60,,1,,68190
67644,60,,1,,68191
67645,60,,1,,68192
67646,60,,1,,68193
67647,60,,1,,68194
67648,60,,1,,68195
67649,60,,1,,68196
67650,60,,1,,68197
67651,60,,1,,68198
67652,60,,1,,68199
67653,60,,1,,68200
67654,60,,1,,68201
67655,60,,1,,68202
67656,39,1,1,,68203
67657,39,1,1,,68204
67658,39,1,1,,68205
67659,39,1,1,,68206
67660,39,1,1,,68207
67661,39,1,1,,68208
67662,39,1,1,,68209
67663,39,1,1,,68210
67664,39,1,1,,68211
67665,39,1,1,,68212
67666,39,1,1,,68213
67667,39,1,1,,68214
67668,39,1,1,,68215
67669,39,1,1,,68216
67670,39,1,1,,68217
67671,39,1,1,,68218
67672,39,1,1,,68219
67673,39,1,1,,68220
67674,60,,1,,68221
67675,60,,1,,68222
67676,60,,1,,68223
67677,60,,1,,68224
67678,60,,1,,68225
67679,60,,1,,68226
67680,60,,1,,68227
67681,60,,1,,68228
67682,60,,1,,68229
67683,60,,1,,68230
67684,60,,1,,68231
67685,60,,1,,68232
67686,39,3,1,,68233
67687,39,3,1,,68234
67688,39,3,1,,68235
67689,60,,1,,68236
67690,60,,1,,68237
67691,60,,1,,68238
67692,39,3,1,,68239
67693,60,,1,,68240
67694,60,,1,,68241
67695,39,1,1,,68242
67696,39,1,1,,68243
67697,39,1,1,,68244
67698,60,,1,,68245
67699,60,,1,,68246
67700,60,,1,,68247
67701,60,,1,,68248
67702,60,,1,,68249
67703,60,,1,,68250
67704,39,1,1,,68251
67705,39,1,1,,68252
67706,39,1,1,,68253
67707,39,1,1,,68254
67708,39,1,1,,68255
67709,60,,1,,68256
67710,60,,1,,68257
67711,60,,1,,68258
67712,60,,1,,68259
67713,60,,1,,68260
67714,60,,1,,68261
67715,39,1,1,,68262
67716,39,1,1,,68263
67717,39,1,1,,68264
67718,60,,1,,68265
67719,60,,1,,68266
67720,60,,1,,68267
67721,60,,1,,68268
67722,60,,1,,68269
67723,60,,1,,68270
67724,60,,1,,68271
67725,60,,1,,68272
67726,60,,1,,68273
67727,60,,1,,68274
67728,60,,1,,68275
67729,60,,1,,68276
67730,60,,1,,68277
67731,60,,1,,68278
67732,60,,1,,68279
67733,60,,1,,68280
67734,60,,1,,68281
67735,60,,1,,68282
67736,39,1,1,,68283
67737,39,1,1,,68284
67738,39,1,1,,68285
67739,39,49,1,,68286
67740,39,48,1,,68287
67741,39,48,2,,68288
67742,39,48,1,,68289
67743,39,3,1,,68290
67744,39,3,1,,68291
67745,39,3,1,,68292
67746,39,1,1,,68293
67747,39,1,1,,68294
67748,39,1,1,,68295
67749,39,1,1,,68296
67750,39,1,1,,68297
67751,39,1,1,,68298
67752,60,,1,,68299
67753,60,,1,,68300
67754,60,,1,,68301
67755,39,1,1,,68302
67756,60,,1,,68303
67757,60,,1,,68304
67758,60,,1,,68305
67759,60,,1,,68306
67760,60,,1,,68307
67761,60,,1,,68308
67762,60,,1,,68309
67763,60,,1,,68310
67764,60,,1,,68311
67765,60,,1,,68312
67766,60,,1,,68313
67767,60,,1,,68314
67768,60,,1,,68315
67769,60,,1,,68316
67770,60,,1,,68317
67771,60,,1,,68318
67772,60,,1,,68319
67773,60,,1,,68320
67774,60,,1,,68321
67775,60,,1,,68322
67776,60,,1,,68323
67777,60,,1,,68324
67778,60,,1,,68325
67779,60,,1,,68326
67780,60,,1,,68327
67781,60,,1,,68328
67782,60,,1,,68329
67783,60,,1,,68330
67784,60,,1,,68331
67785,60,,1,,68332
67786,60,,1,,68333
67787,60,,1,,68334
67788,60,,1,,68335
67789,60,,1,,68336
67790,60,,1,,68337
67791,60,,1,,68338
67792,60,,1,,68339
67793,60,,1,,68340
67794,60,,1,,68341
67795,60,,1,,68342
67796,60,,1,,68343
67797,60,,1,,68344
67798,60,,1,,68345
67799,60,,1,,68346
67800,60,,1,,68347
67801,60,,1,,68348
67802,60,,1,,68349
67803,60,,1,,68350
67804,60,,1,,68351
67805,60,,1,,68352
67806,60,,1,,68353
67807,60,,1,,68354
67808,60,,1,,68355
67809,60,,1,,68356
67810,60,1,1,,68357
67811,60,1,1,,68358
67812,60,1,1,,68359
67813,60,1,1,,68360
67814,60,1,1,,68361
67815,60,,1,,68363
67816,60,,1,,68362
67817,60,,1,,68364
67818,60,,1,,68365
67819,60,,1,,68366
67820,60,,1,,68367
67821,60,,1,,68368
67822,60,,1,,68369
67823,60,,1,,68370
67824,60,,1,,68371
67825,60,,1,,68372
67826,60,,1,,68373
67827,60,,1,,68374
67828,60,,1,,68375
67829,60,,1,,68376
67830,60,,1,,68377
67831,60,,1,,68378
67832,60,,1,,68379
67833,60,,1,,68380
67834,60,,1,,68381
67835,60,,1,,68382
67836,60,,1,,68383
67837,60,,1,,68384
67838,60,,1,,68385
67839,60,,1,,68386
67840,60,,1,,68387
67841,60,,1,,68388
67842,60,,1,,68389
67843,60,,1,,68390
67844,39,1,1,,68391
67845,60,,1,,68392
67846,60,,1,,68393
67847,60,,1,,68394
67848,36,,1,,68395
67849,36,,1,,68396
67850,36,,1,,68397
67851,36,,1,,68398
67852,36,,1,,68399
67853,36,,1,,68400
67854,60,,1,,68401
67855,60,,1,,68402
67856,60,,1,,68403
67857,60,,1,,68404
67858,60,,1,,68405
67859,60,,1,,68406
67860,60,,1,,68407
67861,60,,1,,68408
67862,60,,1,,68409
67863,60,,1,,68410
67864,60,,1,,68411
67865,60,,1,,68412
67866,60,,1,,68413
67867,60,,1,,68414
67868,60,,1,,68415
67869,60,,1,,68416
67870,60,,1,,68417
67871,60,,1,,68418
67872,60,,1,,68419
67873,60,,1,,68420
67874,60,,1,,68421
67875,60,,1,,68422
67876,60,,1,,68423
67877,60,,1,,68424
67878,60,,1,,68425
67879,60,,1,,68426
67880,60,,1,,68427
67881,60,,1,,68428
67882,60,,1,,68429
67883,60,,1,,68430
67884,60,,1,,68431
67885,60,,1,,68432
67886,60,,1,,68433
67887,60,,1,,68434
67888,60,,1,,68435
67889,60,,1,,68436
67890,60,,1,,68437
67891,60,,1,,68438
67892,60,,1,,68439
67893,60,,1,,68440
67894,60,,1,,68441
67895,60,,1,,68442
67896,60,,1,,68443
67897,60,,1,,68444
67898,60,,1,,68445
67899,60,,1,,68446
67900,60,,1,,68447
67901,60,,1,,68448
67902,60,,1,,68449
67903,60,,1,,68450
67904,60,,1,,68451
67905,60,,1,,68452
67906,60,,1,,68453
67907,60,,1,,68454
67908,60,,1,,68455
67909,60,,1,,68456
67910,60,,1,,68457
67911,60,,1,,68458
67912,60,,1,,68459
67913,60,,1,,68460
67914,60,,1,,68461
67915,60,,1,,68462
67916,60,,1,,68463
67917,60,,1,,68464
67918,60,,1,,68465
67919,60,,1,,68466
67920,60,,1,,68467
67921,60,,1,,68468
67922,60,,1,,68469
67923,60,,1,,68470
67924,60,,1,,68471
67925,60,,1,,68472
67926,60,,1,,68473
67927,60,,1,,68474
67928,60,,1,,68475
67929,60,,1,,68476
67930,60,,1,,68477
67931,60,,1,,68478
67932,60,,1,,68479
67933,60,,1,,68480
67934,60,,1,,68481
67935,60,,1,,68482
67936,60,,1,,68483
67937,60,,1,,68484
67938,60,,1,,68485
67939,60,,1,,68486
67940,60,,1,,68487
67941,60,,1,,68488
67942,60,,1,,68489
67943,60,,1,,68490
67944,60,,1,,68491
67945,60,,1,,68492
67946,60,,1,,68493
67947,60,,1,,68494
67948,60,,1,,68495
67949,60,,1,,68496
67950,60,,1,,68497
67951,60,,1,,68498
67952,60,,1,,68499
67953,60,,1,,68500
67954,60,,1,,68501
67955,60,,1,,68502
67956,60,,1,,68503
67957,60,,1,,68504
67958,60,,1,,68505
67959,60,,1,,68506
67960,60,,1,,68507
67961,60,,1,,68508
67962,39,1,3,,68509
67963,39,1,3,,68510
67964,39,1,3,,68511
67965,23,7,1,,68510
67966,23,7,1,,68509
67967,60,,1,,68512
67968,60,,1,,68513
67969,60,,1,,68514
67970,60,,1,,68515
67971,60,,1,,68516
67972,60,,1,,68517
67973,60,,1,,68518
67974,60,,1,,68519
67975,60,,1,,68520
67976,60,,1,,68521
67977,60,,1,,68522
67978,60,,1,,68523
67979,60,,1,,68524
67980,60,,1,,68525
67981,60,,1,,68526
67982,60,,1,,68527
67983,60,,1,,68528
67984,60,,1,,68529
67985,60,,1,,68530
67986,60,,1,,68531
67987,60,,1,,68532
67988,60,,1,,68533
67989,60,,1,,68534
67990,60,,1,,68535
67991,60,,1,,68536
67992,60,,1,,68537
67993,60,,1,,68538
67994,60,,1,,68539
67995,60,,1,,68540
67996,60,,1,,68541
67997,60,,1,,68542
67998,60,,1,,68543
67999,60,,1,,68544
68000,60,,1,,68545
68001,60,,1,,68546
68002,60,,1,,68548
68003,60,,1,,68549
68004,60,,1,,68550
68005,60,,1,,68551
68006,60,,1,,68552
68007,60,,1,,68553
68008,60,,1,,68554
68009,60,,1,,68555
68010,60,,1,,68556
68011,60,,1,,68557
68012,60,,1,,68558
68013,11,,1,,68559
68014,11,,1,,68560
68015,11,,1,,68561
68016,11,,1,,68562
68017,11,,1,,68563
68018,11,,1,,68564
68019,11,,1,,68565
68020,11,,1,,68566
68021,11,,1,,68567
68022,11,,1,,68568
68023,11,,1,,68569
68024,11,,1,,68570
68025,11,,1,,68571
68026,11,,1,,68572
68027,11,,1,,68573
68028,11,,1,,68574
68029,11,,1,,68575
68030,11,,1,,68576
68031,11,,1,,68577
68032,11,,1,,68578
68033,11,,1,,68579
68034,11,,1,,68580
68035,11,,1,,68581
68036,11,,1,,68582
68037,11,,1,,68583
68038,11,,1,,68584
68039,11,,1,,68585
68040,11,,1,,68586
68041,11,,1,,68587
68042,11,,1,,68588
68043,11,,1,,68589
68044,11,,1,,68590
68045,11,,1,,68591
68046,11,,1,,68592
68047,11,,1,,68593
68048,11,,1,,68594
68049,11,,1,,68595
68050,11,,1,,68596
68051,11,,1,,68597
68052,11,,1,,68598
68053,11,,1,,68599
68054,11,,1,,68600
68055,11,,1,,68601
68056,11,,1,,68602
68057,11,,1,,68603
68058,11,,1,,68604
68059,11,,1,,68605
68060,11,,1,,68606
68061,11,,1,,68607
68062,11,,1,,68608
68063,11,,1,,68609
68064,11,,1,,68610
68065,11,,1,,68611
68066,11,,1,,68612
68067,11,,1,,68613
68068,11,,1,,68614
68069,11,,1,,68615
68070,11,,1,,68616
68071,11,,1,,68617
68072,11,,1,,68618
68073,11,,1,,68619
68074,11,,1,,68620
68075,11,,1,,68621
68076,11,,1,,68622
68077,11,,1,,68623
68078,11,,1,,68624
68079,11,,1,,68625
68080,11,,1,,68626
68081,11,,1,,68627
68082,11,,1,,68628
68083,11,,1,,68629
68084,11,,1,,68630
68085,11,,1,,68631
68086,11,,1,,68632
68087,11,,1,,68633
68088,11,,1,,68634
68089,11,,1,,68635
68090,11,,1,,68636
68091,11,,1,,68637
68092,11,,1,,68638
68093,11,,1,,68639
68094,11,,1,,68640
68095,11,,1,,68641
68096,11,,1,,68642
68097,11,,1,,68643
68098,11,,1,,68644
68099,11,,1,,68645
68100,11,,1,,68646
68101,11,,1,,68647
68102,11,,1,,68648
68103,11,,1,,68649
68104,11,,1,,68650
68105,11,,1,,68651
68106,11,,1,,68652
68107,11,,1,,68653
68108,11,,1,,68654
68109,11,,1,,68655
68110,11,,1,,68656
68111,11,,1,,68657
68112,11,,1,,68658
68113,11,,1,,68659
68114,11,,1,,68660
68115,11,,1,,68661
68116,11,,1,,68662
68117,11,,1,,68663
68118,11,,1,,68664
68119,11,,1,,68665
68120,11,,1,,68666
68121,11,,1,,68667
68122,11,,1,,68668
68123,11,,1,,68669
68124,11,,1,,68670
68125,11,,1,,68671
68126,11,,1,,68672
68127,11,,1,,68673
68128,11,,1,,68674
68129,11,,1,,68675
68130,11,,1,,68676
68131,11,,1,,68677
68132,11,,1,,68678
68133,11,,1,,68679
68134,11,,1,,68680
68135,11,,1,,68681
68136,11,,1,,68682
68137,11,,1,,68683
68138,11,,1,,68684
68139,11,,1,,68685
68140,11,,1,,68686
68141,11,,1,,68687
68142,11,,1,,68688
68143,11,,1,,68689
68144,11,,1,,68690
68145,11,,1,,68691
68146,11,,1,,68692
68147,11,,1,,68693
68148,11,,1,,68694
68149,11,,1,,68695
68150,11,,1,,68696
68151,11,,1,,68697
68152,11,,1,,68698
68153,11,,1,,68699
68154,11,,1,,68700
68155,11,,1,,68701
68156,11,,1,,68702
68157,11,,1,,68703
68158,11,,1,,68704
68159,11,,1,,68705
68160,11,,1,,68706
68161,11,,1,,68707
68162,11,,1,,68708
68163,11,,1,,68709
68164,11,,1,,68710
68165,11,,1,,68711
68166,11,,1,,68712
68167,11,,1,,68713
68168,11,,1,,68714
68169,11,,1,,68715
68170,11,,1,,68716
68171,11,,1,,68717
68172,11,,1,,68718
68173,11,,1,,68719
68174,11,,1,,68720
68175,11,,1,,68721
68176,11,,1,,68722
68177,11,,1,,68723
68178,11,,1,,68724
68179,11,,1,,68725
68180,11,,1,,68726
68181,11,,1,,68727
68182,11,,1,,68728
68183,11,,1,,68729
68184,11,,1,,68730
68185,11,,1,,68731
68186,11,,1,,68732
68187,11,,1,,68733
68188,11,,1,,68734
68189,11,,1,,68735
68190,11,,1,,68736
68191,11,,1,,68737
68192,11,,1,,68738
68193,11,,1,,68739
68194,11,,1,,68740
68195,11,,1,,68741
68196,11,,1,,68742
68197,11,,1,,68743
68198,11,,1,,68744
68199,11,,1,,68745
68200,11,,1,,68746
68201,11,,1,,68747
68202,11,,1,,68748
68203,11,,1,,68749
68204,11,,1,,68750
68205,11,,1,,68751
68206,11,,1,,68752
68207,11,,1,,68753
68208,11,,1,,68754
68209,11,,1,,68755
68210,11,,1,,68756
68211,11,,1,,68757
68212,11,,1,,68758
68213,11,,1,,68759
68214,11,,1,,68760
68215,11,,1,,68761
68216,11,,1,,68762
68217,11,,1,,68763
68218,11,,1,,68764
68219,11,,1,,68765
68220,11,,1,,68766
68221,11,,1,,68767
68222,11,,1,,68768
68223,11,,1,,68769
68224,11,,1,,68770
68225,11,,1,,68771
68226,11,,1,,68772
68227,11,,1,,68773
68228,11,,1,,68775
68229,11,,1,,68776
68230,11,,1,,68777
68231,11,,1,,68778
68232,11,,1,,68779
68233,11,,1,,68780
68234,11,,1,,68781
68235,11,,1,,68782
68236,11,,1,,68783
68237,11,,1,,68784
68238,11,,1,,68785
68239,11,,1,,68786
68240,11,,1,,68787
68241,11,,1,,68788
68242,11,,1,,68789
68243,11,,1,,68790
68244,60,,1,,68791
68245,11,,1,,68792
68246,11,,1,,68793
68247,11,,1,,68794
68248,11,,1,,68795
68249,11,,1,,68796
68250,11,,1,,68797
68251,11,,1,,68798
68252,60,,1,,68799
68253,60,,1,,68800
68254,60,,1,,68801
68255,60,,1,,68802
68256,60,,1,,68803
68257,60,,1,,68804
68258,60,,1,,68805
68259,60,,1,,68806
68260,60,,1,,68807
68261,60,,1,,68808
68262,60,,1,,68809
68263,60,,1,,68810
68264,60,,1,,68811
68265,60,,1,,68812
68266,60,,1,,68813
68267,60,,1,,68814
68268,60,,1,,68815
68269,60,,1,,68816
68270,60,,1,,68817
68271,60,,1,,68818
68272,60,,1,,68819
68273,60,,1,,68820
68274,60,,1,,68821
68275,60,,1,,68822
68276,60,,1,,68823
68277,60,,1,,68824
68278,60,,1,,68825
68279,60,,1,,68826
68280,60,,1,,68827
68281,60,,1,,68828
68282,60,,1,,68829
68283,60,,1,,68830
68284,60,,1,,68831
68285,60,,1,,68832
68286,60,,1,,68833
68287,60,,1,,68834
68288,60,,1,,68835
68289,60,,1,,68836
68290,60,,1,,68837
68291,60,,1,,68838
68292,60,,1,,68839
68293,60,,1,,68840
68294,60,,1,,68841
68295,60,,1,,68842
68296,60,,1,,68843
68297,60,,1,,68844
68298,60,,1,,68845
68299,60,,1,,68846
68300,60,,1,,68847
68301,60,,1,,68848
68302,60,,1,,68849
68303,60,,1,,68850
68304,60,,1,,68851
68305,60,,1,,68852
68306,60,,1,,68853
68307,60,,1,,68854
68308,60,,1,,68855
68309,60,,1,,68856
68310,60,,1,,68857
68311,60,,1,,68858
68312,60,,1,,68859
68313,60,,1,,68860
68314,60,,1,,68861
68315,60,,1,,68862
68316,60,,1,,68863
68317,60,,1,,68864
68318,60,,1,,68865
68319,60,,1,,68866
68320,60,,1,,68867
68321,60,,1,,68868
68322,60,,1,,68869
68323,60,,1,,68870
68324,60,,1,,68871
68325,60,,1,,68872
68326,60,,1,,68873
68327,60,,1,,68874
68328,60,,1,,68875
68329,60,,1,,68876
68330,60,,1,,68877
68331,60,,1,,68878
68332,60,,1,,68879
68333,60,,1,,68880
68334,11,,1,,68881
68335,11,,1,,68882
68336,60,,1,,68883
68337,11,,1,,68884
68338,11,,1,,68885
68339,60,,1,,68886
68340,11,,1,,68887
68341,60,,1,,68964
68342,69,,1,,68965
68343,39,1,2,,68966
68344,39,1,1,,68967
68345,39,1,1,,68968
68346,39,3,1,,68969
68347,39,3,1,,68970
68348,39,3,1,,68971
68349,39,1,1,,68972
68350,39,1,1,,68973
68351,39,3,1,,68974
68352,39,3,1,,68975
68353,36,,1,,68976
68354,55,,1,,68977
68355,39,3,1,,68978
68356,60,,1,,68979
68357,39,1,1,,68980
68358,39,3,1,,68981
68359,39,3,2,,68982
68360,39,1,1,,68983
68361,39,3,1,,68984
68362,39,3,1,,68985
68363,60,,1,,68986
68364,39,1,1,,68987
68365,39,1,2,,68988
68366,39,3,1,,68989
68367,39,3,1,,68990
68368,39,1,1,,68991
68369,39,1,1,,68992
68370,39,1,1,,68993
68371,39,1,1,,68994
68372,39,1,1,,68995
68373,36,,1,,68996
68374,36,,1,,68997
68375,39,1,1,,68998
68376,39,1,1,,68999
68377,39,3,1,,69000
68378,39,1,2,,69001
68379,39,1,2,,69002
68380,39,1,1,,69003
68381,39,1,1,,69004
68382,39,1,2,,69005
68383,39,1,2,,69006
68384,59,,2,,69007
68385,39,1,1,,69008
68386,39,1,1,,69009
68387,23,7,1,,69009
68388,39,1,1,,69010
68389,39,3,1,,69011
68390,36,,1,,69012
68391,39,1,1,,69013
68392,39,1,1,,69014
68393,39,1,1,,69015
68394,39,1,1,,69016
68395,39,1,1,,69017
68396,39,3,1,,69018
68397,39,3,1,,69019
68398,39,1,1,,69020
68399,39,1,2,,69021
68400,39,1,2,,69022
68401,39,1,1,,69023
68402,39,1,1,,69024
68403,39,3,1,,69025
68404,39,48,1,,69026
68405,39,1,1,,69027
68406,39,48,1,,69028
68407,39,3,1,,69029
68408,39,1,1,,69030
68409,39,1,2,,69031
68410,36,,1,,69032
68411,36,,1,,69033
68412,69,,1,,69034
68413,39,3,1,,69035
68414,69,,1,,69036
68415,39,1,1,,69037
68416,39,1,1,,69038
68417,39,1,1,,69039
68418,36,,1,,69040
68419,36,,1,,69041
68420,36,,1,,69042
68421,39,1,1,,69043
68422,23,5,1,,69043
68423,39,1,1,,69044
68424,39,1,1,,69045
68425,39,1,1,,69046
68426,39,1,1,,69047
68427,39,1,1,,69048
68428,60,,1,,69049
68429,36,,1,,69050
68430,39,1,1,,69051
68431,39,1,1,,69052
68432,39,1,1,,69053
68433,39,1,1,,69054
68434,39,1,1,,69055
68435,39,1,1,,69056
68436,39,1,1,,69057
68437,39,3,1,,69058
68438,39,1,1,,69059
68439,69,,1,,69060
68440,69,,1,,69061
68441,39,1,1,,69062
68442,39,1,1,,69063
68443,39,1,1,,69064
68444,39,1,1,,69065
68445,39,1,1,,69066
68446,39,1,1,,69067
68447,39,1,1,,69068
68448,39,1,1,,69069
68449,39,3,1,,69070
68450,39,8,1,,69071
68451,39,3,1,,69072
68452,39,3,1,,69073
68453,39,3,1,,69074
68454,39,1,1,,69075
68455,39,1,1,,69076
68456,39,1,1,,69077
68457,39,3,1,,69078
68458,39,1,1,,69079
68459,23,7,1,,69079
68460,39,3,1,,69080
68461,39,1,1,,69081
68462,39,3,1,,69082
68463,39,3,1,,69083
68464,39,1,1,,69084
68465,23,5,1,,69084
68466,39,3,1,,69085
68467,39,48,1,,69086
68468,39,48,1,,69087
68469,39,3,1,,69088
68470,39,1,1,,69089
68471,39,3,1,,69090
68472,39,3,1,,69091
68473,39,3,1,,69092
68474,39,3,1,,69093
68475,39,1,1,,69094
68476,39,3,1,,69095
68477,39,3,1,,69096
68478,39,1,1,,69097
68479,39,1,1,,69098
68480,39,1,1,,69099
68481,39,1,1,,69100
68482,39,3,2,,69101
68483,39,1,1,,69102
68484,39,3,1,,69103
68485,36,40,1,,69104
68486,39,1,2,,69105
68487,39,1,1,,69106
68488,39,1,1,,69107
68489,39,1,1,,69108
68490,23,5,1,,69108
68491,39,1,2,,69109
68492,23,5,1,,69109
68493,39,1,1,,69110
68494,23,5,1,,69110
68495,39,3,1,,69111
68496,39,3,1,,69112
68497,39,1,1,,69113
68498,39,1,1,,69114
68499,39,1,1,,69115
68500,39,1,3,,69116
68501,39,1,1,,69117
68502,39,1,1,,69118
68503,39,3,1,,69119
68504,39,3,1,,69120
68505,39,3,1,,69121
68506,39,3,1,,69122
68507,39,1,1,,69123
68508,39,1,2,,69124
68509,39,1,2,,69125
68510,39,1,1,,69126
68511,39,1,1,,69127
68512,39,1,1,,69128
68513,39,3,1,,69129
68514,39,1,1,,69130
68515,39,1,1,,69131
68516,23,7,1,,69131
68517,39,1,1,,69132
68518,23,7,1,,69132
68519,39,3,2,,69133
68520,39,1,1,,69134
68521,39,3,2,,69135
68522,39,1,1,,69136
68523,39,1,1,,69137
68524,39,1,1,,69138
68525,39,1,3,,69139
68526,39,1,1,,69140
68527,60,,1,,69141
68528,60,,1,,69142
68529,60,,1,,69143
68530,60,,1,,69144
68531,60,,1,,69145
68532,60,,1,,69146
68533,60,,1,,69147
68534,60,,1,,69148
68535,60,,1,,69149
68536,60,,1,,69150
68537,60,,1,,69151
68538,60,,1,,69152
68539,60,,1,,69153
68540,60,,1,,69154
68541,60,,1,,69155
68542,60,,1,,69156
68543,60,,1,,69157
68544,60,,1,,69158
68545,60,,1,,69159
68546,60,,1,,69160
68547,60,,1,,69161
68548,60,,1,,69162
68549,60,,1,,69163
68550,60,,1,,69164
68551,60,,1,,69165
68552,60,,1,,69166
68553,60,,1,,69167
68554,60,,1,,69168
68555,60,,1,,69169
68556,60,,1,,69170
68557,60,,1,,69171
68558,60,,1,,69172
68559,60,,1,,69173
68560,60,,1,,69174
68561,60,,1,,69175
68562,11,,1,,69176
68563,60,,1,,69177
68564,60,,1,,69178
68565,11,,1,,69179
68566,60,,1,,69180
68567,11,,1,,69181
68568,60,,1,,69182
68569,11,,1,,69183
68570,60,,1,,69184
68571,11,,1,,69185
68572,60,,1,,69186
68573,11,,1,,69187
68574,60,,1,,69188
68575,11,,1,,69189
68576,60,,1,,69190
68577,11,,1,,69191
68578,60,,1,,69192
68579,11,,1,,69193
68580,60,,1,,69194
68581,11,,1,,69195
68582,60,,1,,69196
68583,11,,1,,69197
68584,60,,1,,69198
68585,60,,1,,69199
68586,11,,1,,69200
68587,60,,1,,69201
68588,11,,1,,69202
68589,60,,1,,69203
68590,11,,1,,69204
68591,60,,1,,69205
68592,60,,1,,69206
68593,11,,1,,69207
68594,60,,1,,69208
68595,11,,1,,69209
68596,60,,1,,69210
68597,11,,1,,69211
68598,60,,1,,69212
68599,11,,1,,69213
68600,60,,1,,69214
68601,11,,1,,69215
68602,60,,1,,69216
68603,11,,1,,69217
68604,60,,1,,69218
68605,11,,1,,69219
68606,60,,1,,69220
68607,11,,1,,69221
68608,60,,1,,69222
68609,11,,1,,69223
68610,60,,1,,69224
68611,11,,1,,69225
68612,60,,1,,69226
68613,11,,1,,69227
68614,60,,1,,69228
68615,11,,1,,69229
68616,60,,1,,69230
68617,11,,1,,69231
68618,60,,1,,69232
68619,11,,1,,69233
68620,60,,1,,69234
68621,11,,1,,69235
68622,60,,1,,69236
68623,11,,1,,69237
68624,60,,1,,69238
68625,11,,1,,69239
68626,60,,1,,69240
68627,11,,1,,69241
68628,60,,1,,69242
68629,11,,1,,69243
68630,60,,1,,69244
68631,11,,1,,69245
68632,60,,1,,69246
68633,11,,1,,69247
68634,60,,1,,69248
68635,11,,1,,69249
68636,60,,1,,69250
68637,11,,1,,69251
68638,60,,1,,69252
68639,11,,1,,69253
68640,60,,1,,69254
68641,11,,1,,69255
68642,11,,1,,69256
68643,60,,1,,69257
68644,11,,1,,69258
68645,60,,1,,69259
68646,11,,1,,69260
68647,60,,1,,69261
68648,11,,1,,69262
68649,60,,1,,69263
68650,60,,1,,69264
68651,60,,1,,69265
68652,60,,1,,69266
68653,60,,1,,69267
68654,60,,1,,69268
68655,60,,1,,69269
68656,60,,1,,69270
68657,60,,1,,69271
68658,60,,1,,69272
68659,60,,1,,69273
68660,60,,1,,69274
68661,60,,1,,69275
68662,60,,1,,69276
68663,60,,1,,69277
68664,60,,1,,69278
68665,60,,1,,69279
68666,60,,1,,69280
68667,60,,1,,69281
68668,60,,1,,69282
68669,60,,1,,69283
68670,60,,1,,69284
68671,60,,1,,69285
68672,39,1,1,,69286
68673,39,1,1,,69287
68674,60,,1,,69288
68675,60,,1,,69289
68676,11,,1,,69290
68677,60,,1,,69291
68678,11,,1,,69292
68679,60,,1,,69293
68680,11,,1,,69294
68681,60,,1,,69295
68682,11,,1,,69296
68683,60,,1,,69297
68684,11,,1,,69298
68685,60,,1,,69299
68686,11,,1,,69300
68687,60,,1,,69301
68688,11,,1,,69302
68689,60,,1,,69303
68690,11,,1,,69304
68691,60,,1,,69305
68692,11,,1,,69306
68693,60,,1,,69307
68694,11,,1,,69308
68695,11,,1,,69309
68696,60,,1,,69310
68697,11,,1,,69311
68698,11,,1,,69312
68699,11,,1,,69313
68700,11,,1,,69314
68701,11,,1,,69315
68702,11,,1,,69316
68703,11,,1,,69317
68704,11,,1,,69318
68705,11,,1,,69319
68706,11,,1,,69320
68707,11,,1,,69321
68708,11,,1,,69322
68709,11,,1,,69323
68710,11,,1,,69324
68711,11,,1,,69325
68712,11,,1,,69326
68713,11,,1,,69327
68714,11,,1,,69328
68715,11,,1,,69329
68716,11,,1,,69330
68717,11,,1,,69331
68718,11,,1,,69332
68719,60,,1,,69333
68720,39,1,1,,69334
68721,60,,1,,69335
68722,39,1,1,,69336
68723,60,,1,,69337
68724,60,,1,,69338
68725,39,1,1,,69339
68726,39,1,2,,69340
68727,39,3,1,,69341
68728,60,,1,,69342
68729,60,,1,,69343
68730,60,,1,,69344
68731,60,,1,,69345
68732,60,,1,,69346
68733,11,,1,,69347
68734,11,,1,,69348
68735,11,,1,,18234
68736,11,,1,,18235
68737,11,,1,,18236
68738,11,,1,,18237
68739,11,,1,,18238
68740,11,,1,,18239
68741,11,,1,,18240
68742,11,,1,,18241
68743,11,,1,,18242
68744,11,,1,,18243
68745,11,,1,,20143
68746,11,,1,,20144
68747,11,,1,,58335
68748,11,,1,,58336
68749,11,,1,,58337
68750,11,,1,,58338
68751,11,,1,,58339
68752,11,,1,,58340
68753,11,,1,,58341
68754,11,,1,,58342
68755,11,,1,,58343
68756,11,,1,,58854
68757,11,,1,,58855
68758,11,,1,,58856
68759,11,,1,,58857
68760,11,,1,,58858
68761,11,,1,,58859
68762,11,,1,,58860
68763,11,,1,,58861
68764,11,,1,,58862
68765,11,,1,,58863
68766,11,,1,,58864
68767,11,,1,,58865
68768,11,,1,,58866
68769,11,,1,,58867
68770,11,,1,,58868
68771,11,,1,,58869
68772,11,,1,,58870
68773,11,,1,,58871
68774,11,,1,,58872
68775,11,,1,,58873
68776,11,,1,,58874
68777,11,,1,,58875
68778,11,,1,,58876
68779,11,,1,,58877
68780,11,,1,,58878
68781,11,,1,,58879
68782,11,,1,,58880
68783,11,,1,,58881
68784,11,,1,,58882
68785,11,,1,,58883
68786,11,,1,,58884
68787,11,,1,,58885
68788,11,,1,,58886
68789,11,,1,,58887
68790,11,,1,,58888
68791,11,,1,,58889
68792,11,,1,,58890
68793,11,,1,,58891
68794,11,,1,,58892
68795,11,,1,,58893
68796,11,,1,,58894
68797,11,,1,,58895
68798,11,,1,,58896
68799,11,,1,,58897
68800,11,,1,,58898
68801,11,,1,,58899
68802,11,,1,,58900
68803,11,,1,,58901
68804,11,,1,,58902
68805,11,,1,,58903
68806,11,,1,,58904
68807,11,,1,,58905
68808,11,,1,,58906
68809,11,,1,,58907
68810,11,,1,,58908
68811,11,,1,,58909
68812,11,,1,,58910
68813,11,,1,,58911
68814,11,,1,,58912
68815,11,,1,,58913
68816,11,,1,,58914
68817,11,,1,,58915
68818,11,,1,,58916
68819,11,,1,,58917
68820,11,,1,,58918
68821,11,,1,,58919
68822,11,,1,,58920
68823,11,,1,,58921
68824,11,,1,,58922
68825,11,,1,,58923
68826,11,,1,,58924
68827,11,,1,,58925
68828,11,,1,,58926
68829,11,,1,,58927
68830,11,,1,,58928
68831,11,,1,,58929
68832,11,,1,,58930
68833,11,,1,,58931
68834,11,,1,,58932
68835,11,,1,,58933
68836,11,,1,,58934
68837,11,,1,,58935
68838,11,,1,,58936
68839,11,,1,,58937
68840,11,,1,,58938
68841,11,,1,,58939
68842,11,,1,,58940
68843,11,,1,,58941
68844,11,,1,,58942
68845,11,,1,,58943
68846,11,,1,,58944
68847,11,,1,,58945
68848,11,,1,,58946
68849,11,,1,,58947
68850,11,,1,,58948
68851,11,,1,,58949
68852,11,,1,,58950
68853,11,,1,,58951
68854,11,,1,,58952
68855,11,,1,,58953
68856,11,,1,,58954
68857,11,,1,,58955
68858,11,,1,,58956
68859,11,,1,,58957
68860,11,,1,,58958
68861,11,,1,,58959
68862,11,,1,,58960
68863,11,,1,,58961
68864,11,,1,,58962
68865,11,,1,,58963
68866,11,,1,,58964
68867,11,,1,,58965
68868,11,,1,,58966
68869,11,,1,,58967
68870,11,,1,,58968
68871,11,,1,,58969
68872,11,,1,,58970
68873,11,,1,,58971
68874,11,,1,,58972
68875,11,,1,,58973
68876,11,,1,,58974
68877,11,,1,,58975
68878,11,,1,,58976
68879,11,,1,,58977
68880,11,,1,,58978
68881,11,,1,,58979
68882,11,,1,,58980
68883,11,,1,,58981
68884,11,,1,,58982
68885,11,,1,,58983
68886,11,,1,,58984
68887,11,,1,,58985
68888,11,,1,,58986
68889,11,,1,,58987
68890,11,,1,,58988
68891,11,,1,,58989
68892,11,,1,,58990
68893,11,,1,,58991
68894,11,,1,,58992
68895,11,,1,,58993
68896,11,,1,,58994
68897,11,,1,,58995
68898,11,,1,,58996
68899,11,,1,,58997
68900,11,,1,,58998
68901,11,,1,,58999
68902,11,,1,,59000
68903,11,,1,,59001
68904,11,,1,,59002
68905,11,,1,,59003
68906,11,,1,,59004
68907,11,,1,,59005
68908,11,,1,,59006
68909,11,,1,,59007
68910,11,,1,,59008
68911,11,,1,,59009
68912,11,,1,,59010
68913,11,,1,,59011
68914,11,,1,,59012
68915,11,,1,,59013
68916,11,,1,,59014
68917,11,,1,,59015
68918,11,,1,,59016
68919,11,,1,,59017
68920,11,,1,,59018
68921,11,,1,,59019
68922,11,,1,,59020
68923,11,,1,,59021
68924,11,,1,,59022
68925,11,,1,,59023
68926,11,,1,,59024
68927,11,,1,,59025
68928,11,,1,,59026
68929,11,,1,,59027
68930,11,,1,,59028
68931,11,,1,,59029
68932,11,,1,,59030
68933,11,,1,,59031
68934,11,,1,,59032
68935,11,,1,,59033
68936,11,,1,,59034
68937,11,,1,,59035
68938,11,,1,,59036
68939,11,,1,,59037
68940,11,,1,,59038
68941,11,,1,,59040
68942,11,,1,,59041
68943,11,,1,,59042
68944,11,,1,,59043
68945,11,,1,,59044
68946,11,,1,,59045
68947,11,,1,,59046
68948,11,,1,,59048
68949,11,,1,,59049
68950,11,,1,,59050
68951,11,,1,,59051
68952,11,,1,,59052
68953,11,,1,,59053
68954,11,,1,,59054
68955,11,,1,,59055
68956,11,,1,,59056
68957,11,,1,,59057
68958,11,,1,,59058
68959,11,,1,,59059
68960,11,,1,,59060
68961,11,,1,,59061
68962,11,,1,,59062
68963,11,,1,,59063
68964,11,,1,,59064
68965,11,,1,,59065
68966,11,,1,,59066
68967,11,,1,,59067
68968,11,,1,,59068
68969,11,,1,,59069
68970,11,,1,,59070
68971,11,,1,,59071
68972,11,,1,,59072
68973,11,,1,,59073
68974,11,,1,,59074
68975,11,,1,,59075
68976,11,,1,,59076
68977,11,,1,,59077
68978,11,,1,,59078
68979,11,,1,,59079
68980,11,,1,,59080
68981,11,,1,,59081
68982,11,,1,,59082
68983,11,,1,,59083
68984,11,,1,,59084
68985,11,,1,,59085
68986,11,,1,,59086
68987,11,,1,,59087
68988,11,,1,,59088
68989,11,,1,,59089
68990,11,,1,,59090
68991,11,,1,,59091
68992,11,,1,,59092
68993,11,,1,,59093
68994,11,,1,,58344
68995,11,,1,,58345
68996,11,,1,,58346
68997,11,,1,,58347
68998,11,,1,,58348
68999,11,,1,,58349
69000,11,,1,,58351
69001,11,,1,,58352
69002,11,,1,,58353
69003,11,,1,,58354
69004,11,,1,,58355
69005,11,,1,,58356
69006,11,,1,,58358
69007,11,,1,,58359
69008,11,,1,,58360
69009,11,,1,,58361
69010,11,,1,,58362
69011,11,,1,,58363
69012,11,,1,,58364
69013,11,,1,,58365
69014,11,,1,,58366
69015,11,,1,,58367
69016,11,,1,,58368
69017,11,,1,,58369
69018,11,,1,,58370
69019,11,,1,,58371
69020,11,,1,,58372
69021,11,,1,,58373
69022,11,,1,,58374
69023,11,,1,,58375
69024,11,,1,,58376
69025,11,,1,,58377
69026,11,,1,,58378
69027,11,,1,,58379
69028,11,,1,,58380
69029,11,,1,,58381
69030,11,,1,,58382
69031,11,,1,,58383
69032,11,,1,,58384
69033,11,,1,,58385
69034,11,,1,,58386
69035,11,,1,,58387
69036,11,,1,,58388
69037,11,,1,,58389
69038,11,,1,,58390
69039,11,,1,,58391
69040,11,,1,,58392
69041,11,,1,,58393
69042,11,,1,,58394
69043,11,,1,,58395
69044,11,,1,,58396
69045,11,,1,,58397
69046,11,,1,,58398
69047,11,,1,,58399
69048,11,,1,,58400
69049,11,,1,,58401
69050,11,,1,,58402
69051,11,,1,,58403
69052,11,,1,,58404
69053,11,,1,,58405
69054,11,,1,,58406
69055,11,,1,,58407
69056,11,,1,,58408
69057,11,,1,,58409
69058,11,,1,,58410
69059,11,,1,,58411
69060,11,,1,,58412
69061,11,,1,,58413
69062,11,,1,,58414
69063,11,,1,,58415
69064,11,,1,,58416
69065,11,,1,,58417
69066,11,,1,,58418
69067,11,,1,,58419
69068,11,,1,,58420
69069,11,,1,,58421
69070,11,,1,,58422
69071,11,,1,,58423
69072,11,,1,,58424
69073,11,,1,,58425
69074,11,,1,,58426
69075,11,,1,,58427
69076,11,,1,,58428
69077,11,,1,,58429
69078,11,,1,,58430
69079,11,,1,,58431
69080,11,,1,,58432
69081,11,,1,,58433
69082,11,,1,,58434
69083,11,,1,,58435
69084,11,,1,,58436
69085,11,,1,,58437
69086,11,,1,,58438
69087,11,,1,,58439
69088,11,,1,,58440
69089,11,,1,,58441
69090,11,,1,,58443
69091,11,,1,,58444
69092,11,,1,,58445
69093,11,,1,,58446
69094,11,,1,,58447
69095,11,,1,,58448
69096,11,,1,,58449
69097,11,,1,,58450
69098,11,,1,,58451
69099,11,,1,,58452
69100,11,,1,,58453
69101,11,,1,,58454
69102,11,,1,,58455
69103,11,,1,,58456
69104,11,,1,,58457
69105,11,,1,,58458
69106,11,,1,,58459
69107,11,,1,,58460
69108,11,,1,,58461
69109,11,,1,,58462
69110,11,,1,,58463
69111,11,,1,,58464
69112,11,,1,,58465
69113,11,,1,,58466
69114,11,,1,,58467
69115,11,,1,,58468
69116,11,,1,,58469
69117,11,,1,,58470
69118,11,,1,,58471
69119,11,,1,,58472
69120,11,,1,,58473
69121,11,,1,,58474
69122,11,,1,,58475
69123,11,,1,,58476
69124,11,,1,,58477
69125,11,,1,,58478
69126,11,,1,,58479
69127,11,,1,,58480
69128,11,,1,,58481
69129,11,,1,,58482
69130,11,,1,,58483
69131,11,,1,,58484
69132,11,,1,,58485
69133,11,,1,,58486
69134,11,,1,,58487
69135,11,,1,,58488
69136,11,,1,,58489
69137,11,,1,,58490
69138,11,,1,,58491
69139,11,,1,,58492
69140,11,,1,,58493
69141,11,,1,,58494
69142,11,,1,,58495
69143,11,,1,,58496
69144,11,,1,,58497
69145,11,,1,,58498
69146,11,,1,,58499
69147,11,,1,,58500
69148,11,,1,,58501
69149,11,,1,,58502
69150,11,,1,,58503
69151,11,,1,,58504
69152,11,,1,,58505
69153,11,,1,,58506
69154,11,,1,,58507
69155,11,,1,,58508
69156,11,,1,,58509
69157,11,,1,,58510
69158,11,,1,,58511
69159,11,,1,,58512
69160,11,,1,,58513
69161,11,,1,,58514
69162,11,,1,,58515
69163,11,,1,,58516
69164,11,,1,,58517
69165,11,,1,,58518
69166,11,,1,,58519
69167,11,,1,,58520
69168,11,,1,,58521
69169,11,,1,,58522
69170,11,,1,,58523
69171,11,,1,,58524
69172,11,,1,,58525
69173,11,,1,,58526
69174,11,,1,,58527
69175,11,,1,,58528
69176,11,,1,,58529
69177,11,,1,,58530
69178,11,,1,,58531
69179,11,,1,,58532
69180,11,,1,,58533
69181,11,,1,,58534
69182,11,,1,,58535
69183,11,,1,,58536
69184,11,,1,,58537
69185,11,,1,,58538
69186,11,,1,,58540
69187,11,,1,,58541
69188,11,,1,,58542
69189,11,,1,,58543
69190,11,,1,,58544
69191,11,,1,,58545
69192,11,,1,,58546
69193,11,,1,,58547
69194,11,,1,,58549
69195,11,,1,,58550
69196,11,,1,,58551
69197,11,,1,,58552
69198,11,,1,,58553
69199,11,,1,,58554
69200,11,,1,,58555
69201,11,,1,,58556
69202,11,,1,,58557
69203,11,,1,,58558
69204,11,,1,,58559
69205,11,,1,,58560
69206,11,,1,,58561
69207,11,,1,,58562
69208,11,,1,,58563
69209,11,,1,,58564
69210,11,,1,,58565
69211,11,,1,,58566
69212,11,,1,,58567
69213,11,,1,,58568
69214,11,,1,,58569
69215,11,,1,,58570
69216,11,,1,,58571
69217,11,,1,,58572
69218,11,,1,,58573
69219,11,,1,,58574
69220,11,,1,,58575
69221,11,,1,,58576
69222,11,,1,,58577
69223,11,,1,,58578
69224,11,,1,,58579
69225,11,,1,,58580
69226,11,,1,,58581
69227,11,,1,,58582
69228,11,,1,,58583
69229,11,,1,,58584
69230,11,,1,,58585
69231,11,,1,,58586
69232,11,,1,,58587
69233,11,,1,,58588
69234,11,,1,,58589
69235,11,,1,,58590
69236,11,,1,,58591
69237,11,,1,,58592
69238,11,,1,,58593
69239,11,,1,,58594
69240,11,,1,,58595
69241,11,,1,,58596
69242,11,,1,,58597
69243,11,,1,,58598
69244,11,,1,,58599
69245,11,,1,,58600
69246,11,,1,,58601
69247,11,,1,,58602
69248,11,,1,,58603
69249,11,,1,,58604
69250,11,,1,,58605
69251,11,,1,,58606
69252,11,,1,,58607
69253,11,,1,,58608
69254,11,,1,,58609
69255,11,,1,,58610
69256,11,,1,,58611
69257,11,,1,,58612
69258,11,,1,,58613
69259,11,,1,,58614
69260,11,,1,,58615
69261,11,,1,,58616
69262,11,,1,,58617
69263,11,,1,,58618
69264,11,,1,,58619
69265,11,,1,,58620
69266,11,,1,,58621
69267,11,,1,,58622
69268,11,,1,,58623
69269,11,,1,,58624
69270,11,,1,,58625
69271,11,,1,,58626
69272,11,,1,,58627
69273,11,,1,,58628
69274,11,,1,,58629
69275,11,,1,,58630
69276,11,,1,,58631
69277,11,,1,,58632
69278,11,,1,,58633
69279,11,,1,,58634
69280,11,,1,,58635
69281,11,,1,,58636
69282,11,,1,,58637
69283,11,,1,,58638
69284,11,,1,,58639
69285,11,,1,,58640
69286,11,,1,,58641
69287,11,,1,,58642
69288,11,,1,,58643
69289,11,,1,,58644
69290,11,,1,,58645
69291,11,,1,,58646
69292,11,,1,,58647
69293,11,,1,,58648
69294,11,,1,,58649
69295,11,,1,,58650
69296,11,,1,,58651
69297,11,,1,,58652
69298,11,,1,,58653
69299,11,,1,,58654
69300,11,,1,,58655
69301,11,,1,,58656
69302,11,,1,,58657
69303,11,,1,,58658
69304,11,,1,,58659
69305,11,,1,,58660
69306,11,,1,,58661
69307,11,,1,,58662
69308,11,,1,,58663
69309,11,,1,,58664
69310,11,,1,,58665
69311,11,,1,,58666
69312,11,,1,,58667
69313,11,,1,,58668
69314,11,,1,,58669
69315,11,,1,,58670
69316,11,,1,,58671
69317,11,,1,,58672
69318,11,,1,,58673
69319,11,,1,,58674
69320,11,,1,,58675
69321,11,,1,,58676
69322,11,,1,,58677
69323,11,,1,,58678
69324,11,,1,,58679
69325,11,,1,,58680
69326,11,,1,,58681
69327,11,,1,,58682
69328,11,,1,,58683
69329,11,,1,,58684
69330,11,,1,,58685
69331,11,,1,,58686
69332,11,,1,,58687
69333,11,,1,,58688
69334,11,,1,,58689
69335,11,,1,,58690
69336,11,,1,,58691
69337,11,,1,,58692
69338,11,,1,,58693
69339,11,,1,,58694
69340,11,,1,,58695
69341,11,,1,,58696
69342,11,,1,,58697
69343,11,,1,,58698
69344,11,,1,,58699
69345,11,,1,,58700
69346,11,,1,,58701
69347,11,,1,,58702
69348,11,,1,,58703
69349,11,,1,,58704
69350,11,,1,,58705
69351,11,,1,,58706
69352,11,,1,,58707
69353,11,,1,,58708
69354,11,,1,,58709
69355,11,,1,,58710
69356,11,,1,,58711
69357,11,,1,,58712
69358,11,,1,,58713
69359,11,,1,,58714
69360,11,,1,,58715
69361,11,,1,,58716
69362,11,,1,,58717
69363,11,,1,,58719
69364,11,,1,,58720
69365,11,,1,,58721
69366,11,,1,,58722
69367,11,,1,,58723
69368,11,,1,,58724
69369,11,,1,,58725
69370,11,,1,,58726
69371,11,,1,,58727
69372,11,,1,,58728
69373,11,,1,,58729
69374,11,,1,,58730
69375,11,,1,,58731
69376,11,,1,,58732
69377,11,,1,,58733
69378,11,,1,,58734
69379,11,,1,,58735
69380,11,,1,,58736
69381,11,,1,,58737
69382,11,,1,,58738
69383,11,,1,,58739
69384,11,,1,,58740
69385,11,,1,,58741
69386,11,,1,,58742
69387,11,,1,,58743
69388,11,,1,,58744
69389,11,,1,,58745
69390,11,,1,,58746
69391,11,,1,,58747
69392,11,,1,,58748
69393,11,,1,,58749
69394,11,,1,,58750
69395,11,,1,,58751
69396,11,,1,,58752
69397,11,,1,,58753
69398,11,,1,,58754
69399,11,,1,,58755
69400,11,,1,,58756
69401,11,,1,,58757
69402,11,,1,,58758
69403,11,,1,,58759
69404,11,,1,,58760
69405,11,,1,,58761
69406,11,,1,,58762
69407,11,,1,,58763
69408,11,,1,,58764
69409,11,,1,,58765
69410,11,,1,,58766
69411,11,,1,,58767
69412,11,,1,,58768
69413,11,,1,,58769
69414,11,,1,,58770
69415,11,,1,,58771
69416,11,,1,,58772
69417,11,,1,,58773
69418,11,,1,,58774
69419,11,,1,,58775
69420,11,,1,,58776
69421,11,,1,,58777
69422,11,,1,,58778
69423,11,,1,,58779
69424,11,,1,,58780
69425,11,,1,,58781
69426,11,,1,,58782
69427,11,,1,,58783
69428,11,,1,,58784
69429,11,,1,,58785
69430,11,,1,,58786
69431,11,,1,,58787
69432,11,,1,,58788
69433,11,,1,,58789
69434,11,,1,,58790
69435,11,,1,,58791
69436,11,,1,,58792
69437,11,,1,,58793
69438,11,,1,,58794
69439,11,,1,,58795
69440,11,,1,,58796
69441,11,,1,,58797
69442,11,,1,,58798
69443,11,,1,,58799
69444,11,,1,,58800
69445,11,,1,,58801
69446,11,,1,,58802
69447,11,,1,,58803
69448,11,,1,,58804
69449,11,,1,,58805
69450,11,,1,,58806
69451,11,,1,,58807
69452,11,,1,,58808
69453,11,,1,,58809
69454,11,,1,,58810
69455,11,,1,,58811
69456,11,,1,,58812
69457,11,,1,,58813
69458,11,,1,,58814
69459,11,,1,,58815
69460,11,,1,,58816
69461,11,,1,,58817
69462,11,,1,,58818
69463,11,,1,,58819
69464,11,,1,,58820
69465,11,,1,,58821
69466,11,,1,,58822
69467,11,,1,,58823
69468,11,,1,,59094
69469,11,,1,,59095
69470,11,,1,,59096
69471,11,,1,,59097
69472,11,,1,,59098
69473,11,,1,,59099
69474,11,,1,,59100
69475,11,,1,,59101
69476,11,,1,,59102
69477,11,,1,,59103
69478,11,,1,,59104
69479,11,,1,,59105
69480,11,,1,,59106
69481,11,,1,,59107
69482,11,,1,,59108
69483,11,,1,,59109
69484,11,,1,,59110
69485,11,,1,,59111
69486,11,,1,,59112
69487,11,,1,,59113
69488,11,,1,,59114
69489,11,,1,,59115
69490,11,,1,,59116
69491,11,,1,,59117
69492,11,,1,,59118
69493,11,,1,,59119
69494,11,,1,,59120
69495,11,,1,,59121
69496,11,,1,,59122
69497,11,,1,,59123
69498,11,,1,,59124
69499,11,,1,,59125
69500,11,,1,,59126
69501,11,,1,,59127
69502,11,,1,,59128
69503,11,,1,,59129
69504,11,,1,,59130
69505,11,,1,,59131
69506,11,,1,,59132
69507,11,,1,,59133
69508,11,,1,,59134
69509,11,,1,,59135
69510,11,,1,,59136
69511,11,,1,,59137
69512,11,,1,,59138
69513,11,,1,,59139
69514,11,,1,,59140
69515,11,,1,,59141
69516,11,,1,,59142
69517,11,,1,,59143
69518,11,,1,,59144
69519,11,,1,,59145
69520,11,,1,,59146
69521,11,,1,,59147
69522,11,,1,,59148
69523,11,,1,,59149
69524,11,,1,,59150
69525,11,,1,,59151
69526,11,,1,,59152
69527,11,,1,,59153
69528,11,,1,,59154
69529,11,,1,,59155
69530,11,,1,,59156
69531,11,,1,,59157
69532,11,,1,,59158
69533,11,,1,,59160
69534,11,,1,,59161
69535,11,,1,,59162
69536,11,,1,,59163
69537,11,,1,,59164
69538,11,,1,,59165
69539,11,,1,,59166
69540,11,,1,,59167
69541,11,,1,,59168
69542,11,,1,,59169
69543,11,,1,,59170
69544,11,,1,,59171
69545,11,,1,,59172
69546,11,,1,,59173
69547,11,,1,,59174
69548,11,,1,,59175
69549,11,,1,,59176
69550,11,,1,,59177
69551,11,,1,,59178
69552,11,,1,,59179
69553,11,,1,,59180
69554,11,,1,,59181
69555,11,,1,,59182
69556,11,,1,,59183
69557,11,,1,,59184
69558,11,,1,,59185
69559,11,,1,,59186
69560,11,,1,,59187
69561,11,,1,,59188
69562,11,,1,,59189
69563,11,,1,,59190
69564,11,,1,,59191
69565,11,,1,,59192
69566,11,,1,,59193
69567,11,,1,,59194
69568,11,,1,,59195
69569,11,,1,,59196
69570,11,,1,,59197
69571,11,,1,,59198
69572,11,,1,,59199
69573,11,,1,,59200
69574,11,,1,,59201
69575,11,,1,,59202
69576,11,,1,,59203
69577,11,,1,,59204
69578,11,,1,,59205
69579,11,,1,,59206
69580,11,,1,,59207
69581,11,,1,,59208
69582,11,,1,,59209
69583,11,,1,,59210
69584,11,,1,,59211
69585,11,,1,,59212
69586,11,,1,,59213
69587,11,,1,,59214
69588,11,,1,,59215
69589,11,,1,,59216
69590,11,,1,,59217
69591,11,,1,,59218
69592,11,,1,,59219
69593,11,,1,,59220
69594,11,,1,,59221
69595,11,,1,,59222
69596,11,,1,,59223
69597,11,,1,,59224
69598,11,,1,,59225
69599,11,,1,,59226
69600,11,,1,,59227
69601,11,,1,,59228
69602,11,,1,,59229
69603,11,,1,,59230
69604,11,,1,,59231
69605,11,,1,,59232
69606,11,,1,,59233
69607,11,,1,,59234
69608,11,,1,,59235
69609,11,,1,,59236
69610,11,,1,,59237
69611,11,,1,,59238
69612,11,,1,,59239
69613,11,,1,,59240
69614,11,,1,,59241
69615,11,,1,,59242
69616,11,,1,,59243
69617,11,,1,,59244
69618,11,,1,,59245
69619,11,,1,,59246
69620,11,,1,,59247
69621,11,,1,,59248
69622,11,,1,,59249
69623,11,,1,,59250
69624,11,,1,,59251
69625,11,,1,,59252
69626,11,,1,,59253
69627,11,,1,,59254
69628,11,,1,,59255
69629,11,,1,,59256
69630,11,,1,,59257
69631,11,,1,,59258
69632,11,,1,,59259
69633,11,,1,,59260
69634,11,,1,,59261
69635,11,,1,,59262
69636,11,,1,,59263
69637,11,,1,,59264
69638,11,,1,,59265
69639,11,,1,,59266
69640,11,,1,,59267
69641,11,,1,,59269
69642,11,,1,,59270
69643,11,,1,,59271
69644,11,,1,,59272
69645,11,,1,,59273
69646,11,,1,,59274
69647,11,,1,,59275
69648,11,,1,,59276
69649,11,,1,,59277
69650,11,,1,,59278
69651,11,,1,,59279
69652,11,,1,,59280
69653,11,,1,,59281
69654,11,,1,,59282
69655,11,,1,,59283
69656,11,,1,,59284
69657,11,,1,,59285
69658,11,,1,,59286
69659,11,,1,,59287
69660,11,,1,,59288
69661,11,,1,,59289
69662,11,,1,,59290
69663,11,,1,,59291
69664,11,,1,,59292
69665,11,,1,,59293
69666,11,,1,,59294
69667,11,,1,,59295
69668,11,,1,,59296
69669,11,,1,,59297
69670,11,,1,,62071
69671,11,,1,,62072
69672,11,,1,,62073
69673,11,,1,,62074
69674,11,,1,,62075
69675,11,,1,,62076
69676,11,,1,,62077
69677,11,,1,,62078
69678,11,,1,,62079
69679,11,,1,,62080
69680,11,,1,,62081
69681,11,,1,,62082
69682,11,,1,,62083
69683,11,,1,,62084
69684,11,,1,,62085
69685,11,,1,,62086
69686,11,,1,,62087
69687,11,,1,,62088
69688,11,,1,,62089
69689,11,,1,,62090
69690,11,,1,,62091
69691,11,,1,,62092
69692,11,,1,,62093
69693,11,,1,,62094
69694,11,,1,,62095
69695,11,,1,,62096
69696,11,,1,,62097
69697,11,,1,,62098
69698,11,,1,,62099
69699,11,,1,,62100
69700,11,,1,,62101
69701,11,,1,,62102
69702,11,,1,,62103
69703,11,,1,,62104
69704,11,,1,,62105
69705,11,,1,,62106
69706,11,,1,,62107
69707,11,,1,,62108
69708,11,,1,,62109
69709,11,,1,,62110
69710,11,,1,,62111
69711,11,,1,,62112
69712,11,,1,,62113
69713,11,,1,,62114
69714,11,,1,,62115
69715,11,,1,,62116
69716,11,,1,,62117
69717,11,,1,,62118
69718,11,,1,,62119
69719,11,,1,,62120
69720,11,,1,,62121
69721,11,,1,,62122
69722,11,,1,,62123
69723,11,,1,,62124
69724,11,,1,,62125
69725,11,,1,,62126
69726,11,,1,,62127
69727,11,,1,,62128
69728,11,,1,,62129
69729,11,,1,,62130
69730,11,,1,,62131
69731,11,,1,,62132
69732,11,,1,,62133
69733,11,,1,,62134
69734,11,,1,,62135
69735,11,,1,,62136
69736,11,,1,,62138
69737,11,,1,,62139
69738,11,,1,,62140
69739,11,,1,,62141
69740,11,,1,,62142
69741,11,,1,,62143
69742,11,,1,,62144
69743,11,,1,,62145
69744,11,,1,,62146
69745,11,,1,,62147
69746,11,,1,,62148
69747,11,,1,,62149
69748,11,,1,,62150
69749,11,,1,,62151
69750,11,,1,,62152
69751,11,,1,,62153
69752,11,,1,,62154
69753,11,,1,,62155
69754,11,,1,,62156
69755,11,,1,,62157
69756,11,,1,,62158
69757,11,,1,,62159
69758,11,,1,,62160
69759,11,,1,,62161
69760,11,,1,,62162
69761,11,,1,,62163
69762,11,,1,,62164
69763,11,,1,,62165
69764,11,,1,,62166
69765,11,,1,,62167
69766,11,,1,,62168
69767,11,,1,,62169
69768,11,,1,,62170
69769,11,,1,,62171
69770,11,,1,,62172
69771,11,,1,,62173
69772,11,,1,,62174
69773,11,,1,,62175
69774,11,,1,,62176
69775,11,,1,,62177
69776,11,,1,,62178
69777,11,,1,,62179
69778,11,,1,,62180
69779,11,,1,,62181
69780,11,,1,,62182
69781,11,,1,,62183
69782,11,,1,,62184
69783,11,,1,,62185
69784,11,,1,,62186
69785,11,,1,,62187
69786,11,,1,,62189
69787,11,,1,,62190
69788,11,,1,,62191
69789,11,,1,,62193
69790,11,,1,,62194
69791,11,,1,,62195
69792,11,,1,,62196
69793,11,,1,,68888
69794,11,,1,,68889
69795,11,,1,,68890
69796,11,,1,,68891
69797,11,,1,,68892
69798,11,,1,,68893
69799,11,,1,,68894
69800,11,,1,,68895
69801,11,,1,,68896
69802,11,,1,,68897
69803,11,,1,,68898
69804,11,,1,,68899
69805,39,6,1,,69349
69806,39,6,1,,69350
69807,39,6,1,,69351
69808,39,6,1,,69352
69809,60,,1,,69353
69810,39,6,1,,69354
69811,60,,1,,69355
69812,60,,1,,69356
69813,60,,1,,69357
69814,60,,1,,69358
69815,60,,1,,69359
69816,39,6,1,,69360
69817,60,6,1,,69361
69818,39,6,1,,69362
69819,59,,1,,69363
69820,59,,1,,69364
69821,36,,1,,69365
69822,36,40,1,,69366
69823,36,,1,,69367
69824,36,,1,,69368
69825,36,,1,,69369
69826,39,6,1,,69370
69827,23,7,1,,69371
69828,23,,1,,69372
69829,36,,1,,69373
69830,36,,1,,69374
69831,21,,1,,69375
69832,39,6,1,,69376
69833,39,6,1,,69377
69834,23,7,1,,69378
69835,39,6,1,,69379
69836,23,7,1,,69380
69837,23,7,1,,69381
69838,23,7,1,,69382
69839,23,7,1,,69383
69840,36,,1,,69384
69841,36,,1,,69385
69842,3,,1,,69386
69843,39,6,1,,69387
69844,23,7,1,,69387
69845,39,6,1,,69388
69846,23,7,1,,69389
69847,39,6,1,,69390
69848,39,6,1,,69391
69849,39,6,1,,69392
69850,39,6,1,,69393
69851,39,6,1,,69394
69852,39,6,1,,69395
69853,39,6,1,,69396
69854,39,6,1,,69397
69855,39,3,1,,69398
69856,39,1,2,,69399
69857,39,1,2,,69400
69858,39,1,2,,69401
69859,39,1,1,,69402
69860,39,1,1,,69403
69861,39,1,1,,69404
69862,39,1,1,,69405
69863,39,1,2,,69406
69864,39,1,2,,69407
69865,39,3,1,,69408
69866,39,1,1,,69409
69867,39,1,1,,69410
69868,23,7,1,,69410
69869,39,1,1,,69411
69870,39,1,1,,69412
69871,23,7,1,,69412
69872,39,3,1,,69413
69873,39,3,1,,69415
69874,60,,1,,69414
69875,39,3,1,,69416
69876,39,3,1,,69417
69877,39,1,1,,69418
69878,39,1,1,,69419
69879,39,1,2,,69420
69880,39,1,2,,69421
69881,39,1,2,,69422
69882,39,1,1,,69423
69883,23,7,1,,69423
69884,60,,1,,69424
69885,39,1,1,,69425
69886,39,1,1,,69426
69887,36,,2,,69427
69888,39,1,2,,69428
69889,60,,1,,69429
69890,60,,1,,69430
69891,39,1,1,,69431
69892,39,1,1,,69432
69893,36,,2,,69433
69894,39,1,2,,69434
69895,23,5,1,,69434
69896,39,1,1,,69435
69897,23,7,1,,69435
69898,39,1,1,,69436
69899,39,1,2,,69437
69900,39,3,1,,69438
69901,39,1,1,,69439
69902,39,3,1,,69440
69903,39,3,1,,69441
69904,39,3,1,,69442
69905,39,1,1,,69443
69906,39,1,1,,69444
69907,39,1,2,,69445
69908,39,1,2,,69446
69909,39,1,2,,69447
69910,39,1,1,,69448
69911,39,1,1,,69449
69912,60,,1,,69450
69913,39,1,1,,69451
69914,39,1,2,,69452
69915,39,1,1,,69453
69916,39,1,2,,69454
69917,39,4,1,,69455
69918,39,1,1,,69456
69919,39,4,2,,69457
69920,39,1,1,,69458
69921,39,1,2,,69459
69922,39,1,2,,69460
69923,39,1,2,,69461
69924,23,7,1,,69461
69925,39,3,1,,69462
69926,39,1,1,,69463
69927,39,1,1,,69464
69928,39,1,1,,69465
69929,39,1,2,,69466
69930,23,7,1,,69466
69931,39,1,2,,69467
69932,23,7,1,,69467
69933,55,,1,,69468
69934,39,1,1,,69469
69935,39,3,1,,69470
69936,39,3,1,,69471
69937,36,,1,,69472
69938,36,,1,,69473
69939,39,3,1,,69474
69940,39,3,1,,69475
69941,39,1,1,,69476
69942,39,1,2,,69477
69943,39,1,1,,69478
69944,39,1,1,,69479
69945,39,1,1,,69480
69946,39,1,2,,69481
69947,60,,1,,69482
69948,60,,1,,69483
69949,39,3,1,,69484
69950,39,1,1,,69485
69951,39,3,1,,69486
69952,39,1,1,,69487
69953,39,1,1,,69488
69954,39,1,1,,69489
69955,39,1,1,,69490
69956,39,1,1,,69491
69957,39,3,1,,69492
69958,39,1,1,,69493
69959,39,1,1,,69494
69960,23,7,1,,69494
69961,39,3,1,,69495
69962,39,1,1,,69496
69963,23,7,1,,69496
69964,39,1,2,,69497
69965,39,1,1,,69498
69966,39,1,1,,69499
69967,39,1,1,,69500
69968,39,1,1,,69501
69969,39,3,1,,69502
69970,60,,1,,69503
69971,39,1,1,,69504
69972,39,3,1,,69505
69973,39,3,1,,69506
69974,39,1,1,,69507
69975,39,1,1,,69508
69976,39,1,2,,69509
69977,39,1,1,,69510
69978,39,1,1,,69511
69979,39,1,1,,69512
69980,39,3,1,,69513
69981,39,3,1,,69514
69982,60,,1,,69515
69983,39,1,1,,69516
69984,39,1,2,,69517
69985,39,1,2,,69518
69986,39,1,2,,69519
69987,39,1,1,,69520
69988,60,,1,,69521
69989,39,1,2,,69522
69990,39,1,2,,69523
69991,60,,1,,69524
69992,39,3,1,,69525
69993,39,1,1,,69526
69994,39,3,1,,69527
69995,39,1,1,,69528
69996,39,3,1,,69529
69997,39,1,1,,69530
69998,39,1,1,,69531
69999,39,1,1,,69532
70000,60,,1,,69533
70001,60,,1,,69534
70002,39,3,1,,69535
70003,39,3,1,,69536
70004,39,1,2,,69537
70005,23,7,1,,69537
70006,39,1,2,,69538
70007,39,1,2,,69539
70008,39,1,1,,69540
70009,39,1,1,,69541
70010,60,,1,,69542
70011,39,1,1,,69543
70012,60,,1,,69544
70013,60,,1,,69545
70014,39,1,1,,69546
70015,39,1,2,,69547
70016,39,1,1,,69548
70017,39,1,1,,69549
70018,60,,1,,69550
70019,39,3,1,,69551
70020,39,1,2,,69552
70021,23,7,1,,69552
70022,39,1,1,,69553
70023,39,1,3,,69554
70024,23,7,1,,69554
70025,39,1,2,,69555
70026,23,7,1,,69555
70027,39,1,1,,69556
70028,39,1,1,,69557
70029,39,1,3,,69558
70030,39,1,1,,69559
70031,39,1,1,,69560
70032,39,3,1,,69561
70033,60,,1,,69562
70034,39,1,2,,69563
70035,39,1,1,,69564
70036,39,1,1,,69565
70037,39,1,1,,69566
70038,60,,1,,69567
70039,60,,1,,69568
70040,60,,1,,69569
70041,39,3,1,,69570
70042,60,,1,,69571
70043,60,,1,,69572
70044,39,1,2,,69573
70045,60,,1,,69574
70046,39,3,1,,69575
70047,39,3,1,,69576
70048,39,1,1,,69577
70049,39,1,2,,69578
70050,39,3,1,,69579
70051,39,1,1,,69580
70052,39,1,1,,69581
70053,39,3,1,,69582
70054,39,1,2,,69583
70055,23,7,1,,69583
70056,39,3,1,,69584
70057,39,1,1,,69585
70058,39,3,1,,69586
70059,39,1,2,,69587
70060,23,7,1,,69587
70061,39,1,2,,69588
70062,60,,1,,69589
70063,36,,3,,69590
70064,39,1,1,,69591
70065,60,,1,,69592
70066,60,,1,,69593
70067,39,1,1,,69594
70068,39,1,1,,69595
70069,39,1,1,,69596
70070,39,1,1,,69597
70071,39,3,1,,69598
70072,39,1,2,,69599
70073,39,1,2,,69600
70074,60,,1,,69601
70075,39,1,1,,69602
70076,39,1,1,,69603
70077,60,,1,,69604
70078,36,,2,,69605
70079,36,,1,,69606
70080,39,3,1,,69607
70081,36,,1,,69608
70082,39,1,1,,69609
70083,39,1,1,,69610
70084,39,1,2,,69611
70085,39,1,1,,69612
70086,39,1,1,,69613
70087,60,,1,,69614
70088,39,3,1,,69615
70089,39,3,1,,69616
70090,39,3,1,,69617
70091,39,1,1,,69618
70092,39,1,1,,69619
70093,39,1,2,,69620
70094,39,3,1,,69621
70095,39,1,1,,69622
70096,39,1,1,,69623
70097,39,1,2,,69624
70098,39,1,2,,69625
70099,39,1,1,,69626
70100,39,1,1,,69627
70101,39,1,1,,69628
70102,39,1,2,,69629
70103,39,1,2,,69630
70104,39,1,1,,69631
70105,39,3,1,,69632
70106,39,3,1,,69633
70107,39,1,3,,69634
70108,39,1,1,,69635
70109,39,1,2,,69636
70110,39,1,2,,69637
70111,39,1,2,,69638
70112,39,1,2,,69639
70113,60,,1,,69640
70114,39,3,1,,69641
70115,39,1,1,,69642
70116,60,3,1,,69643
70117,60,,1,,69644
70118,60,,1,,69645
70119,36,,1,,69646
70120,60,,1,,69647
70121,55,,1,,69648
70122,36,,1,,69649
70123,39,3,1,,69650
70124,39,3,1,,69651
70125,39,1,1,,69652
70126,60,,1,,69653
70127,39,1,1,,69654
70128,39,1,1,,69655
70129,39,1,1,,69656
70130,39,1,1,,69657
70131,39,1,1,,69658
70132,36,,1,,69659
70133,39,3,1,,69660
70134,39,1,2,,69661
70135,39,1,2,,69662
70136,39,3,1,,69663
70137,60,,1,,69664
70138,39,1,2,,69665
70139,36,,1,,69666
70140,36,,1,,69667
70141,39,3,1,,69668
70142,39,1,1,,69669
70143,39,1,1,,69670
70144,39,1,1,,69671
70145,39,1,1,,69672
70146,39,1,3,,69673
70147,39,1,2,,69674
70148,39,1,1,,69675
70149,39,1,1,,69676
70150,39,1,1,,69677
70151,23,5,1,,69677
70152,39,3,1,,69678
70153,39,1,1,,69679
70154,39,3,1,,69680
70155,39,3,1,,69681
70156,39,1,1,,69682
70157,39,1,1,,69683
70158,39,1,1,,69684
70159,39,1,1,,69685
70160,39,1,2,,69686
70161,39,1,1,,69687
70162,39,1,1,,69688
70163,23,7,1,,69688
70164,39,1,1,,69689
70165,39,1,1,,69690
70166,39,1,2,,69691
70167,39,1,1,,69692
70168,39,1,1,,69693
70169,23,7,1,,69693
70170,39,1,2,,69694
70171,39,1,2,,69695
70172,39,1,2,,69696
70173,39,1,2,,69697
70174,39,1,2,,69698
70175,39,1,2,,69699
70176,39,1,1,,69700
70177,39,1,2,,69701
70178,60,,1,,69702
70179,39,1,1,,69703
70180,55,,1,,69704
70181,36,,1,,69705
70182,11,,1,,69706
70183,36,,1,,69707
70184,36,,1,,69708
70185,11,,1,,69709
70186,36,,1,,69710
70187,39,1,1,,69711
70188,39,1,1,,69712
70189,39,3,1,,69713
70190,39,1,1,,69714
70191,60,,1,,69715
70192,60,,1,,69716
70193,39,1,1,,69717
70194,39,1,1,,69718
70195,60,,1,,69719
70196,39,1,1,,69720
70197,39,1,2,,69721
70198,39,1,2,,69722
70199,39,1,2,,69723
70200,39,1,2,,69724
70201,60,,1,,69725
70202,60,,1,,69726
70203,55,,1,,69727
70204,36,,1,,69728
70205,36,,1,,69729
70206,39,1,1,,69730
70207,39,1,1,,69731
70208,23,7,1,,69731
70209,39,1,1,,69732
70210,39,1,1,,69733
70211,23,7,1,,69733
70212,60,,1,,69734
70213,60,,1,,69735
70214,39,1,1,,69736
70215,39,1,1,,69737
70216,39,1,2,,69738
70217,39,1,1,,69739
70218,39,3,1,,69740
70219,39,1,1,,69741
70220,39,1,1,,69742
70221,39,1,2,,69743
70222,60,,1,,69744
70223,39,3,1,,69745
70224,39,1,2,,69746
70225,39,1,1,,69747
70226,39,3,1,,69748
70227,39,3,1,,69749
70228,60,,1,,69750
70229,39,4,1,,69751
70230,39,1,1,,69752
70231,39,1,2,,69753
70232,39,1,1,,69754
70233,60,,1,,69755
70234,60,,1,,69756
70235,36,,1,,69757
70236,36,,1,,69758
70237,36,,1,,69759
70238,36,,1,,69760
70239,39,1,1,,69761
70240,39,1,2,,69762
70241,39,3,1,,69763
70242,39,4,2,,69764
70243,39,1,2,,69765
70244,39,1,1,,69766
70245,39,1,1,,69767
70246,39,1,1,,69768
70247,39,1,2,,69769
70248,39,1,1,,69770
70249,39,1,2,,69771
70250,39,3,1,,69772
70251,39,3,1,,69773
70252,39,1,2,,69774
70253,39,1,1,,69775
70254,39,1,1,,69776
70255,39,1,1,,69777
70256,55,,1,,69778
70257,39,1,1,,69779
70258,39,1,2,,69780
70259,39,1,2,,69781
70260,39,1,1,,69782
70261,23,7,1,,69782
70262,39,1,1,,69783
70263,60,,1,,69784
70264,60,,1,,69785
70265,60,,1,,69786
70266,60,,1,,69787
70267,60,,1,,69788
70268,60,,1,,69789
70269,60,,1,,69790
70270,60,,1,,69791
70271,60,,1,,69792
70272,60,,1,,69793
70273,60,,1,,69794
70274,60,,1,,69795
70275,60,,1,,69796
70276,39,1,2,,69797
70277,39,1,2,,69798
70278,39,1,2,,69799
70279,39,1,1,,69800
70280,39,3,1,,69801
70281,11,,1,,69802
70282,39,1,1,,69803
70283,39,1,2,,69804
70284,39,1,2,,69805
70285,39,1,1,,69806
70286,39,3,1,,69807
70287,39,3,1,,69808
70288,39,3,1,,69809
70289,39,3,1,,69810
70290,39,1,2,,69811
70291,39,1,1,,69812
70292,39,1,1,,69813
70293,60,,1,,69814
70294,39,1,1,,69815
70295,23,7,1,,69815
70296,39,1,2,,69816
70297,39,1,1,,69817
70298,39,1,1,,69818
70299,39,1,1,,69819
70300,39,1,1,,69820
70301,39,1,1,,69821
70302,39,1,1,,69822
70303,23,7,1,,69822
70304,39,1,2,,69823
70305,39,1,1,,69824
70306,39,1,2,,69825
70307,39,1,2,,69826
70308,39,1,1,,69827
70309,60,,1,,69828
70310,60,,1,,69829
70311,60,,1,,69830
70312,60,,1,,69831
70313,60,,1,,69832
70314,60,,1,,69833
70315,60,,1,,69834
70316,39,1,2,,69835
70317,39,1,2,,69836
70318,39,1,1,,69837
70319,39,1,1,,69838
70320,39,1,3,,69839
70321,39,1,1,,69840
70322,39,1,2,,69841
70323,39,1,1,,69842
70324,39,1,2,,69843
70325,39,1,1,,69844
70326,39,1,1,,69845
70327,39,1,1,,69846
70328,60,,1,,69847
70329,39,1,1,,69848
70330,39,1,1,,69849
70331,39,1,1,,69850
70332,39,1,1,,69851
70333,39,1,1,,69852
70334,39,3,1,,69853
70335,60,,1,,69854
70336,60,,1,,69855
70337,39,1,1,,69856
70338,39,1,1,,69857
70339,39,1,1,,69858
70340,39,1,1,,69859
70341,39,1,1,,69860
70342,39,1,1,,69861
70343,39,3,1,,69862
70344,39,3,1,,69863
70345,39,1,1,,69864
70346,23,7,1,,69864
70347,39,3,1,,69865
70348,39,1,1,,69866
70349,39,1,2,,69867
70350,39,3,1,,69868
70351,39,1,1,,69869
70352,23,7,1,,69869
70353,39,1,2,,69870
70354,39,1,2,,69871
70355,39,1,1,,69872
70356,39,1,1,,69873
70357,60,,1,,69874
70358,39,3,1,,69875
70359,55,,1,,69876
70360,39,1,2,,69877
70361,39,1,2,,69878
70362,39,1,1,,69879
70364,23,7,1,,69879
70365,39,1,1,,69880
70366,23,7,1,,69880
70367,39,1,1,,69881
70368,39,1,1,,69882
70369,23,7,1,,69882
70370,39,3,1,,69883
70371,39,1,2,,69884
70372,39,1,1,,69885
70373,39,3,1,,69886
70374,39,1,1,,69887
70375,39,1,2,,69888
70376,39,1,2,,69889
70377,39,1,1,,69890
70378,39,3,1,,69891
70379,39,1,2,,69892
70380,39,1,1,,69893
70381,39,3,1,,69894
70382,39,3,1,,69895
70383,39,1,1,,69896
70384,39,1,1,,69897
70385,39,1,2,,69898
70386,39,1,2,,69899
70387,39,1,2,,69900
70388,39,1,2,,69901
70389,39,1,3,,69902
70390,39,1,1,,69903
70391,39,1,1,,69904
70392,39,1,1,,69905
70393,23,7,1,,69905
70394,39,1,1,,69906
70395,39,1,2,,69907
70396,39,1,2,,69908
70397,39,1,2,,69909
70398,39,1,1,,69910
70399,39,3,2,,69911
70400,60,,1,,69912
70401,36,,1,,69913
70402,39,3,1,,69914
70403,36,,1,,69915
70404,39,1,1,,69916
70405,39,1,1,,69917
70406,39,1,1,,69918
70407,39,1,1,,69919
70408,39,1,1,,69920
70409,39,1,1,,69921
70410,39,1,1,,69922
70411,39,1,2,,69923
70412,39,3,1,,69924
70413,39,1,1,,69925
70414,39,1,1,,69926
70415,39,1,2,,69927
70416,39,3,1,,69928
70417,39,1,1,,69929
70418,39,3,1,,69930
70419,39,1,1,,69931
70420,39,1,3,,69932
70421,39,1,2,,69933
70422,39,1,1,,69934
70423,39,1,1,,69935
70424,39,1,2,,69936
70425,39,1,2,,69937
70426,39,1,1,,69938
70427,39,3,1,,69939
70428,39,1,1,,69940
70429,39,3,1,,69941
70430,39,1,1,,69942
70431,60,,1,,69943
70432,60,,1,,69944
70433,39,1,1,,69945
70434,39,1,1,,69946
70435,39,1,3,,69947
70436,60,,1,,69948
70437,39,1,2,,69949
70438,39,1,2,,69950
70439,39,1,2,,69951
70440,39,1,1,,69952
70441,39,1,1,,69953
70442,39,1,1,,69954
70443,39,1,1,,69955
70444,39,1,1,,69956
70445,39,1,2,,69957
70446,39,1,2,,69958
70447,39,1,1,,69959
70448,39,1,1,,69960
70449,39,1,1,,69961
70450,39,1,1,,69962
70451,39,1,2,,69963
70452,39,1,2,,69964
70453,60,,1,,69965
70454,39,1,2,,69966
70455,39,3,1,,69967
70456,60,,1,,69968
70457,60,,1,,69969
70458,39,3,1,,69970
70459,39,3,1,,69971
70460,60,,1,,69972
70461,39,1,1,,69973
70462,39,1,1,,69974
70463,39,1,1,,69975
70464,39,1,1,,69976
70465,39,1,1,,69977
70466,39,1,1,,69978
70467,39,1,1,,69979
70468,23,5,1,,69979
70469,39,1,1,,69980
70470,23,5,1,,69980
70471,39,1,2,,69981
70472,39,1,1,,69982
70473,39,1,1,,69983
70474,39,1,2,,69984
70475,39,1,2,,69985
70476,39,1,2,,69986
70477,39,1,2,,69987
70478,39,1,1,,69988
70479,39,1,1,,69989
70480,60,,1,,69990
70481,36,,1,,69991
70482,36,,1,,69992
70483,39,3,1,,69993
70484,60,,1,,69994
70485,39,3,1,,69995
70486,39,1,2,,69996
70487,39,1,2,,69997
70488,23,7,1,,69997
70489,39,1,1,,69998
70490,60,,1,,69999
70491,39,1,1,,70000
70492,39,3,1,,70001
70493,39,1,2,,70002
70494,39,1,2,,70003
70495,39,1,1,,70004
70496,39,1,1,,70005
70497,39,1,3,,70006
70498,60,,1,,70007
70499,39,1,2,,70008
70500,39,1,1,,70009
70501,39,1,1,,70010
70502,39,1,2,,70011
70503,39,1,2,,70012
70504,39,3,1,,70013
70505,39,1,1,,70014
70506,39,1,1,,70015
70507,39,1,1,,70016
70508,39,1,1,,70017
70509,23,7,1,,70017
70510,39,1,4,,70018
70511,39,1,2,,70019
70512,39,1,1,,70020
70513,39,1,1,,70021
70514,39,1,2,,70022
70515,39,1,1,,70023
70516,39,1,1,,70024
70517,23,7,2,,70024
70518,39,1,1,,70025
70519,39,1,1,,70026
70520,39,1,1,,70027
70521,39,1,3,,70028
70522,39,3,1,,70029
70523,39,3,1,,70030
70524,55,,1,,70031
70525,36,,1,,70032
70526,36,,2,,70033
70527,36,,1,,70034
70528,36,,1,,70035
70529,60,,1,,70036
70530,39,1,1,,70037
70531,60,,1,,70038
70532,39,1,1,,70039
70533,39,1,2,,70040
70534,36,,1,,70041
70535,39,1,1,,70042
70536,39,1,2,,70043
70537,60,,1,,70044
70538,39,1,1,,70045
70539,39,1,1,,70046
70540,39,1,1,,70047
70541,39,1,1,,70048
70542,39,1,1,,70049
70543,39,3,1,,70050
70544,39,1,4,,70051
70545,39,1,2,,70052
70546,39,1,1,,70053
70547,39,1,2,,70054
70548,23,7,1,,70054
70549,39,1,1,,70055
70550,39,1,2,,70056
70551,39,1,1,,70057
70552,39,1,2,,70058
70553,39,1,3,,70059
70554,39,1,1,,70060
70555,39,1,1,,70061
70556,39,1,1,,70062
70557,36,,1,,70063
70558,39,3,1,,70064
70559,39,1,1,,70065
70560,39,1,3,,70066
70561,39,1,1,,70067
70562,60,,1,,70068
70563,39,3,1,,70069
70564,39,1,2,,70070
70565,39,1,1,,70071
70566,39,1,2,,70072
70567,39,1,1,,70073
70568,39,1,1,,70074
70569,39,1,2,,70075
70570,39,1,1,,70076
70571,39,1,1,,70077
70572,39,1,1,,70078
70573,39,1,1,,70079
70574,39,1,1,,70080
70575,39,1,1,,70081
70576,39,1,2,,70082
70577,39,1,1,,70083
70578,39,1,3,,70084
70579,39,1,3,,70085
70580,23,7,2,,70085
70581,39,1,2,,70086
70582,39,1,1,,70087
70583,23,7,1,,70087
70584,39,1,1,,70088
70585,39,1,3,,70089
70586,23,7,1,,70089
70587,39,1,2,,70090
70588,39,1,2,,70091
70589,39,3,1,,70092
70590,39,1,1,,70093
70591,39,1,1,,70094
70592,23,7,1,,70094
70593,39,1,1,,70095
70594,39,1,1,,70096
70595,36,,1,,70097
70596,39,1,1,,70098
70597,39,3,1,,70099
70598,39,1,1,,70100
70599,23,7,1,,70100
70600,39,1,1,,70101
70601,39,1,1,,70102
70602,39,1,1,,70103
70603,39,1,1,,70104
70604,39,1,1,,70105
70605,39,1,1,,70106
70606,39,1,2,,70107
70607,39,1,2,,70108
70608,39,1,2,,70109
70609,39,1,2,,70110
70610,39,1,1,,70111
70611,39,1,1,,70112
70612,39,1,1,,70113
70613,39,1,1,,70114
70614,39,1,1,,70115
70615,39,3,1,,70116
70616,39,1,1,,70117
70617,60,,1,,70118
70618,39,3,1,,70119
70619,39,1,1,,70120
70620,39,1,2,,70121
70621,39,3,1,,70122
70622,39,1,2,,70123
70623,23,7,1,,70123
70624,36,,1,,70124
70625,36,,1,,70125
70626,39,1,1,,70126
70627,39,1,1,,70127
70628,39,1,1,,70128
70629,60,,1,,70129
70630,39,3,1,,70130
70631,39,1,1,,70131
70632,39,1,1,,70132
70633,39,1,2,,70133
70634,39,3,1,,70134
70635,39,3,1,,70135
70636,55,,1,,70136
70637,39,1,2,,70137
70638,39,1,1,,70138
70639,39,1,1,,70139
70640,36,,1,,70140
70641,36,,1,,70141
70642,39,1,1,,70142
70643,39,1,3,,70143
70644,39,3,1,,70144
70645,39,3,1,,70145
70646,39,3,1,,70146
70647,39,1,2,,70147
70648,39,3,1,,70148
70649,39,1,1,,70149
70650,39,1,1,,70150
70651,39,1,3,,70151
70652,39,1,3,,70152
70653,39,1,1,,70153
70654,39,1,1,,70154
70655,39,3,1,,70155
70656,39,3,1,,70156
70657,39,1,2,,70157
70658,11,,1,,70158
70659,36,,1,,70159
70660,36,,1,,70160
70661,39,1,2,,70161
70662,39,1,1,,70162
70663,39,3,1,,70163
70664,39,1,1,,70164
70665,39,1,1,,70165
70666,55,,1,,70166
70667,39,1,2,,70167
70668,39,1,1,,70168
70669,39,1,2,,70169
70670,39,1,1,,70170
70671,23,7,1,,70170
70672,39,1,1,,70171
70673,39,1,1,,70172
70674,60,,1,,70173
70675,39,1,2,,70174
70676,39,3,1,,70175
70677,39,1,2,,70176
70678,39,1,1,,70177
70679,39,1,2,,70178
70680,39,3,1,,70179
70681,39,1,2,,70180
70682,39,1,4,,70181
70683,39,1,2,,70182
70684,60,,1,,70183
70685,39,1,1,,70184
70686,39,1,2,,70185
70687,39,3,1,,70186
70688,39,1,1,,70187
70689,23,7,1,,70187
70690,39,1,2,,70188
70691,39,3,1,,70189
70692,39,1,2,,70190
70693,39,1,2,,70191
70694,39,1,2,,70192
70695,39,1,1,,70193
70696,39,1,1,,70194
70697,36,,1,,70195
70698,39,1,1,,70196
70699,39,1,1,,70197
70700,39,1,2,,70198
70701,39,1,2,,70199
70702,39,1,1,,70200
70703,39,3,1,,70201
70704,39,1,1,,70202
70705,39,3,1,,70203
70706,39,1,2,,70204
70707,39,1,1,,70205
70708,39,1,2,,70206
70709,39,1,1,,70207
70710,39,1,2,,70208
70711,39,1,1,,70209
70712,23,7,1,,70209
70713,39,1,1,,70210
70714,23,7,1,,70210
70715,39,4,1,,70211
70716,60,,1,,70212
70717,39,1,1,,70213
70718,39,1,1,,70214
70719,39,1,2,,70215
70720,39,1,2,,70216
70721,39,1,2,,70217
70722,39,1,3,,70218
70723,39,4,1,,70219
70724,39,4,1,,70220
70725,39,1,2,,70221
70726,23,7,1,,70221
70727,39,1,1,,70222
70728,39,1,3,,70223
70729,39,1,2,,70224
70730,23,7,1,,70224
70731,39,1,1,,70225
70732,60,,1,,70226
70733,39,1,1,,70227
70734,36,,2,,70228
70735,36,,2,,70229
70736,60,,1,,70230
70737,39,1,1,,70231
70738,39,1,1,,70232
70739,39,1,1,,70233
70740,39,1,2,,70234
70741,39,1,1,,70235
70742,39,1,1,,70236
70743,36,,1,,70237
70744,39,1,2,,70238
70745,39,3,1,,70239
70746,39,3,1,,70240
70747,39,1,1,,70241
70748,39,1,1,,70242
70749,39,3,1,,70243
70750,39,1,1,,70244
70751,39,1,2,,70245
70752,39,1,1,,70246
70753,39,1,2,,70247
70754,39,1,2,,70248
70755,39,1,2,,70249
70756,39,3,1,,70250
70757,39,1,1,,70251
70758,60,,1,,70252
70759,39,1,2,,70253
70760,39,1,1,,70254
70761,39,1,1,,70255
70762,39,1,2,,70256
70763,60,,1,,70257
70764,60,,1,,70258
70765,60,,1,,70259
70766,39,3,1,,70260
70767,39,1,2,,70261
70768,39,1,1,,70262
70769,39,3,1,,70263
70770,39,1,1,,70264
70771,39,1,1,,70265
70772,39,1,2,,70266
70773,39,1,1,,70267
70774,39,1,2,,70268
70775,39,1,1,,70269
70776,39,1,1,,70270
70777,39,1,1,,70271
70778,39,1,1,,70272
70779,60,,1,,70273
70780,60,,1,,70274
70781,11,,1,,70275
70782,39,1,2,,70276
70783,39,3,1,,70277
70784,36,,1,,70278
70785,39,1,2,,70279
70786,39,1,1,,70280
70787,39,1,2,,70281
70788,39,1,1,,70282
70789,39,1,1,,70283
70790,39,1,1,,70284
70791,39,3,1,,70285
70792,39,1,4,,70286
70793,39,1,2,,70287
70794,39,1,1,,70288
70795,39,1,2,,70289
70796,39,1,2,,70291
70797,39,1,1,,70290
70798,23,7,1,,70292
70799,39,1,1,,70293
70800,39,1,1,,70294
70801,39,1,2,,70295
70802,39,1,2,,70296
70803,39,1,1,,70297
70804,36,,1,,70298
70805,39,1,2,,70299
70806,39,4,1,,70300
70807,39,1,1,,70301
70808,39,3,1,,70302
70809,39,1,1,,70303
70810,39,1,1,,70304
70811,39,4,2,,70305
70812,39,1,2,,70306
70813,39,1,2,,70307
70814,39,1,2,,70308
70815,23,7,1,,70308
70816,39,1,2,,70309
70817,23,7,1,,70309
70818,60,,1,,70310
70819,39,1,2,,70311
70820,39,3,1,,70312
70821,39,1,1,,70313
70822,39,1,1,,70314
70823,39,3,1,,70315
70824,39,1,1,,70316
70825,39,1,2,,70317
70826,39,1,2,,70318
70827,39,1,2,,70319
70828,39,1,2,,70320
70829,23,7,1,,70320
70830,39,3,1,,70321
70831,39,1,3,,70322
70832,39,1,3,,70323
70833,39,1,2,,70324
70834,39,3,1,,70325
70835,36,,1,,70326
70836,8,,1,,70327
70837,39,1,1,,70328
70838,36,,1,,70329
70839,39,1,2,,70330
70840,23,7,1,,70330
70841,39,1,2,,70331
70842,39,3,1,,70332
70843,39,1,2,,70333
70844,39,1,2,,70334
70845,39,1,1,,70335
70846,39,1,2,,70336
70847,39,1,2,,70337
70848,39,1,1,,70338
70849,39,3,1,,70339
70850,39,3,1,,70340
70851,39,1,1,,70341
70852,39,3,1,,70342
70853,39,3,1,,70343
70854,39,1,2,,70344
70855,23,7,1,,70344
70856,39,1,1,,70345
70857,39,1,2,,70346
70858,39,1,1,,70347
70859,39,3,1,,70348
70860,39,1,2,,70349
70861,39,3,1,,70350
70862,39,3,1,,70351
70863,39,1,3,,70352
70864,39,1,3,,70353
70865,36,,1,,70354
70866,39,3,1,,70355
70867,36,,1,,70356
70868,36,,1,,70357
70869,39,1,2,,70358
70870,39,1,2,,70359
70871,39,3,1,,70360
70872,11,,1,,70361
70873,36,,2,,70362
70874,36,,1,,70363
70875,39,1,1,,70364
70876,60,,1,,70365
70877,39,1,1,,70366
70878,39,1,1,,70367
70879,39,1,1,,70368
70880,39,1,1,,70369
70881,39,1,2,,70370
70882,39,1,1,,70371
70883,36,,1,,70372
70884,11,,1,,70373
70885,36,,1,,70374
70886,39,1,1,,70375
70887,39,3,1,,70376
70888,39,1,1,,70377
70889,39,1,2,,70378
70890,39,1,1,,70379
70891,39,1,1,,70380
70892,39,1,1,,70381
70893,39,1,1,,70382
70894,39,1,1,,70383
70895,36,,1,,70384
70896,39,1,2,,70385
70897,39,1,1,,70386
70898,39,1,1,,70387
70899,39,1,1,,70388
70900,39,1,1,,70389
70901,23,5,1,,70389
70902,39,1,3,,70390
70903,39,1,1,,70391
70904,36,,2,,70392
70905,36,,1,,70393
70906,36,,1,,70394
70907,60,,1,,70395
70908,39,1,1,,70396
70909,39,3,1,,70397
70910,39,3,1,,70398
70911,39,1,1,,70399
70912,39,3,1,,70400
70913,39,1,1,,70401
70914,60,,1,,70402
70915,39,1,2,,70403
70916,23,5,1,,70403
70917,39,3,1,,70404
70918,36,,1,,70405
70919,39,1,1,,70406
70920,36,,1,,70407
70921,36,,1,,70408
70922,36,,2,,70409
70923,39,1,2,,70410
70924,39,1,1,,70411
70925,39,1,2,,70412
70926,39,1,1,,70413
70927,23,7,1,,70413
70928,39,3,1,,70414
70929,39,1,1,,70415
70930,39,1,1,,70416
70931,39,1,3,,70417
70932,39,3,1,,70418
70933,39,1,2,,70419
70934,39,1,2,,70420
70935,39,1,1,,70421
70936,36,,1,,70422
70937,39,3,1,,70423
70938,39,1,1,,70424
70939,39,3,1,,70425
70940,39,3,1,,70426
70941,39,1,1,,70427
70942,23,7,1,,70427
70943,39,1,1,,70428
70944,39,1,1,,70429
70945,23,7,1,,70429
70946,39,1,1,,70430
70947,60,,1,,70431
70948,39,3,1,,70432
70949,39,3,1,,70433
70950,39,1,2,,70434
70951,39,1,1,,70435
70952,39,1,3,,70436
70953,39,1,2,,70437
70954,39,1,2,,70438
70955,23,7,1,,70438
70956,39,1,1,,70439
70957,39,1,1,,70440
70958,23,7,1,,70440
70959,39,1,1,,70441
70960,39,1,1,,70442
70961,39,1,2,,70443
70962,39,1,1,,70444
70963,39,1,1,,70445
70964,39,4,1,,70446
70965,39,3,1,,70447
70966,39,3,1,,70448
70967,39,1,2,,70449
70968,39,1,1,,70450
70969,39,3,1,,70451
70970,39,1,1,,70452
70971,39,3,1,,70453
70972,23,5,1,,70454
70973,39,1,2,,70455
70974,39,1,2,,70456
70975,39,1,1,,70457
70976,39,1,1,,70458
70977,39,1,1,,70459
70978,39,1,1,,70460
70979,39,1,1,,70461
70980,39,1,1,,70462
70981,39,1,2,,70463
70982,39,1,1,,70464
70983,39,3,1,,70465
70984,39,1,1,,70466
70985,39,3,1,,70467
70986,39,3,1,,70468
70987,39,1,2,,70469
70988,39,1,1,,70470
70989,23,7,1,,70470
70990,39,1,3,,70471
70991,23,7,1,,70471
70992,39,3,1,,70472
70993,39,1,2,,70473
70994,39,1,3,,70474
70995,39,1,1,,70475
70996,39,1,2,,70476
70997,39,1,2,,70477
70998,39,1,2,,70478
70999,39,1,1,,70479
71000,39,1,2,,70480
71001,39,1,1,,70481
71002,39,1,1,,70482
71003,36,,1,,70483
71004,39,1,1,,70484
71005,23,7,1,,70484
71006,39,1,1,,70485
71007,60,,1,,70486
71008,39,1,1,,70487
71009,36,,1,,70488
71010,36,,1,,70489
71011,60,,1,,70490
71012,36,,1,,70491
71013,36,,1,,70492
71014,39,1,1,,70493
71015,39,3,1,,70494
71016,39,3,1,,70495
71017,39,3,1,,70496
71018,39,3,1,,70497
71019,39,1,1,,70498
71020,36,,1,,70499
71021,36,,1,,70500
71022,39,1,1,,70501
71023,23,5,1,,70501
71024,39,1,1,,70502
71025,39,1,1,,70503
71026,39,3,1,,70504
71027,39,1,1,,70505
71028,39,1,1,,70506
71029,39,1,1,,70507
71030,39,1,1,,70508
71031,39,1,1,,70509
71032,39,1,1,,70510
71033,39,1,2,,70511
71034,39,1,1,,70512
71035,60,,1,,70513
71036,39,1,1,,70514
71037,60,,1,,70515
71038,60,,1,,70516
71039,60,,1,,70517
71040,60,,1,,70518
71041,39,1,1,,70519
71042,60,,1,,70520
71043,36,,1,,70521
71044,39,1,1,,70522
71045,39,1,2,,70523
71046,39,1,2,,70524
71047,39,1,1,,70525
71048,39,1,2,,70526
71049,39,1,1,,70527
71050,39,1,2,,70528
71051,39,1,1,,70529
71052,23,7,1,,70529
71053,39,1,2,,70530
71054,39,1,1,,70531
71055,39,3,1,,70532
71056,60,,1,,70533
71057,39,3,1,,70534
71058,36,,1,,70535
71059,60,,1,,70536
71060,36,,1,,70537
71061,11,,1,,70538
71062,39,1,1,,70539
71063,39,1,2,,70540
71064,39,1,1,,70541
71065,39,1,1,,70542
71066,39,1,1,,70543
71067,39,1,1,,70544
71068,39,1,1,,70545
71069,39,3,1,,70546
71070,39,1,1,,70547
71071,39,1,1,,70548
71072,39,1,1,,70549
71073,39,1,1,,70550
71074,39,1,2,,70551
71075,39,1,2,,70552
71076,39,1,2,,70553
71077,39,3,1,,70554
71078,39,3,1,,70555
71079,39,3,1,,70556
71080,39,1,2,,70557
71081,39,3,1,,70558
71082,39,1,1,,70559
71083,23,7,1,,70559
71084,39,1,1,,70560
71085,39,1,1,,70561
71086,60,,1,,70562
71087,39,1,2,,70563
71088,39,1,1,,70564
71089,39,1,1,,70565
71090,39,3,1,,70566
71091,39,1,1,,70567
71092,23,7,1,,70568
71093,39,3,1,,70569
71094,23,5,1,,70570
71095,39,1,2,,70571
71096,23,7,1,,70571
71097,39,1,1,,70572
71098,23,5,1,,70572
71099,39,1,1,,70573
71100,39,1,2,,70574
71101,39,1,1,,70575
71102,39,1,1,,70576
71103,39,3,1,,70577
71104,39,1,2,,70578
71105,23,7,1,,70578
71106,36,,1,,70579
71107,36,,2,,70580
71108,39,1,2,,70581
71109,39,1,2,,70582
71110,39,3,1,,70583
71111,39,3,1,,70584
71112,39,1,2,,70585
71113,39,1,2,,70586
71114,39,1,1,,70587
71115,39,6,1,,70588
71116,23,7,1,,70588
71117,39,6,1,,70589
71118,39,6,1,,70590
71119,39,6,1,,70591
71120,39,6,1,,70592
71121,39,6,1,,70593
71122,39,6,1,,70594
71123,39,6,1,,70595
71124,39,6,2,,70596
71125,39,6,2,,70597
71126,39,6,1,,70598
71127,39,1,1,,70599
71128,39,1,1,,70600
71129,39,1,1,,70601
71130,39,1,2,,70602
71131,39,1,2,,70603
71132,39,1,2,,70604
71133,55,,1,,70605
71134,39,1,1,,70606
71135,23,7,1,,70607
71136,39,3,1,,70608
71137,39,1,1,,70609
71138,39,1,1,,70610
71139,39,1,1,,70611
71140,39,1,2,,70612
71141,39,1,2,,70613
71142,39,1,1,,70614
71143,39,1,2,,70615
71144,39,1,1,,70616
71145,39,1,1,,70617
71146,36,,1,,70618
71147,39,1,2,,70619
71148,39,1,1,,70620
71149,39,1,1,,70621
71150,39,1,2,,70622
71151,23,5,1,,70622
71152,39,1,1,,70623
71153,23,7,1,,70623
71154,39,1,1,,70624
71155,39,1,2,,70625
71156,39,1,1,,70626
71157,60,,1,,70627
71158,39,1,1,,70628
71159,23,5,1,,70628
71160,39,1,1,,70629
71161,39,1,2,,70630
71162,39,1,1,,70631
71163,39,1,1,,70632
71164,39,1,1,,70633
71165,39,1,1,,70634
71166,39,1,1,,70635
71167,39,1,1,,70636
71168,39,1,2,,70637
71169,39,4,1,,70638
71170,39,4,1,,70639
71171,39,1,2,,70640
71172,39,1,1,,70641
71173,39,1,1,,70642
71174,39,1,1,,70643
71175,39,1,2,,70644
71176,23,7,1,,70644
71177,39,1,2,,70645
71178,23,,1,,70645
71179,39,1,1,,70646
71180,60,,1,,70647
71181,39,1,1,,70648
71182,36,,1,,70649
71183,36,,1,,70650
71184,39,3,1,,70651
71185,39,3,1,,70652
71186,39,1,1,,70653
71187,39,1,1,,70654
71188,39,1,1,,70655
71189,39,3,1,,70656
71190,39,1,2,,70657
71191,39,1,1,,70658
71192,39,1,1,,70659
71193,39,1,1,,70660
71194,39,1,1,,70661
71195,60,,1,,70662
71196,39,1,1,,70663
71197,23,7,2,,70663
71198,39,1,2,,70664
71199,39,1,1,,70665
71200,39,1,1,,70666
71201,39,1,1,,70667
71202,39,1,1,,70668
71203,39,1,1,,70669
71204,39,1,1,,70670
71205,39,1,1,,70671
71206,39,1,1,,70672
71207,39,1,2,,70673
71208,39,1,1,,70674
71209,39,1,2,,70675
71210,39,1,1,,70676
71211,39,3,1,,70677
71212,60,,1,,70678
71213,39,1,1,,70679
71214,39,1,2,,70680
71215,39,1,2,,70681
71216,39,1,1,,70682
71217,39,1,1,,70683
71218,60,,1,,70684
71219,39,1,2,,70685
71220,39,1,2,,70686
71221,39,1,1,,70687
71222,39,1,1,,70688
71223,39,1,1,,70689
71224,39,1,2,,70690
71225,23,5,1,,70690
71226,39,1,2,,70691
71227,39,1,2,,70692
71228,39,1,1,,70694
71229,39,1,1,,70693
71230,39,1,1,,70695
71231,39,1,1,,70696
71232,39,1,1,,70697
71233,23,7,1,,70697
71234,39,1,1,,70698
71235,39,1,3,,70699
71236,23,7,1,,70699
71237,39,1,1,,70700
71238,23,7,1,,70700
71239,39,1,2,,70701
71240,23,7,1,,70701
71241,39,1,1,,70702
71242,39,1,3,,70703
71243,39,1,1,,70704
71244,39,1,1,,70705
71245,60,,1,,70706
71246,39,1,1,,70707
71247,39,1,1,,70708
71248,39,1,1,,70709
71249,39,1,1,,70710
71250,39,1,1,,70711
71251,39,1,2,,70712
71252,39,1,1,,70713
71253,39,3,1,,70714
71254,39,1,2,,70715
71255,39,3,1,,70716
71256,39,1,2,,70717
71257,39,3,1,,70718
71258,39,3,1,,70719
71259,39,1,2,,70720
71260,39,1,1,,70721
71261,23,7,1,,70721
71262,39,1,2,,70722
71263,55,,1,,70723
71264,23,5,1,,70724
71265,39,1,1,,70725
71266,39,1,1,,70726
71267,39,1,2,,70727
71268,23,7,1,,70727
71269,39,1,2,,70728
71270,23,7,1,,70728
71271,39,1,1,,70729
71272,39,1,1,,70730
71273,39,1,1,,70731
71274,36,,1,,70732
71275,39,1,1,,70733
71276,39,1,1,,70734
71277,23,7,2,,70735
71278,23,5,1,,70736
71279,23,5,1,,70737
71280,39,1,1,,70738
71281,39,1,1,,70739
71282,39,3,1,,70740
71283,39,1,1,,70741
71284,39,1,1,,70742
71285,39,3,1,,70743
71286,39,1,1,,70744
71287,39,1,2,,70745
71288,39,1,2,,70746
71289,39,1,1,,70747
71290,39,1,1,,70748
71291,39,1,1,,70749
71292,39,3,1,,70750
71293,39,1,1,,70751
71294,39,1,1,,70752
71295,39,1,2,,70753
71296,39,1,2,,70754
71297,39,1,1,,70755
71298,39,1,1,,70756
71299,39,1,1,,70757
71300,39,1,2,,70758
71301,39,1,2,,70759
71302,39,1,1,,70760
71303,39,1,1,,70761
71304,60,,1,,70762
71305,39,1,1,,70763
71306,39,1,2,,70764
71307,39,1,1,,70765
71308,22,,1,,70766
71309,36,,1,,70767
71310,39,3,1,,70768
71311,39,3,1,,70769
71312,39,1,1,,70770
71313,39,1,1,,70771
71314,39,1,1,,70772
71315,39,1,1,,70773
71316,39,1,1,,70774
71317,60,,1,,70775
71318,39,1,1,,70776
71319,39,1,1,,70777
71320,39,1,1,,70778
71321,39,1,2,,70779
71322,60,,1,,70780
71323,39,1,2,,70781
71324,36,,1,,70782
71325,36,,1,,70783
71326,60,,1,,70784
71327,39,1,1,,70785
71328,39,1,1,,70786
71329,39,1,1,,70787
71330,39,1,1,,70788
71331,39,1,1,,70789
71332,39,1,2,,70790
71333,39,1,1,,70791
71334,39,1,1,,70792
71335,39,1,1,,70793
71336,60,3,1,,70794
71337,39,1,2,,70795
71338,23,5,1,,70795
71339,39,1,1,,70796
71340,60,,1,,70797
71341,60,,1,,70798
71342,39,1,2,,70799
71343,39,1,1,,70800
71344,39,1,1,,70801
71345,39,1,1,,70802
71346,39,1,1,,70803
71347,39,1,1,,70804
71348,23,7,1,,70804
71349,39,1,1,,70805
71350,39,1,1,,70806
71351,39,1,2,,70807
71352,39,1,1,,70808
71353,39,1,1,,70809
71354,39,1,1,,70810
71355,39,1,1,,70811
71356,39,1,2,,70812
71357,39,3,1,,70813
71358,39,1,2,,70814
71359,39,1,2,,70815
71360,39,1,1,,70816
71361,39,1,2,,70817
71362,36,,1,,70818
71363,39,1,1,,70819
71364,39,1,1,,70820
71365,39,3,1,,70821
71366,39,1,1,,70822
71367,39,3,1,,70823
71368,39,1,1,,70824
71369,39,1,2,,70825
71370,39,1,1,,70826
71371,39,1,3,,70827
71372,39,1,2,,70828
71373,39,1,2,,70829
71374,60,3,1,,70830
71375,23,7,1,,70831
71376,39,1,1,,70832
71377,39,1,1,,70833
71378,23,7,1,,70833
71379,39,3,1,,70834
71380,39,3,1,,70835
71381,23,5,1,,70836
71382,39,1,1,,70837
71383,39,1,1,,70838
71384,39,1,1,,70839
71385,39,3,1,,70840
71386,60,,1,,70841
71387,39,1,1,,70842
71388,39,1,1,,70843
71389,39,1,1,,70844
71390,60,,1,,70845
71391,39,1,1,,70846
71392,60,,1,,70847
71393,39,3,1,,70848
71394,39,3,1,,70849
71395,39,4,1,,70850
71396,39,1,1,,70851
71397,39,1,2,,70852
71398,39,1,1,,70853
71399,36,,1,,70854
71400,39,1,1,,70855
71401,39,3,2,,70856
71402,39,4,2,,70857
71403,39,1,1,,70858
71404,39,1,2,,70859
71405,39,1,2,,70860
71406,39,1,1,,70861
71407,39,1,1,,70862
71408,39,1,1,,70863
71409,39,1,1,,70864
71410,39,1,2,,70865
71411,39,1,2,,70866
71412,39,1,2,,70867
71413,39,3,1,,70868
71414,39,1,1,,70869
71415,23,7,2,,70869
71416,39,1,1,,70870
71417,39,1,1,,70871
71418,39,1,2,,70872
71419,39,1,2,,70873
71420,39,1,2,,70874
71421,39,1,2,,70875
71422,39,1,1,,70876
71423,60,,1,,70877
71424,39,1,1,,70878
71425,39,1,1,,70879
71426,22,,1,,70880
71427,39,1,2,,70881
71428,39,1,2,,70882
71429,39,1,1,,70883
71430,39,3,1,,70884
71431,60,,1,,70885
71432,39,3,1,,70886
71433,39,3,1,,70887
71434,39,1,2,,70888
71435,39,1,1,,70889
71436,39,1,1,,70890
71437,23,5,1,,70891
71438,39,1,1,,70892
71439,23,5,1,,70892
71440,39,1,1,,70893
71441,60,,1,,70894
71442,39,1,1,,70895
71443,23,7,1,,70895
71444,22,,1,,70896
71445,39,1,1,,70897
71446,39,1,1,,70898
71447,39,1,1,,70899
71448,39,1,1,,70900
71449,39,1,2,,70901
71450,39,1,1,,70902
71451,39,1,1,,70903
71452,39,1,1,,70904
71453,23,7,1,,70904
71454,39,1,1,,70905
71455,39,1,1,,70906
71456,39,1,2,,70907
71457,39,1,1,,70908
71458,39,1,2,,70909
71459,39,1,2,,70910
71460,39,1,1,,70911
71461,39,1,1,,70912
71462,39,1,3,,70913
71463,39,1,1,,70914
71464,39,1,1,,70915
71465,39,1,1,,70916
71466,39,1,2,,70917
71467,39,1,2,,70918
71468,39,1,1,,70919
71469,39,1,1,,70920
71470,39,1,2,,70921
71471,39,1,1,,70922
71472,39,1,1,,70923
71473,60,,1,,70924
71474,39,1,1,,70925
71475,39,1,1,,70926
71476,39,1,1,,70927
71477,39,1,1,,70928
71478,39,1,1,,70929
71479,39,1,2,,70930
71480,39,1,1,,70931
71481,60,,1,,70932
71482,8,,1,,70933
71483,39,1,1,,70934
71484,39,1,1,,70935
71485,39,1,1,,70936
71486,39,1,1,,70937
71487,60,3,1,,70938
71488,39,1,1,,70939
71489,23,7,1,,70939
71490,39,1,2,,70940
71491,39,1,2,,70941
71492,39,1,2,,70942
71493,39,1,2,,70943
71494,39,1,1,,70944
71495,39,1,2,,70945
71496,39,1,2,,70946
71497,39,1,1,,70947
71498,39,1,1,,70948
71499,23,7,1,,70948
71500,39,1,1,,70949
71501,23,7,1,,70949
71502,39,1,1,,70950
71503,39,1,1,,70951
71504,23,7,1,,70951
71505,39,3,1,,70952
71506,39,1,2,,70953
71507,39,1,1,,70954
71508,39,3,1,,70955
71509,39,1,1,,70956
71510,39,1,2,,70957
71511,39,1,1,,70958
71512,39,1,1,,70959
71513,39,3,1,,70960
71514,39,1,2,,70961
71515,39,1,1,,70962
71516,39,3,1,,70963
71517,39,1,1,,70964
71518,39,1,2,,70965
71519,39,1,1,,70966
71520,39,3,1,,70967
71521,60,,1,,70968
71522,39,1,1,,70969
71523,39,1,2,,70970
71524,39,1,1,,70971
71525,39,1,1,,70972
71526,39,1,2,,70973
71527,22,,1,,70974
71528,39,1,2,,70975
71529,36,,1,,70976
71530,36,,1,,70977
71531,39,1,1,,70978
71532,39,1,1,,70979
71533,39,1,1,,70980
71534,39,1,1,,70981
71535,39,1,1,,70982
71536,39,1,1,,70983
71537,39,1,1,,70984
71538,39,1,2,,70985
71539,60,1,1,,70986
71540,39,1,1,,70987
71541,39,1,1,,70988
71542,39,1,1,,70989
71543,60,,1,,70990
71544,39,1,1,,70991
71545,39,1,1,,70992
71546,39,1,2,,70993
71547,39,1,1,,70994
71548,39,1,1,,70995
71549,39,1,1,,70996
71550,39,1,1,,70997
71551,39,1,1,,70998
71552,39,1,3,,70999
71553,60,,1,,71000
71554,39,1,2,,71001
71555,39,1,2,,71002
71556,39,1,2,,71003
71557,39,1,1,,71004
71558,39,1,1,,71005
71559,39,1,1,,71006
71560,23,7,1,,71006
71561,39,1,1,,71007
71562,39,1,1,,71008
71563,39,1,1,,71009
71564,39,1,2,,71010
71565,39,1,2,,71011
71566,23,5,1,,71012
71567,60,,1,,71013
71568,55,,1,,71014
71569,39,1,1,,71015
71570,39,1,1,,71016
71571,39,1,1,,71017
71572,39,1,2,,71018
71573,39,1,1,,71019
71574,39,1,1,,71020
71575,39,1,1,,71021
71576,23,7,1,,71021
71577,39,1,1,,71022
71578,23,7,1,,71022
71579,39,1,2,,71023
71580,39,1,1,,71024
71581,39,1,1,,71025
71582,39,1,2,,71026
71583,23,7,1,,71026
71584,39,1,1,,71027
71585,39,1,2,,71028
71586,39,1,1,,71029
71587,39,3,1,,71030
71588,39,3,1,,71031
71589,39,1,2,,71032
71590,39,1,1,,71033
71591,23,5,1,,71033
71592,39,1,1,,71034
71593,60,,1,,71035
71594,39,1,1,,71036
71595,39,3,1,,71037
71596,39,1,2,,71038
71597,39,1,2,,71039
71598,39,1,1,,71040
71599,39,1,1,,71041
71600,39,1,2,,71042
71601,39,1,1,,71043
71602,39,1,1,,71044
71603,39,1,1,,71045
71604,39,1,1,,71046
71605,39,1,2,,71047
71606,39,1,2,,71048
71607,39,3,1,,71049
71608,39,1,1,,71050
71609,23,7,1,,71050
71610,39,1,1,,71051
71611,23,7,1,,71051
71612,39,1,2,,71052
71613,39,1,1,,71053
71614,39,1,1,,71054
71615,39,1,2,,71055
71616,39,1,2,,71056
71617,23,7,1,,71056
71618,39,1,1,,71057
71619,39,1,3,,71058
71620,39,1,1,,71059
71621,39,1,2,,71060
71622,39,1,1,,71061
71623,39,1,1,,71062
71624,39,1,1,,71063
71625,23,7,1,,71063
71626,39,1,1,,71064
71627,39,1,1,,71065
71628,39,1,2,,71066
71629,60,,1,,71067
71630,60,,1,,71068
71631,39,1,1,,71069
71632,39,1,1,,71070
71633,39,1,2,,71071
71634,36,,1,,71072
71635,39,1,1,,71073
71636,39,1,2,,71074
71637,39,1,2,,71075
71638,23,7,1,,71075
71639,39,1,1,,71076
71640,39,1,1,,71077
71641,39,1,1,,71078
71642,39,1,1,,71079
71643,60,,1,,71080
71644,60,,1,,71081
71645,39,1,1,,71082
71646,39,1,3,,71083
71647,39,1,1,,71084
71648,39,1,1,,71085
71649,39,1,1,,71086
71650,39,1,1,,71087
71651,39,1,2,,71088
71652,39,1,1,,71089
71653,39,1,1,,71090
71654,39,1,1,,71091
71655,39,1,2,,71092
71656,39,1,1,,71093
71657,39,1,1,,71094
71658,39,1,2,,71095
71659,39,1,1,,71096
71660,39,1,1,,71097
71661,39,1,1,,71098
71662,39,1,1,,71099
71663,39,1,1,,71100
71664,39,1,1,,71101
71665,39,1,2,,71102
71666,39,1,1,,71103
71667,39,1,2,,71104
71668,39,1,3,,71105
71669,23,7,1,,71105
71670,39,1,2,,71106
71671,39,1,1,,71107
71672,39,1,2,,71108
71673,23,7,2,,71108
71674,39,1,1,,71109
71675,39,1,1,,71110
71676,23,7,1,,71110
71677,39,1,1,,71111
71678,39,1,1,,71112
71679,39,1,1,,71113
71680,39,1,1,,71114
71681,39,1,1,,71115
71682,39,1,1,,71116
71683,39,1,1,,71117
71684,39,1,1,,71118
71685,39,1,1,,71119
71686,39,1,1,,71120
71687,39,1,1,,71121
71688,39,1,2,,71122
71689,39,1,2,,71123
71690,39,,1,,71124
71691,23,7,1,,71124
71692,39,1,1,,71125
71693,39,1,1,,71126
71694,39,1,1,,71127
71695,39,1,1,,71128
71696,39,1,1,,71129
71697,39,1,1,,71130
71698,39,3,1,,71131
71699,39,1,1,,71132
71700,60,,1,,71133
71701,39,1,1,,71134
71702,39,1,2,,71135
71703,39,3,1,,71136
71704,39,1,2,,71137
71705,23,7,1,,71137
71706,36,,2,,71138
71707,39,1,1,,71139
71708,39,1,1,,71140
71709,39,1,1,,71141
71710,60,,1,,71142
71711,39,1,2,,71143
71712,39,1,1,,71144
71713,39,1,1,,71145
71714,39,1,2,,71146
71715,39,3,1,,71147
71716,39,1,1,,71148
71717,23,7,1,,71148
71718,39,1,1,,71149
71719,39,1,2,,71150
71720,39,1,1,,71151
71721,36,,1,,71152
71722,39,1,1,,71153
71723,39,1,2,,71154
71724,39,3,1,,71155
71725,60,,1,,71156
71726,39,1,2,,71157
71727,39,1,3,,71158
71728,39,1,1,,71159
71729,23,5,1,,71159
71730,60,,1,,71160
71731,39,3,1,,71161
71732,39,1,2,,71162
71733,36,,1,,71163
71734,36,,1,,71164
71735,39,1,2,,71165
71736,39,1,1,,71166
71737,39,3,1,,71167
71738,39,1,1,,71168
71739,39,1,1,,71169
71740,23,5,1,,71170
71741,39,1,2,,71171
71742,39,1,1,,71172
71743,39,1,2,,71173
71744,39,1,1,,71174
71745,39,1,1,,71175
71746,39,1,1,,71176
71747,39,1,1,,71177
71748,39,1,2,,71178
71749,39,1,1,,71179
71750,39,1,1,,71180
71751,23,7,1,,71180
71752,39,1,2,,71181
71753,39,3,1,,71182
71754,39,1,2,,71183
71755,23,7,1,,71183
71756,39,1,2,,71184
71757,60,,1,,71185
71758,39,1,2,,71186
71759,39,1,2,,71187
71760,39,1,2,,71188
71761,39,1,1,,71189
71762,39,1,1,,71190
71763,36,,1,,71191
71764,39,1,1,,71192
71765,39,1,1,,71193
71766,39,1,1,,71194
71767,39,1,1,,71195
71768,39,1,1,,71196
71769,39,3,1,,71197
71770,39,1,1,,71198
71771,39,1,2,,71199
71772,39,1,1,,71200
71773,39,1,1,,71201
71774,39,1,2,,71202
71775,39,1,1,,71203
71776,23,7,1,,71203
71777,39,1,1,,71204
71778,23,7,1,,71204
71779,39,4,1,,71205
71780,39,1,1,,71206
71781,39,1,1,,71207
71782,39,1,1,,71208
71783,39,1,3,,71209
71784,39,4,1,,71210
71785,39,4,1,,71211
71786,39,1,2,,71212
71787,23,7,1,,71212
71788,39,1,1,,71213
71789,39,1,3,,71214
71790,39,1,1,,71215
71791,23,7,1,,71215
71792,39,1,1,,71216
71793,60,,1,,71217
71794,39,1,1,,71218
71795,39,1,1,,71219
71796,36,,1,,71220
71797,36,,1,,71221
71798,39,1,1,,71222
71799,39,1,1,,71223
71800,39,1,1,,71224
71801,60,,1,,71225
71802,39,1,1,,71226
71803,36,,1,,71227
71804,39,1,1,,71228
71805,39,3,1,,71229
71806,39,3,1,,71230
71807,39,1,1,,71231
71808,39,1,1,,71232
71809,39,1,1,,71233
71810,60,3,1,,71234
71811,39,1,2,,71235
71812,39,1,2,,71236
71813,39,1,2,,71237
71814,39,1,2,,71238
71815,39,1,1,,71239
71816,39,1,2,,71240
71817,60,,1,,71241
71818,39,1,1,,71242
71819,39,1,1,,71243
71820,39,3,1,,71244
71821,39,1,2,,71245
71822,39,1,1,,71246
71823,39,1,1,,71247
71824,60,3,1,,71248
71825,39,1,1,,71249
71826,39,1,1,,71250
71827,39,1,1,,71251
71828,39,1,1,,71252
71829,39,1,1,,71253
71830,60,,1,,71254
71831,39,1,2,,71255
71832,39,1,2,,71256
71833,39,1,1,,71257
71834,39,1,2,,71258
71835,39,1,1,,71259
71836,39,1,1,,71260
71837,39,1,1,,71261
71838,39,1,3,,71262
71839,39,1,2,,71263
71840,39,1,1,,71264
71841,39,1,2,,71265
71842,39,1,1,,71266
71843,23,7,1,,71267
71844,39,1,1,,71268
71845,39,1,1,,71269
71846,39,1,2,,71270
71847,39,1,1,,71271
71848,39,1,1,,71272
71849,36,,1,,71273
71850,39,1,2,,71274
71851,39,4,1,,71275
71852,39,1,1,,71276
71853,39,3,1,,71277
71854,39,1,1,,71278
71855,39,4,1,,71279
71856,39,1,2,,71280
71857,39,1,2,,71281
71858,39,1,1,,71282
71859,23,7,1,,71282
71860,39,1,2,,71283
71861,39,1,2,,71284
71862,39,1,1,,71285
71863,39,1,1,,71286
71864,39,1,1,,71287
71865,39,1,1,,71288
71866,39,1,1,,71289
71867,39,1,1,,71290
71868,39,1,1,,71291
71869,23,7,1,,71291
71870,39,1,2,,71292
71871,39,1,2,,71293
71872,23,7,1,,71293
71873,60,,1,,71294
71874,39,1,2,,71295
71875,23,7,1,,71295
71876,39,1,1,,71296
71877,60,,1,,71297
71878,39,1,2,,71298
71879,60,,1,,71299
71880,39,1,1,,71300
71881,39,1,2,,71301
71882,23,7,1,,71301
71883,39,1,1,,71302
71884,39,3,1,,71303
71885,39,1,2,,71304
71886,39,1,2,,71305
71887,60,,1,,71306
71888,39,1,1,,71307
71889,39,1,1,,71308
71890,39,1,2,,71309
71891,39,1,1,,71310
71892,39,3,1,,71311
71893,39,1,1,,71312
71894,39,1,2,,71313
71895,39,1,1,,71314
71896,39,1,1,,71315
71897,23,7,1,,71315
71898,39,1,2,,71316
71899,39,3,1,,71317
71900,39,1,1,,71318
71901,23,7,1,,71318
71902,60,,1,,71319
71903,39,3,1,,71320
71904,39,1,1,,71321
71905,39,1,3,,71322
71906,36,,1,,71323
71907,39,1,1,,71324
71908,23,5,1,,71325
71909,39,1,3,,71326
71910,39,1,1,,71327
71911,39,1,1,,71328
71912,60,,1,,71329
71913,39,1,1,,71330
71914,39,1,1,,71331
71915,39,1,1,,71332
71916,39,1,1,,71333
71917,39,1,2,,71334
71918,23,7,1,,71334
71919,39,1,1,,71335
71920,39,1,1,,71336
71921,39,3,1,,71337
71922,36,,2,,71338
71923,39,1,1,,71339
71924,39,3,1,,71340
71925,39,1,1,,71341
71926,39,1,2,,71342
71927,39,1,1,,71343
71928,39,1,1,,71344
71929,39,1,1,,71345
71930,39,1,1,,71346
71931,36,,1,,71347
71932,39,1,2,,71348
71933,39,1,1,,71349
71934,39,1,1,,71350
71935,39,1,1,,71351
71936,39,1,3,,71352
71937,39,1,1,,71353
71938,36,,2,,71354
71939,60,,1,,71355
71940,39,,1,,71356
71941,39,3,1,,71357
71942,39,3,1,,71358
71943,39,1,1,,71359
71944,39,3,1,,71360
71945,39,1,1,,71361
71946,55,,1,,71362
71947,60,,1,,71363
71948,39,3,1,,71364
71949,36,,1,,71365
71950,39,1,1,,71366
71951,36,,1,,71367
71952,36,,1,,71368
71953,39,1,2,,71369
71954,39,1,1,,71370
71955,39,1,2,,71371
71956,60,,1,,71372
71957,39,1,1,,71373
71958,39,1,1,,71374
71959,23,7,1,,71374
71960,60,,1,,71375
71961,39,1,2,,71376
71962,39,1,1,,71377
71963,39,1,1,,71378
71964,39,1,1,,71379
71965,23,7,1,,71379
71966,39,3,1,,71380
71967,39,1,1,,71381
71968,60,,1,,71382
71969,39,3,1,,71383
71970,39,1,1,,71384
71971,23,7,1,,71384
71972,39,1,1,,71385
71973,39,1,2,,71386
71974,23,7,1,,71386
71975,39,1,1,,71387
71976,60,,1,,71388
71977,39,1,2,,71389
71978,39,1,2,,71390
71979,39,1,2,,71391
71980,39,1,2,,71392
71981,39,1,1,,71393
71982,39,1,1,,71394
71983,39,1,1,,71395
71984,39,1,1,,71396
71985,39,1,2,,71397
71986,39,4,1,,71398
71987,60,,1,,71399
71988,39,1,1,,71400
71989,39,1,1,,71401
71990,39,1,1,,71402
71991,23,,1,,71403
71992,39,1,2,,71404
71993,39,1,1,,71405
71994,39,1,1,,71406
71995,39,1,1,,71407
71996,39,1,1,,71408
71997,39,1,1,,71409
71998,39,1,1,,71410
71999,39,1,1,,71411
72000,39,1,1,,71412
72001,39,3,1,,71413
72002,39,1,1,,71414
72003,39,1,2,,71415
72004,39,1,1,,71416
72005,23,7,1,,71416
72006,39,1,3,,71417
72007,60,,1,,71418
72008,39,1,2,,71419
72009,39,1,2,,71420
72010,39,1,1,,71421
72011,39,1,2,,71422
72012,23,7,1,,71422
72013,39,1,2,,71423
72014,39,1,2,,71424
72015,39,1,2,,71425
72016,39,1,1,,71426
72017,39,1,2,,71427
72018,39,1,1,,71428
72019,39,1,1,,71429
72020,22,,1,,71430
72021,39,1,1,,71431
72022,23,7,1,,71431
72023,39,1,1,,71432
72024,60,,1,,71433
72025,39,1,1,,71434
72026,36,,1,,71435
72027,36,,1,,71436
72028,36,,1,,71437
72029,39,1,1,,71438
72030,60,,1,,71439
72031,60,,1,,71440
72032,60,,1,,71441
72033,39,3,1,,71442
72034,39,1,1,,71443
72035,36,,1,,71444
72036,39,1,1,,71445
72037,23,5,1,,71445
72038,39,1,1,,71446
72039,39,1,1,,71447
72040,39,3,1,,71448
72041,39,1,1,,71449
72042,39,1,1,,71450
72043,39,1,1,,71451
72044,39,1,1,,71452
72045,39,1,2,,71453
72046,39,1,1,,71454
72047,39,1,1,,71455
72048,60,,1,,71456
72049,39,1,1,,71457
72050,60,,1,,71458
72051,60,,1,,71459
72052,36,,1,,71460
72053,60,,1,,71461
72054,11,,1,,71462
72055,60,,1,,71463
72056,36,,1,,71464
72057,39,1,1,,71465
72058,39,1,1,,71466
72059,39,1,2,,71467
72060,39,1,1,,71468
72061,23,7,1,,71468
72062,39,1,2,,71469
72063,39,1,1,,71470
72064,60,,1,,71471
72065,39,1,2,,71472
72066,39,1,1,,71473
72067,23,7,1,,71473
72068,39,1,2,,71474
72069,39,1,2,,71475
72070,39,1,1,,71476
72071,60,,1,,71477
72072,36,,1,,71478
72073,36,,3,,71479
72074,39,1,1,,71480
72075,39,1,2,,71481
72076,39,1,1,,71482
72077,39,1,1,,71483
72078,39,1,1,,71484
72079,39,1,1,,71485
72080,39,1,1,,71486
72081,39,1,1,,71487
72082,60,,1,,71488
72083,60,,1,,71489
72084,39,1,2,,71490
72085,60,,1,,71491
72086,39,1,2,,71492
72087,39,1,1,,71493
72088,23,7,1,,71493
72089,39,1,1,,71494
72090,39,1,1,,71495
72091,60,,1,,71496
72092,39,48,2,,71497
72093,39,1,1,,71498
72094,39,1,1,,71499
72095,39,3,1,,71500
72096,39,1,1,,71501
72097,39,1,1,,71502
72098,23,5,1,,71503
72099,39,3,1,,71504
72100,23,7,1,,71505
72101,39,1,2,,71506
72102,39,1,1,,71507
72103,23,7,1,,71507
72104,39,1,1,,71508
72105,39,1,2,,71509
72106,60,,1,,71510
72107,39,1,1,,71511
72108,23,7,1,,71511
72109,39,1,2,,71512
72110,23,7,1,,71512
72111,39,1,2,,71513
72112,39,1,1,,71514
72113,36,,1,,71515
72114,36,,2,,71516
72115,39,1,2,,71517
72116,39,1,2,,71518
72117,60,,1,,71519
72118,39,3,1,,71520
72119,39,1,2,,71521
72120,39,1,2,,71522
72121,60,,1,,71523
72122,23,7,1,,71524
72123,23,7,1,,71525
72124,23,7,1,,71526
72125,39,6,1,,71527
72126,39,6,1,,71528
72127,39,6,1,,71529
72128,39,6,1,,71530
72129,39,6,1,,71531
72130,36,,1,,71532
72131,60,,1,,71533
72132,81,,1,,71534
72133,39,6,1,,71535
72134,39,6,1,,71536
72135,39,6,2,,71537
72136,39,6,1,,71538
72137,39,1,1,,71539
72138,23,,1,,71539
72139,13,,1,,71540
72140,3,,1,,71541
72141,39,6,1,,71542
72142,39,6,2,,71543
72143,39,6,1,,71544
72144,60,,1,,71545
72145,60,,1,,71546
72146,60,,1,,71547
72147,60,,1,,71548
72148,60,,1,,71549
72149,39,6,1,,71550
72150,60,,1,,71551
72151,60,,1,,71552
72152,60,,1,,71553
72153,39,6,1,,71554
72154,39,6,2,,71555
72155,39,6,1,,71556
72156,39,6,1,,71557
72157,39,6,2,,71558
72158,39,6,1,,71559
72159,39,6,2,,71560
72160,60,,1,,71561
72161,39,6,1,,71562
72162,39,6,1,,71563
72163,39,6,1,,71564
72164,39,6,1,,71565
72165,36,,1,,71566
72166,81,,1,,71567
72167,39,6,3,,71568
72168,60,,1,,71569
72169,60,,1,,71570
72170,39,6,1,,71571
72171,39,6,1,,71572
72172,23,7,2,,71572
72173,36,,1,,71573
72174,36,,2,,71574
72175,39,3,1,,71575
72176,39,3,1,,71576
72177,39,3,1,,71577
72178,39,3,1,,71578
72179,39,1,1,,71579
72180,23,7,1,,71579
72181,39,3,1,,71580
72182,39,3,1,,71581
72183,39,3,1,,71582
72184,39,3,1,,71583
72185,39,1,3,,71584
72186,23,7,2,,71584
72187,36,,1,,71585
72188,36,,1,,71586
72189,39,1,1,,71587
72190,23,5,1,,71587
72191,23,5,1,,71588
72192,39,1,1,,71589
72193,39,3,1,,71590
72194,39,3,1,,71591
72195,39,3,1,,71592
72196,39,1,1,,71593
72197,39,1,1,,71594
72198,39,1,1,,71595
72199,39,1,1,,71596
72200,39,6,5,,71597
72201,39,6,6,,71598
72202,39,6,5,,71599
72203,39,6,3,,71600
72204,39,6,1,,71601
72205,39,6,5,,71602
72206,39,6,1,,71603
72207,39,6,1,,71604
72208,39,6,1,,71605
72209,39,6,1,,71606
72210,60,,1,,71607
72211,39,6,2,,71608
72212,39,6,1,,71609
72213,23,5,2,,71610
72214,39,1,1,,71610
72215,39,1,1,,71611
72216,39,6,1,,71612
72217,39,1,2,,71613
72218,23,5,1,,71613
72219,39,6,1,batteries got knocked loose so no photos from 9.20.15-10.19.15,71614
72220,55,,1,,71615
72221,39,6,1,,71616
72222,39,6,1,,71617
72223,39,6,1,,71618
72224,39,6,1,,71619
72225,23,,1,,71620
72226,23,,2,,71621
72227,39,1,1,,71621
72228,36,,2,,71622
72229,36,,1,,71623
72230,11,,1,,71624
72231,39,1,1,,71625
72232,39,1,1,,71626
72233,39,1,2,,71627
72234,39,1,1,,71628
72235,39,1,1,,71629
72236,39,1,1,,71630
72237,60,,1,,71631
72238,39,1,2,,71632
72239,39,1,2,,71633
72240,39,1,2,,71634
72241,39,1,3,,71635
72242,39,1,2,,71636
72243,39,1,2,,71637
72244,39,1,3,,71638
72245,60,,1,,71639
72246,39,1,2,,71640
72247,39,1,2,,71641
72248,39,1,2,,71642
72249,23,7,1,,71642
72250,39,1,1,,71643
72251,39,1,1,,71644
72252,39,1,1,,71645
72253,60,,1,,71646
72254,8,,1,,71647
72255,39,1,1,,71648
72256,36,,4,,71649
72257,39,1,1,,71650
72258,39,1,1,,71651
72259,39,1,2,,71652
72260,39,1,1,,71653
72261,39,1,1,,71654
72262,60,,1,,71655
72263,39,3,1,,71656
72264,60,,1,,71657
72265,39,1,2,,71658
72266,39,1,1,,71659
72267,39,1,2,,71660
72268,39,1,1,,71661
72269,39,1,1,,71662
72270,39,1,1,,71663
72271,39,1,1,,71664
72272,39,3,1,,71665
72273,8,,1,,71666
72274,36,,2,,71667
72275,39,1,2,,71668
72276,39,1,1,,71669
72277,39,1,1,,71670
72278,39,1,2,,71671
72279,39,1,1,,71672
72280,39,1,2,,71673
72281,39,3,1,,71674
72282,39,1,1,,71675
72283,23,7,1,,71675
72284,23,5,1,,71676
72285,39,1,2,,71677
72286,23,5,1,,71677
72287,23,5,1,,71678
72288,39,1,1,,71679
72289,60,,1,,71680
72290,39,1,1,,71681
72291,39,1,2,,71682
72292,39,1,2,,71683
72293,60,,1,,71684
72294,36,,1,,71685
72295,39,1,1,,71686
72296,39,3,1,,71687
72297,39,1,1,,71688
72298,39,1,1,,71689
72299,23,7,1,,71689
72300,39,1,1,,71690
72301,23,7,1,,71690
72302,39,1,2,,71691
72303,39,1,2,,71692
72304,39,1,2,,71693
72305,39,1,2,,71694
72306,39,1,2,,71695
72307,39,1,1,,71696
72308,39,1,2,,71697
72309,39,1,2,,71698
72310,39,1,1,,71699
72311,39,3,1,,71700
72312,39,1,1,,71701
72313,39,1,1,,71702
72314,39,1,1,,71703
72315,39,1,2,,71704
72316,39,1,2,,71705
72317,39,1,1,,71706
72318,39,1,2,,71707
72319,23,7,1,,71707
72320,39,1,2,,71708
72321,39,1,2,,71709
72322,39,3,1,,71710
72323,39,1,2,,71711
72324,23,7,1,,71711
72325,39,1,1,,71712
72326,39,1,1,,71713
72327,23,7,1,,71713
72328,39,1,1,,71714
72329,39,1,2,,71715
72330,39,1,1,,71716
72331,60,,1,,71717
72332,60,,1,,71718
72333,60,,1,,71719
72334,60,,1,,71720
72335,39,1,1,,71721
72336,39,1,1,,71722
72337,36,,1,,71723
72338,39,1,1,,71724
72339,23,7,1,,71724
72340,36,,1,,71725
72341,39,1,1,,71726
72342,23,7,1,,71726
72343,39,8,1,,71727
72344,39,1,1,,71728
72345,39,1,1,,71729
72346,23,7,1,,71729
72347,39,3,1,,71730
72348,39,1,1,,71731
72349,39,1,1,,71732
72350,23,7,1,,71732
72351,39,1,1,,71733
72352,36,,1,,71734
72353,60,,1,,71735
72354,36,,1,,71736
72355,39,1,1,,71737
72356,39,1,2,,71738
72357,39,1,2,,71739
72358,39,1,1,,71740
72359,60,,1,,71741
72360,39,1,3,,71742
72361,39,1,1,,71743
72362,39,1,1,,71744
72363,39,1,1,,71745
72364,39,1,1,,71746
72365,39,3,1,,71747
72366,39,3,1,,71748
72367,39,1,1,,71749
72368,39,1,1,,71750
72369,39,1,1,,71751
72370,39,1,2,,71752
72371,23,7,1,,71752
72372,39,1,2,,71753
72373,39,1,2,,71754
72374,39,1,1,,71755
72375,39,1,1,,71756
72376,39,3,1,,71757
72377,39,3,1,,71758
72378,36,,1,,71759
72379,36,,1,,71760
72380,36,,1,,71761
72381,39,1,1,,71762
72382,39,8,1,,71763
72383,39,1,2,,71764
72384,39,1,2,,71765
72385,39,1,1,,71766
72386,39,1,1,,71767
72387,39,1,2,,71768
72388,39,1,2,,71769
72389,39,1,1,,71770
72390,39,1,1,,71771
72391,39,3,1,,71772
72392,39,3,1,,71773
72393,60,,1,,71774
72394,60,,1,,71775
72395,39,3,1,,71776
72396,39,3,1,,71777
72397,36,,1,,71778
72398,36,,1,,71779
72399,60,,1,,71780
72400,39,1,1,,71781
72401,23,5,1,,71781
72402,23,5,3,,71782
72403,23,5,1,,71783
72404,39,1,1,,71784
72405,39,1,1,,71785
72406,23,7,1,,71785
72407,39,1,1,,71786
72408,39,1,1,,71787
72409,39,1,1,,71788
72410,39,1,1,,71789
72411,39,1,1,,71790
72412,39,1,1,,71791
72413,39,1,1,,71792
72414,39,1,1,,71793
72415,60,,1,,71794
72416,39,3,1,,71795
72417,23,5,1,,71796
72418,39,1,2,,71797
72419,39,1,1,,71798
72420,39,1,1,,71799
72421,39,1,1,,71800
72422,39,1,2,,71801
72423,39,1,1,,71802
72424,39,1,1,,71803
72425,23,7,1,,71803
72426,39,1,1,,71804
72427,23,7,1,,71804
72428,60,,1,,71805
72429,39,1,1,,71806
72430,39,3,1,,71807
72431,60,,1,,71808
72432,60,,1,,71809
72433,11,,1,,71810
72434,60,,1,,71811
72435,39,3,1,,71812
72436,39,3,1,,71813
72437,39,1,1,,71814
72438,39,1,1,,71815
72439,60,,1,,71816
72440,55,,1,,71817
72441,39,1,1,,71818
72442,39,1,1,,71819
72443,39,1,1,,71820
72444,39,1,1,,71821
72445,39,1,1,,71822
72446,39,1,2,,71823
72447,39,3,1,,71824
72448,39,1,3,,71825
72449,39,1,1,,71826
72450,39,1,1,,71827
72451,39,1,3,,71828
72452,39,3,1,,71829
72453,39,1,2,,71830
72454,39,1,2,,71831
72455,60,,1,,71832
72456,60,,1,,71833
72457,39,1,1,,71834
72458,36,,1,,71835
72459,39,1,2,,71836
72460,39,1,1,,71837
72461,55,,1,dog or coyote,71838
72462,39,1,1,,71839
72463,39,1,1,,71840
72464,39,1,1,,71841
72465,39,1,2,,71842
72466,39,1,1,,71843
72467,39,1,2,,71844
72468,39,3,1,,71845
72469,39,1,1,,71846
72470,39,1,2,,71847
72471,39,3,1,,71848
72472,39,1,2,,71849
72473,39,1,1,,71850
72474,23,7,1,,71850
72475,39,1,2,,71851
72476,23,7,1,,71851
72477,39,1,1,,71852
72478,39,1,1,,71853
72479,39,1,1,,71854
72480,39,1,1,,71855
72481,8,,1,,71856
72482,36,,2,,71857
72483,36,,1,,71858
72484,36,,1,,71859
72485,36,,1,,71860
72486,11,,1,,71861
72487,39,1,1,,71862
72488,39,1,2,,71863
72489,39,1,2,,71864
72490,39,1,1,,71865
72491,39,1,1,,71866
72492,39,1,1,,71867
72493,39,1,1,,71868
72494,39,1,1,,71869
72495,23,7,1,,71869
72496,39,1,1,,71870
72497,39,1,2,,71871
72498,23,7,1,,71872
72499,39,1,2,,71873
72500,39,1,1,,71874
72501,39,1,1,,71875
72502,39,1,1,,71876
72503,60,,1,,71877
72504,36,,1,,71878
72505,11,,1,,71879
72506,60,,1,,71880
72507,11,,1,,71881
72508,39,3,1,,71882
72509,36,,1,,71883
72510,39,1,1,,71884
72511,39,1,2,,71885
72512,39,1,1,,71886
72513,39,3,1,,71887
72514,39,1,1,,71888
72515,80,,1,,71889
72516,60,,1,,71890
72517,36,,1,,71891
72518,36,,1,,71892
72519,39,1,3,,71893
72520,39,1,1,,71894
72521,39,1,2,,71895
72522,36,,1,,71896
72523,36,,1,,71897
72524,39,1,1,,71898
72525,23,7,1,,71898
72526,60,,1,,71899
72527,36,,1,,71900
72528,36,,1,,71901
72529,60,,1,,71902
72530,60,,1,,71903
72531,60,,1,,71904
72532,60,,1,,71905
72533,11,,1,,71906
72534,36,,1,,71907
72535,36,,1,,71908
72536,39,1,1,,71909
72537,39,3,1,,71910
72538,39,1,2,,71911
72539,39,1,2,,71912
72540,39,1,1,,71913
72541,39,1,2,,71914
72542,60,,1,,71915
72543,39,1,2,,71916
72544,39,1,2,,71917
72545,23,7,1,,71917
72546,39,1,2,,71918
72547,39,1,2,,71919
72548,60,,1,,71920
72549,39,1,1,,71921
72550,39,1,2,,71922
72551,39,1,1,,71923
72552,39,1,1,,71924
72553,60,,1,,71925
72554,39,1,1,,71926
72555,36,,3,,71927
72556,36,,1,,71928
72557,39,1,2,,71929
72558,39,1,1,,71930
72559,23,7,2,,71930
72560,39,1,1,,71931
72561,39,1,1,,71932
72562,39,1,3,,71933
72563,60,,1,,71934
72564,39,1,1,,71935
72565,39,4,2,,71936
72566,39,1,2,,71937
72567,39,1,3,,71938
72568,39,1,2,,71939
72569,60,,1,,71940
72570,39,1,2,,71941
72571,23,7,1,,71941
72572,39,1,3,,71942
72573,39,1,2,,71943
72574,39,3,1,,71944
72575,39,3,1,,71945
72576,39,1,1,,71946
72577,39,1,2,,71947
72578,39,3,1,,71948
72579,39,1,2,,71949
72580,60,,1,,71950
72581,39,1,1,,71951
72582,23,7,1,,71952
72583,39,3,1,,71953
72584,39,3,1,,71954
72585,39,3,1,,71955
72586,23,7,1,,71956
72587,39,1,1,,71957
72588,23,7,1,,71957
72589,23,5,1,,71958
72590,55,,1,,71959
72591,11,,1,,71960
72592,60,,1,,71961
72593,11,,1,,71962
72594,60,,1,,71963
72595,39,6,3,,71964
72596,39,6,1,,71965
72597,39,6,1,,71966
72598,39,6,1,,71967
72599,39,6,1,,71968
72600,23,7,1,,71968
72601,36,,2,,71969
72602,36,,1,,71970
72603,39,1,1,,71971
72604,39,1,1,,71972
72605,39,1,2,,71973
72606,23,7,1,,71973
72607,39,1,1,,71974
72608,39,1,1,,71975
72609,39,1,1,,71976
72610,60,,1,,71977
72611,39,1,1,,71978
72612,39,1,2,,71979
72613,39,1,2,,71980
72614,39,1,2,,71981
72615,39,1,2,,71982
72616,39,1,2,,71983
72617,39,1,2,,71984
72618,39,1,1,,71985
72619,39,1,2,,71986
72620,39,3,1,,71987
72621,39,1,1,,71988
72622,39,1,1,,71989
72623,39,1,1,,71990
72624,8,,1,,71991
72625,39,1,1,,71992
72626,39,1,1,,71993
72627,39,1,1,,71994
72628,39,1,1,,71995
72629,60,,1,,71996
72630,39,1,2,,71997
72631,39,1,1,,71998
72632,39,1,1,,71999
72633,39,1,1,,72000
72634,36,,1,,72001
72635,8,,1,,72002
72636,36,,2,,72003
72637,39,1,2,,72004
72638,39,1,1,,72005
72639,39,1,1,,72006
72640,39,1,2,,72007
72641,39,1,1,,72008
72642,39,1,2,,72009
72643,39,1,1,,72010
72644,23,7,1,,72010
72645,39,3,1,,72011
72646,23,5,1,,72012
72647,23,5,1,,72013
72648,23,5,1,,72014
72649,60,,1,,72015
72650,39,1,1,,72016
72651,39,1,1,,72017
72652,36,,1,,72018
72653,39,3,1,,72019
72654,39,1,2,,72020
72655,36,,1,,72021
72656,36,,1,,72022
72657,36,,1,,72023
72658,39,3,1,,72024
72659,39,4,1,,72025
72660,39,1,1,,72026
72661,23,7,1,,72026
72662,39,1,1,,72027
72663,23,7,1,,72027
72664,23,5,1,,72028
72665,39,4,1,,72029
72666,23,5,1,,72030
72667,39,3,1,,72031
72668,39,1,1,,72032
72669,23,5,1,,72032
72670,39,3,1,,72033
72671,23,5,2,,72033
72672,39,3,1,,72034
72673,39,1,1,,72035
72674,23,5,1,,72035
72675,39,1,1,,72036
72676,23,5,1,,72037
72677,39,3,1,,72038
72678,39,1,1,,72039
72679,39,3,1,,72040
72680,39,1,1,,72041
72681,39,1,1,,72042
72682,39,3,1,,72043
72683,39,1,1,,72044
72684,36,,1,,72045
72685,23,7,2,,72046
72686,39,1,1,,72046
72687,39,1,1,,72047
72688,23,5,1,,72047
72689,39,3,1,,72048
72690,39,3,1,,72049
72691,39,3,1,,72050
72692,39,1,1,,72051
72693,23,7,1,,72051
72694,39,3,1,,72052
72695,36,,1,,72053
72696,36,,1,,72054
72697,39,1,1,,72055
72698,39,3,1,,72056
72699,39,3,1,,72057
72700,36,,1,,72058
72701,36,,1,,72059
72702,60,,1,,72060
72703,39,4,1,,72061
72704,23,7,1,,72062
72705,39,3,1,,72063
72706,39,1,1,,72064
72707,39,1,2,,72065
72708,23,7,1,,72065
72709,39,3,1,,72066
72710,39,1,1,,72067
72711,39,1,2,,72068
72712,23,5,1,,72068
72713,39,1,2,,72069
72714,39,3,1,,72070
72715,39,1,2,,72071
72716,39,3,1,,72072
72717,39,3,1,,72073
72718,39,3,1,,72074
72719,39,3,1,,72075
72720,39,1,1,,72076
72721,39,3,1,,72077
72722,39,1,1,,72078
72723,39,1,1,,72079
72724,39,1,1,,72080
72725,39,3,1,,72081
72726,39,4,1,,72082
72727,39,3,2,,72083
72728,39,4,1,,72084
72729,39,1,1,,72085
72730,39,4,2,,72086
72731,39,1,1,,72087
72732,39,6,1,,72088
72733,39,6,1,,72089
72734,39,6,1,,72090
72735,39,6,2,,72091
72736,39,6,2,,72092
72737,39,6,2,,72093
72738,39,6,2,,72094
72739,39,6,1,,72095
72740,55,,1,POSSIBLE BLACK BEAR,72096
72741,39,6,1,,72097
72742,39,6,6,,72098
72743,39,1,1,,72099
72744,60,,1,,72100
72745,39,6,3,,72101
72746,39,6,2,,72102
72747,39,6,1,,72103
72748,39,6,3,,72104
72749,39,6,1,,72105
72750,36,,1,,72106
72751,36,,1,,72107
72752,36,,1,,72108
72753,36,,1,,72109
72754,60,,1,,72110
72755,36,,1,,72111
72756,39,6,1,,72112
72757,39,6,1,,72113
72758,39,6,1,,72114
72759,39,6,1,,72115
72760,39,6,1,,72116
72761,36,,1,,72117
72762,36,,1,,72118
72763,36,,1,,72119
72764,36,,2,,72120
72765,36,,1,,72121
72766,36,,1,,72122
72767,36,,1,,72123
72768,36,,1,,72124
72769,39,1,1,,72125
72770,36,,1,,72126
72771,36,,1,,72127
72772,36,,1,,72128
72773,36,,1,,72129
72774,36,,1,,72130
72775,36,,1,,72131
72776,36,,1,,72132
72777,36,,2,,72133
72778,36,,1,,72134
72779,36,,1,,72135
72780,36,,2,,72136
72781,36,,2,,72137
72782,36,,2,,72138
72783,36,,2,,72139
72784,36,,2,,72140
72785,36,,2,,72141
72786,36,,2,,72142
72787,36,,2,,72143
72788,36,,2,,72144
72789,36,,1,,72145
72790,36,,1,,72146
72791,39,6,1,,72147
72792,39,6,1,,72148
72793,39,6,1,,72149
72794,39,6,1,,72150
72795,39,6,2,,72151
72796,39,6,3,,72152
72797,60,,1,,72153
72798,36,,2,,72154
72799,36,,1,,72155
72800,36,,1,,72156
72801,36,,1,,72157
72802,21,,1,,72158
72803,36,,1,,72159
72804,36,,1,,72160
72805,36,,1,,72161
72806,36,,1,,72162
72807,36,,1,,72163
72808,60,,1,,72164
72809,36,,1,,72165
72810,39,6,1,,72166
72811,39,6,1,,72167
72812,39,6,1,,72168
72813,39,6,2,,72169
72814,39,6,3,,72170
72815,39,6,1,,72171
72816,39,6,1,,72172
72817,39,6,1,,72173
72818,39,6,1,,72174
72819,39,6,2,,72175
72820,39,4,1,,72176
72821,39,1,1,,72177
72822,39,1,1,,72178
72823,39,1,1,,72179
72824,39,1,1,,72180
72825,39,1,1,,72181
72826,39,4,1,,72182
72827,39,1,3,,72183
72828,39,1,1,,72184
72829,39,3,1,,72185
72830,39,1,1,,72186
72831,39,1,1,,72187
72832,39,1,1,,72188
72833,39,1,1,,72189
72834,39,1,1,,72190
72835,39,1,3,,72191
72836,39,1,2,,72192
72837,39,1,1,,72193
72838,39,1,2,,72194
72839,39,1,1,,72195
72840,39,1,1,,72196
72841,39,3,1,,72197
72842,39,1,1,,72198
72843,39,1,1,,72199
72844,39,3,1,,72200
72845,60,,1,,72201
72846,60,,1,,72202
72847,39,1,1,,72203
72848,39,1,2,,72204
72849,39,1,1,,72205
72850,23,5,1,,72205
72851,39,1,1,,72206
72852,39,3,1,,72207
72853,39,1,1,,72208
72854,60,,1,,72209
72855,39,1,1,,72210
72856,8,,1,,72211
72857,60,,1,,72212
72858,39,1,1,,72213
72859,23,7,1,,72213
72860,39,1,1,,72214
72861,39,1,1,,72215
72862,39,1,1,,72216
72863,39,1,1,,72217
72864,39,1,1,,72218
72865,39,3,1,,72219
72866,39,3,1,,72220
72867,39,1,1,,72221
72868,23,5,1,,72221
72869,39,1,2,,72222
72870,39,1,2,,72223
72871,39,1,1,,72224
72872,39,1,1,,72225
72873,23,7,1,,72225
72874,39,3,1,,72226
72875,39,1,1,,72227
72876,39,1,1,,72228
72877,36,,1,,72229
72878,36,,1,,72230
72879,36,,1,,72231
72880,39,1,1,,72232
72881,39,1,1,,72233
72882,39,1,1,,72234
72883,39,1,1,,72235
72884,39,3,1,,72236
72885,39,1,2,,72237
72886,39,1,1,,72238
72887,39,1,1,,72239
72888,39,1,1,,72240
72889,60,,1,,72241
72890,39,1,1,,72242
72891,39,1,1,,72243
72892,39,3,1,,72244
72893,39,1,1,,72245
72894,39,1,2,,72246
72895,39,1,1,,72247
72896,39,1,1,,72248
72897,39,1,2,,72249
72898,39,1,2,,72250
72899,23,7,1,,72250
72900,39,3,1,,72251
72901,39,1,1,,72252
72902,39,1,2,,72253
72903,39,3,1,,72254
72904,60,,1,,72255
72905,39,1,1,,72256
72906,39,1,1,,72257
72907,23,7,1,,72257
72908,39,1,1,,72258
72909,39,3,1,,72259
72910,39,3,1,,72260
72911,39,1,2,,72261
72912,23,7,1,,72261
72913,39,1,1,,72262
72914,23,7,1,,72262
72915,39,1,1,,72263
72916,39,1,1,,72264
72917,39,1,1,,72265
72918,23,7,1,,72265
72919,39,1,1,,72266
72920,39,3,1,,72267
72921,39,1,1,,72268
72922,39,1,2,,72269
72923,60,,1,,72270
72924,39,1,2,,72271
72925,39,1,1,,72272
72926,39,1,1,,72273
72927,39,1,1,,72274
72928,39,3,1,,72275
72929,39,3,1,,72276
72930,60,,1,,72277
72931,39,3,1,,72278
72932,39,3,2,,72279
72933,39,1,2,,72280
72934,39,1,2,,72281
72935,39,1,1,,72282
72936,39,3,1,,72283
72937,39,3,1,,72284
72938,39,1,2,,72285
72939,60,,1,,72286
72940,8,,1,,72287
72941,36,,1,,72288
72942,36,,1,,72289
72943,36,,1,,72290
72944,39,1,1,,72291
72945,39,1,1,,72292
72946,23,7,1,,72292
72947,39,1,1,,72293
72948,39,1,1,,72294
72949,39,3,1,,72295
72950,39,1,2,,72296
72951,39,3,1,,72297
72952,60,,1,,72298
72953,39,1,1,,72299
72954,39,1,2,,72300
72955,39,1,1,,72301
72956,39,1,1,,72302
72957,39,1,2,,72303
72958,39,1,2,,72304
72959,39,1,1,,72305
72960,36,,1,,72306
72961,36,,1,,72307
72962,36,,1,,72308
72963,11,,1,,72309
72964,39,1,1,,72310
72965,39,1,1,,72311
72966,39,1,1,,72312
72967,36,,1,,72313
72968,36,,1,,72314
72969,36,,2,,72315
72970,36,,1,,72316
72971,36,,1,,72317
72972,36,,1,,72318
72973,36,,1,,72319
72974,36,,1,,72320
72975,36,,1,,72321
72976,60,,1,,72322
72977,36,,1,,72323
72978,39,1,1,,72324
72979,23,5,1,,72325
72980,39,1,1,,72326
72981,39,1,1,,72327
72982,39,1,1,,72328
72983,39,1,1,,72329
72984,36,,1,,72330
72985,39,1,1,,72331
72986,39,1,1,,72332
72987,23,5,1,,72332
72988,39,1,2,,72333
72989,39,1,1,,72334
72990,39,1,1,,72335
72991,23,7,2,,72335
72992,39,1,1,,72336
72993,39,3,1,,72337
72994,39,3,1,,72338
72995,39,1,1,,72339
72996,39,3,1,,72340
72997,39,3,1,,72341
72998,39,3,1,,72342
72999,39,3,1,,72343
73000,60,,1,,72344
73001,39,3,1,,72345
73002,39,1,1,,72346
73003,39,1,1,,72347
73004,39,1,1,,72348
73005,39,1,1,,72349
73006,23,7,1,,72349
73007,39,1,1,,72350
73008,23,7,1,,72350
73009,39,1,1,,72351
73010,39,1,1,,72352
73011,39,1,2,,72353
73012,39,1,1,,72354
73013,39,1,1,,72355
73014,39,1,2,,72356
73015,39,1,2,,72357
73016,39,1,1,,72358
73017,23,7,1,,72358
73018,60,,1,,72359
73019,60,,1,,72360
73020,39,3,1,,72361
73021,39,3,1,,72362
73022,39,3,1,,72363
73023,39,3,1,,72364
73024,39,1,1,,72365
73025,39,1,2,,72366
73026,23,7,1,,72366
73027,39,1,1,,72367
73028,39,3,1,,72368
73029,39,1,2,,72369
73030,39,1,2,,72370
73031,39,3,1,,72371
73032,39,1,2,,72372
73033,39,3,1,,72373
73034,39,1,3,,72374
73035,39,1,3,,72375
73036,39,1,1,,72376
73037,39,1,2,,72377
73038,23,7,1,,72377
73039,39,1,2,,72378
73040,23,7,1,,72378
73041,39,1,2,,72379
73042,39,1,1,,72380
73043,60,,1,,72381
73044,39,1,2,,72382
73045,39,1,1,,72383
73046,39,1,1,,72384
73047,39,3,1,,72385
73048,60,,1,,72386
73049,39,1,1,,72387
73050,23,7,2,,72387
73051,39,1,2,,72388
73052,23,7,1,,72388
73053,39,3,1,,72389
73054,39,1,1,,72390
73055,23,7,1,,72390
73056,39,1,1,,72391
73057,39,3,1,,72392
73058,39,1,1,,72393
73059,23,7,1,,72393
73060,39,1,1,,72394
73061,39,1,2,,72395
73062,23,7,1,,72396
73063,39,1,1,,72397
73064,23,7,1,,72397
73065,39,1,2,,72398
73066,23,7,1,,72398
73067,39,3,1,,72399
73068,39,3,1,,72400
73069,39,1,1,,72401
73070,39,1,1,,72402
73071,39,1,1,,72403
73072,39,1,1,,72404
73073,39,3,1,,72405
73074,39,1,2,,72406
73075,39,1,2,,72407
73076,39,3,1,,72408
73077,39,1,1,,72409
73078,39,1,2,,72410
73079,39,1,1,,72411
73080,23,7,1,,72411
73081,39,1,2,,72412
73082,39,1,2,,72413
73083,39,1,1,,72414
73084,39,1,1,,72415
73085,23,7,1,,72415
73086,39,3,1,,72416
73087,39,1,1,,72417
73088,39,1,1,,72418
73089,36,,1,,72419
73090,39,1,1,,72420
73091,39,1,1,,72421
73092,39,1,1,,72422
73093,39,1,1,,72423
73094,39,1,1,,72424
73095,23,7,1,,72424
73096,23,5,1,,72425
73097,39,1,1,,72426
73098,23,7,1,,72426
73099,39,1,1,,72427
73100,55,,1,,72428
73101,36,,2,,72429
73102,36,,1,,72430
73103,36,,1,,72431
73104,36,,1,,72432
73105,36,,1,,72433
73106,36,,1,,72434
73107,36,,1,,72435
73108,36,,1,,72436
73109,36,,1,,72437
73110,36,,1,,72438
73111,36,,1,,72439
73112,36,,1,,72440
73113,39,1,1,,72441
73114,23,7,1,,72441
73115,36,,1,,72442
73116,36,,2,,72443
73117,36,,1,,72444
73118,36,,1,,72445
73119,36,,1,,72446
73120,11,,1,,72447
73121,36,,1,,72448
73122,36,,1,,72449
73123,36,,1,,72450
73124,36,,1,,72451
73125,36,,1,,72452
73126,36,,1,,72453
73127,36,,1,,72454
73128,36,,1,,72455
73129,39,1,1,,72456
73130,39,1,1,,72457
73131,39,1,1,,72458
73132,60,,1,,72459
73133,39,1,2,,72460
73134,23,7,1,,72460
73135,39,1,1,,72461
73136,23,7,1,,72461
73137,60,,1,,72462
73138,39,3,1,,72463
73139,39,1,1,,72464
73140,39,1,1,,72465
73141,39,1,1,,72466
73142,23,5,1,,72466
73143,23,5,1,,72467
73144,39,3,1,,72468
73145,39,3,1,,72469
73146,39,1,1,,72470
73147,39,1,2,,72471
73148,23,7,1,,72471
73149,39,1,1,,72472
73150,39,1,1,,72473
73151,36,,2,,72474
73152,36,,1,,72475
73153,60,,1,,72476
73154,39,1,2,,72477
73155,39,1,2,,72478
73156,39,1,1,,72479
73157,39,1,1,,72480
73158,23,5,2,,72480
73159,39,1,2,,72481
73160,39,1,1,,72482
73161,39,1,2,,72483
73162,39,1,2,,72484
73163,39,3,1,,72485
73164,39,1,1,,72486
73165,60,,1,,72487
73166,39,3,1,,72488
73167,36,,1,,72489
73168,60,,1,,72490
73169,36,,1,,72491
73170,39,1,1,,72492
73171,39,1,1,,72493
73172,39,1,1,,72494
73173,23,7,1,,72494
73174,39,1,1,,72495
73175,39,1,2,,72496
73176,39,1,1,,72497
73177,39,1,1,,72498
73178,39,1,2,,72499
73179,23,7,2,,72499
73180,39,1,1,,72500
73181,60,,1,,72501
73182,39,1,1,,72502
73183,23,7,2,,72502
73184,39,1,1,,72503
73185,39,1,1,,72504
73186,39,1,1,,72505
73187,39,1,1,,72506
73188,39,1,1,,72507
73189,39,1,2,,72508
73190,23,5,1,,72509
73191,39,1,1,,72510
73192,39,1,1,,72511
73193,23,7,1,,72511
73194,39,1,1,,72512
73195,39,1,1,,72513
73196,39,3,1,,72514
73197,39,1,1,,72515
73198,39,1,2,,72516
73199,39,3,1,,72517
73200,39,1,1,,72518
73201,60,,1,,72519
73202,11,,1,,72520
73203,36,,1,,72521
73204,36,,1,,72522
73205,39,1,1,,72523
73206,23,7,1,,72523
73207,39,1,1,,72524
73208,39,1,1,,72525
73209,39,1,2,,72526
73210,39,1,1,,72527
73211,39,1,2,,72528
73212,39,1,1,,72529
73213,39,1,2,,72530
73214,39,1,1,,72531
73215,39,1,1,,72532
73216,39,1,1,,72533
73217,39,1,1,,72534
73219,23,7,1,,72534
73220,39,1,1,,72535
73221,39,1,1,,72536
73222,23,7,1,,72536
73223,39,3,1,,72537
73224,39,1,2,,72538
73225,39,3,1,,72539
73226,39,3,1,,72540
73227,39,1,1,,72541
73228,36,,1,,72542
73229,11,,1,,72543
73230,23,5,1,,72544
73231,39,1,1,,72545
73232,39,1,2,,72546
73233,39,1,2,,72547
73234,39,1,2,,72548
73235,39,1,1,,72549
73236,39,1,1,,72550
73237,60,,1,,72551
73238,39,1,1,,72552
73239,39,1,1,,72553
73240,39,1,1,,72554
73241,23,7,1,,72554
73242,39,1,1,,72555
73243,23,7,1,,72555
73244,39,1,2,,72556
73245,60,,1,,72557
73246,39,1,1,,72558
73247,39,6,1,,72559
73248,39,6,1,,72560
73249,39,6,1,,72561
73250,39,6,1,,72562
73251,39,6,1,,72563
73252,39,6,1,,72564
73253,39,6,1,,72565
73254,36,,1,,72566
73255,36,,1,,72567
73256,36,,1,,72568
73257,36,,1,,72569
73258,36,,1,,72570
73259,36,,1,,72571
73260,36,,1,,72572
73261,36,,1,,72573
73262,36,,1,,72574
73263,36,,1,,72575
73264,36,,1,,72576
73265,36,,1,,72577
73266,39,6,2,,72578
73267,39,6,1,,72579
73268,39,6,2,,72580
73269,39,6,1,,72581
73270,39,6,1,,72582
73271,60,6,1,,72583
73272,39,6,2,,72584
73273,39,6,2,,72585
73274,39,6,1,,72586
73275,21,,1,,72587
73276,21,,1,,72588
73277,21,,1,,72589
73278,21,,1,,72590
73279,21,,1,,72591
73280,21,,1,,72592
73281,36,,3,,72593
73282,21,,1,,72594
73283,36,,1,,72595
73284,36,,1,,72596
73285,21,,1,,72597
73286,39,6,1,,72598
73287,39,6,2,,72599
73288,39,6,1,,72600
73289,39,6,1,,72601
73290,39,6,3,,72602
73291,39,6,2,,72603
73292,60,,1,,72604
73293,39,6,1,,72605
73294,39,6,1,,72606
73295,39,6,1,,72607
73296,39,6,1,,72608
73297,36,,1,,72609
73298,36,,1,,72610
73299,21,,1,,72611
73300,21,,1,,72612
73301,21,,1,,72613
73302,39,6,1,,72614
73303,39,6,2,,72615
73304,39,6,2,,72616
73305,39,6,1,,72617
73306,39,6,1,,72618
73307,36,,1,,72619
73308,36,,2,,72620
73309,36,,1,,72621
73310,36,,2,,72622
73311,36,,1,,72623
73312,36,,1,,72624
73313,11,,1,,72625
73314,60,,1,,68900
73315,60,,1,,68901
73316,39,6,1,,68902
73317,39,6,1,,68903
73318,60,,1,,68904
73319,60,,1,,68905
73320,60,,1,,68906
73321,60,,1,,68907
73322,60,,1,,68908
73323,60,,1,,68909
73324,60,,1,,68910
73325,60,,1,,68911
73326,60,,1,,68912
73327,60,,1,,68913
73328,60,,1,,68914
73329,60,,1,,68915
73330,36,,1,,68916
73331,60,,1,,68917
73332,60,,1,,68918
73333,60,,1,,68919
73334,36,,2,,68920
73335,36,,1,,68921
73336,36,,1,,68922
73337,60,,1,,68923
73338,60,,1,,68924
73339,60,,1,,68925
73340,11,,1,,68926
73341,11,,1,,68927
73342,11,,1,,68928
73343,11,,1,,68929
73344,11,,1,,68930
73345,11,,1,,68931
73346,11,,1,,68932
73347,11,,1,,68933
73348,11,,1,,68934
73349,11,,1,,68935
73350,60,,1,,68937
73351,60,,1,,68938
73352,60,,1,,68939
73353,39,6,1,,68940
73354,39,6,1,,68941
73355,60,,1,,68942
73356,60,,1,,68943
73357,60,,1,,68944
73358,60,,1,,68945
73359,60,,1,,68946
73360,60,,1,,68947
73361,60,,1,,68948
73362,60,,1,,68949
73363,60,,1,,68950
73364,60,,1,,68951
73365,60,,1,,68952
73366,60,,1,,68953
73367,36,,1,,68954
73368,60,,1,,68955
73369,60,,1,,68956
73370,60,,1,,68957
73371,36,,2,,68958
73372,36,,1,,68959
73373,36,,1,,68960
73374,60,,1,,68961
73375,60,,1,,68962
73376,60,,1,,68963
73377,39,6,1,,72626
73378,60,,1,,72627
73379,36,,1,,72628
73380,36,,1,,72629
73381,36,,2,,72630
73382,36,,2,,72631
73383,36,,2,,72632
73384,36,,1,,72633
73385,36,,1,,72634
73386,55,,1,,72635
73387,55,,1,,72636
73388,60,,1,,72637
73389,36,,1,,72638
73390,60,,1,,72639
73391,60,,1,,72640
73392,36,,1,,72641
73393,36,,1,,72642
73394,36,,1,,72643
73395,36,,1,,72644
73396,60,,1,,72645
73397,50,,1,,72646
73398,36,,1,,72647
73399,36,,1,,72648
73400,36,,1,,72649
73401,36,,2,,72650
73402,36,,1,,72651
73403,36,,1,,72652
73404,36,,1,,72653
73405,36,,1,,72654
73406,36,,1,,72655
73407,60,,1,,72656
73408,60,,1,,72657
73409,60,,1,,72658
73410,60,,1,,72659
73411,60,,1,,72660
73412,60,,1,,72661
73413,60,,1,,72662
73414,60,,1,,72663
73415,60,,1,,72664
73416,60,,1,,72665
73417,60,,1,,72666
73418,60,,1,,72667
73419,60,,1,,72668
73420,60,,1,,72669
73421,60,,1,,72670
73422,60,,1,,72671
73423,60,,1,,72672
73424,60,,1,,72673
73425,60,,1,,72674
73426,60,,1,,72675
73427,60,,1,,72676
73428,60,,1,,72677
73429,60,,1,,72678
73430,60,,1,,72679
73431,60,,1,,72680
73432,60,,1,,72681
73433,60,,1,,72682
73434,60,,1,,72683
73435,60,,1,,72684
73436,60,,1,,72685
73437,60,,1,,72686
73438,60,,1,,72687
73439,36,,2,,72688
73440,36,,3,,72689
73441,39,6,1,,72690
73442,39,6,1,,72691
73443,39,6,1,,72692
73444,39,6,1,,72693
73445,39,6,1,,72694
73446,39,6,1,,72695
73447,39,6,1,,72696
73448,60,,1,,72697
73449,60,,1,,72698
73450,60,,1,,72699
73451,60,,1,,72700
73452,60,,1,,72701
73453,60,,1,,72702
73454,60,,1,,72703
73455,60,,1,,72704
73456,60,,1,,72705
73457,60,,1,,72706
73458,60,,1,,72707
73459,60,,1,,72708
73460,60,,1,,72709
73461,60,,1,,72710
73462,60,,1,,72711
73463,60,,1,,72712
73464,60,,1,,72713
73465,60,,1,,72714
73466,60,,1,,72715
73467,60,,1,,72716
73468,60,,1,,72717
73469,60,,1,,72718
73470,60,,1,,72719
73471,60,,1,,72720
73472,60,,1,,72721
73473,60,,1,,72722
73474,60,,1,,72723
73475,60,,1,,72724
73476,36,,1,,72725
73477,60,,1,,72726
73478,60,,1,,72727
73479,60,,1,,72728
73480,60,,1,,72729
73481,60,,1,,72730
73482,60,,1,,72731
73483,60,,1,,72732
73484,60,,1,,72733
73485,60,,1,,72734
73486,60,,1,,72735
73487,60,,1,,72736
73488,60,,1,,72737
73489,60,,1,,72738
73490,60,,1,,72739
73491,60,,1,,72740
73492,60,,1,,72741
73493,60,,1,,72742
73494,60,,1,,72743
73495,60,,1,,72744
73496,60,,1,,72745
73497,60,,1,,72746
73498,60,,1,,72747
73499,60,,1,,72748
73500,39,6,1,,72749
73501,39,6,1,,72750
73502,39,6,1,,72751
73503,11,,1,,72752
73504,11,,1,,72753
73505,36,,1,,72754
73506,36,,1,,72755
73507,36,,1,,72756
73508,36,,1,,72757
73509,36,,1,,72758
73510,36,,1,,72759
73511,36,,1,,72760
73512,36,,1,,72761
73513,36,,1,,72762
73514,36,,1,,72763
73515,36,,1,,72764
73516,36,,1,,72765
73517,60,,1,,72766
73518,36,,1,,72767
73519,36,,1,,72768
73520,36,,1,,72769
73521,39,6,1,,72770
73522,39,6,1,,72771
73523,39,6,1,,72772
73524,11,,1,,53982
73525,11,,1,,53983
73526,11,,1,,53984
73527,11,,1,,53985
73528,11,,1,,53986
73529,11,,1,,53987
73530,11,,1,,53988
73531,11,,1,,53989
73532,11,,1,,53990
73533,11,,1,,53991
73534,11,,1,,53992
73535,39,6,1,,72773
73536,39,6,1,,72774
73537,39,6,2,,72775
73538,36,,3,,72776
73539,22,,1,,72777
73540,36,,1,,72778
73541,39,6,1,,72779
73542,39,6,1,,72780
73543,39,6,1,,72781
73544,39,6,1,,72782
73545,60,,1,,72783
73546,39,6,1,,72784
73547,36,,1,,72785
73548,36,,1,,72786
73549,60,,1,,72787
73550,36,,1,,72788
73551,36,,1,,72789
73552,36,,1,,72790
73553,36,,1,,72791
73554,36,,1,,72792
73555,36,,1,,72793
73556,36,,1,,72794
73557,36,,1,,72795
73558,39,6,2,,72796
73559,39,6,2,,72797
73560,39,6,1,,72798
73561,39,6,1,,72799
73562,39,6,1,,72800
73563,39,6,1,,72801
73564,39,6,1,,72802
73565,39,6,1,,72803
73566,36,,1,,72804
73567,36,,1,,72805
73568,36,,1,,72806
73569,36,,1,,72807
73570,36,,1,,72808
73571,36,,1,,72809
73572,36,,1,,72810
73573,36,,1,,72811
73574,36,,1,,72812
73575,39,6,1,,72813
73576,39,6,1,,72814
73577,39,6,1,,72815
73578,39,6,1,,72816
73579,39,6,1,,72817
73580,39,6,1,,72818
73581,39,6,1,,72819
73582,39,6,1,,72820
73583,39,6,1,,72821
73584,39,6,1,,72822
73585,39,6,1,,72823
73586,39,6,1,,72824
73587,39,6,1,,72825
73588,39,6,1,,72826
73589,39,6,2,,72832
73590,36,,1,,72833
73591,36,,1,,72834
73592,82,,1,,72835
73593,82,,1,,72836
73594,82,,1,,72837
73595,39,6,1,,72838
73596,39,6,1,,72839
73597,39,6,1,,72840
73598,39,6,1,,72841
73599,39,6,1,,72842
73600,39,6,1,,72843
73601,39,6,1,,72844
73602,39,6,1,,72845
73603,39,6,1,,72846
73604,39,6,1,,72847
73605,39,6,2,,72848
73606,39,6,3,,72849
73607,36,,2,,72850
73608,82,,1,,72851
73609,36,,1,,72852
73610,36,,1,,72853
73611,36,,1,,72854
73612,39,6,2,,72855
73613,39,6,1,,72856
73614,39,6,1,,72857
73615,39,6,1,,72858
73616,39,6,1,,72859
73617,39,6,1,,72860
73618,39,6,1,,72861
73619,39,6,1,,72862
73620,39,6,1,,72863
73621,39,6,1,,72864
73622,39,6,1,,72827
73623,39,6,3,,72828
73624,39,6,2,,72829
73625,39,6,2,,72830
73626,39,6,2,,72831
73627,39,6,1,,72865
73628,39,6,1,,72866
73629,60,,1,,72867
73630,60,,1,,72868
73631,60,,1,,72869
73632,60,,1,,72870
73633,60,,1,,72871
73634,60,,1,,72872
73635,60,,1,,72873
73636,60,,1,,72874
73637,60,,1,,72875
73638,60,,1,,72876
73639,60,,1,,72877
73640,60,,1,,72878
73641,60,,1,,72879
73642,60,,1,,72880
73643,60,,1,,72881
73644,60,,1,,72882
73645,60,,1,,72883
73646,60,,1,,72884
73647,60,,1,,72885
73648,60,,1,,72886
73649,60,,1,,72887
73650,60,,1,,72888
73651,60,,1,,72889
73652,60,,1,,72890
73653,60,,1,,72891
73654,60,,1,,72892
73655,60,,1,,72893
73656,60,,1,,72894
73657,60,,1,,72895
73658,60,,1,,72896
73659,60,,1,,72897
73660,60,,1,,72898
73661,60,,1,,72899
73662,60,,1,,72900
73663,60,,1,,72901
73664,60,,1,,72902
73665,60,,1,,72903
73666,60,,1,,72904
73667,55,,1,,72905
73668,60,,1,,72906
73669,36,,1,,72907
73670,55,,1,,72908
73671,60,,1,,72909
73672,60,,1,,72910
73673,60,,1,,72911
73674,60,,1,,72912
73675,60,,1,,72913
73676,55,,1,,72914
73677,39,6,1,,72915
73678,39,6,1,,72916
73679,39,6,1,,72917
73680,39,6,1,,72918
73681,39,6,3,,72919
73682,39,6,3,,72920
73683,39,6,1,,72921
73684,39,4,1,,72922
73685,39,1,1,,72923
73686,39,1,1,,72924
73687,39,1,1,,72925
73688,39,1,1,,72926
73689,39,1,1,,72927
73690,39,4,1,,72928
73691,39,1,2,,72929
73692,39,1,1,,72930
73693,39,3,1,,72931
73694,39,1,1,,72932
73695,39,1,1,,72933
73696,39,1,1,,72934
73697,39,1,1,,72935
73698,39,1,1,,72936
73699,39,1,2,,72937
73700,39,1,2,,72938
73701,39,1,2,,72939
73702,39,1,1,,72940
73703,39,1,1,,72941
73704,39,,1,,72943
73705,39,3,1,,72942
73706,11,,1,,72944
73707,60,,1,,72945
73708,39,1,1,,72946
73709,39,1,1,,72947
73710,39,1,1,,72948
73711,23,5,1,,72948
73712,39,1,1,,72949
73713,39,1,1,,72950
73714,8,,1,,72951
73715,39,1,1,,72952
73716,23,5,1,,72952
73717,39,1,1,,72953
73718,39,1,1,,72954
73719,23,5,1,,72954
73720,39,1,1,,72955
73721,39,1,1,,72956
73722,39,1,1,,72957
73723,39,1,1,,72958
73724,39,1,1,,72959
73725,23,5,1,,72959
73726,39,1,1,,72960
73727,39,1,2,,72961
73728,39,1,1,,72962
73729,39,1,1,,72963
73730,23,7,1,,72963
73731,39,3,1,,72964
73732,39,1,1,,72965
73733,39,1,1,,72966
73734,23,5,1,,72966
73735,36,,1,,72967
73736,36,,1,,72968
73737,36,,1,,72969
73738,39,8,1,,72970
73739,39,1,1,,72971
73740,39,1,1,,72972
73741,39,1,1,,72973
73742,39,1,1,,72974
73743,13,,1,,72975
73744,39,3,1,,72976
73745,39,1,2,,72977
73746,39,1,1,,72978
73747,39,1,1,,72979
73748,60,,1,,72980
73749,39,1,1,,72981
73750,39,8,1,,72982
73751,39,1,1,,72983
73752,39,3,1,,72984
73753,39,1,1,,72985
73754,39,1,2,,72986
73755,39,1,1,,72987
73756,39,1,1,,72988
73757,39,1,2,,72989
73758,39,1,1,,72990
73759,23,7,1,,72990
73760,39,3,1,,72991
73761,39,1,1,,72992
73762,39,1,2,,72993
73763,23,7,1,,72993
73764,39,3,1,,72994
73765,60,,1,,72995
73766,39,1,1,,72996
73767,39,1,1,,72997
73768,23,7,1,,72997
73769,39,1,1,,72998
73770,39,3,1,,72999
73771,39,3,1,,73000
73772,23,7,1,,73001
73773,39,1,1,,73002
73774,39,1,1,,73003
73775,39,1,1,,73004
73776,39,1,1,,73005
73777,23,7,1,,73005
73778,39,1,1,,73006
73779,39,3,1,,73007
73780,39,1,1,,73008
73781,39,1,1,,73009
73782,23,7,1,,73010
73783,39,1,2,,73011
73784,39,1,1,,73012
73785,39,1,1,,73013
73786,39,1,1,,73014
73787,39,1,1,,73015
73788,60,,1,,73016
73789,60,,1,,73017
73790,39,3,1,,73018
73791,39,1,1,,73019
73792,39,1,1,,73020
73793,39,3,1,,73021
73794,39,3,1,,73022
73795,23,7,1,,73023
73796,60,,1,,73024
73797,8,,1,,73025
73798,39,1,1,,73026
73799,23,7,1,,73026
73800,39,1,1,,73027
73801,39,3,1,,73028
73802,39,1,1,,73029
73803,60,,1,,73030
73804,60,,1,,73031
73805,39,1,1,,73032
73806,39,1,2,,73033
73807,39,1,1,,73034
73808,39,1,1,,73035
73809,39,1,2,,73036
73810,39,1,2,,73037
73811,39,1,1,,73038
73812,36,,1,,73039
73813,36,,1,,73040
73814,39,,1,,73041
73815,39,1,2,,73042
73816,39,1,1,,73043
73817,39,1,1,,73044
73818,39,1,1,,73045
73819,36,,1,,73046
73820,36,,1,,73047
73821,36,,1,,73048
73822,36,,1,,73049
73823,36,,1,,73050
73824,36,,1,,73051
73825,36,,1,,73052
73826,36,,1,,73053
73827,39,1,1,,73054
73828,23,5,1,,73055
73829,39,1,1,,73056
73830,39,1,1,,73057
73831,39,1,1,,73058
73832,39,1,1,,73059
73833,39,1,1,,73060
73834,39,1,1,,73061
73835,55,,1,,73062
73836,39,1,2,,73063
73837,39,1,1,,73064
73838,39,1,1,,73065
73839,23,7,2,,73065
73840,39,1,1,,73066
73841,39,3,1,,73067
73842,60,,1,,73068
73843,39,1,1,,73069
73844,39,3,1,,73070
73845,39,3,1,,73071
73846,39,3,1,,73072
73847,39,3,1,,73073
73848,60,,1,,73074
73849,39,1,1,,73075
73850,39,1,1,,73076
73851,39,1,1,,73077
73852,39,1,1,,73078
73853,23,7,1,,73078
73854,39,1,1,,73079
73855,23,7,1,,73079
73856,39,1,1,,73080
73857,39,1,1,,73081
73858,39,1,2,,73082
73859,39,1,1,,73083
73860,39,1,1,,73084
73861,39,1,2,,73085
73862,39,1,1,,73086
73863,39,1,1,,73087
73864,23,7,1,,73087
73865,23,5,1,,73088
73866,39,3,1,,73089
73867,60,,1,,73090
73868,60,,1,,73091
73869,39,1,1,,73092
73870,39,1,1,,73093
73871,23,7,1,,73093
73872,39,3,1,,73094
73873,39,1,2,,73095
73874,39,1,2,,73096
73875,39,3,1,,73097
73876,39,1,2,,73098
73877,39,3,1,,73099
73878,39,1,2,,73100
73879,39,3,1,,73101
73880,39,1,2,,73102
73881,39,1,2,,73103
73882,39,1,2,,73104
73883,39,1,1,,73105
73884,23,7,1,,73105
73885,39,1,1,,73106
73886,23,5,1,,73106
73887,39,1,2,,73107
73888,39,1,1,,73108
73889,39,3,1,,73109
73890,39,1,2,,73110
73891,39,1,1,,73111
73892,39,1,1,,73112
73893,23,7,1,,73112
73894,39,1,1,,73113
73895,39,1,1,,73114
73896,23,7,2,,73114
73897,39,1,2,,73115
73898,23,7,1,,73115
73899,39,3,1,,73116
73900,39,1,1,,73117
73901,23,7,1,,73117
73902,39,1,1,,73118
73903,39,3,1,,73119
73904,39,1,1,,73120
73905,23,7,1,,73120
73906,39,1,1,,73121
73907,39,1,1,,73122
73908,23,5,1,,73123
73909,39,1,1,,73124
73910,23,7,1,,73124
73911,60,,1,,73125
73912,39,3,1,,73126
73913,39,8,1,,73127
73914,39,1,1,,73128
73915,39,1,1,,73129
73916,39,1,1,,73130
73917,60,,1,,73131
73918,39,1,2,,73132
73919,39,1,2,,73133
73920,23,7,1,,73134
73921,39,3,1,,73135
73922,39,1,1,,73136
73923,39,1,1,,73137
73924,39,1,1,,73138
73925,23,7,1,,73138
73926,39,1,2,,73139
73927,39,1,2,,73140
73928,39,1,1,,73141
73929,23,7,1,,73141
73930,39,3,1,,73142
73931,39,1,1,,73143
73932,39,1,1,,73144
73933,39,1,1,,73145
73934,39,1,1,,73146
73935,39,1,1,,73147
73936,39,1,1,,73148
73937,23,5,1,,73149
73938,23,7,1,,73150
73939,39,1,1,,73151
73940,23,7,1,,73151
73941,39,1,1,,73152
73942,36,,1,,73153
73943,36,,1,,73154
73944,36,,1,,73155
73945,39,1,1,,73156
73946,23,7,1,,73156
73947,36,,1,,73157
73948,36,,1,,73158
73949,36,,1,,73159
73950,36,,1,,73160
73951,36,,1,,73161
73952,36,,1,,73162
73953,36,,1,,73163
73954,36,,1,,73164
73955,36,,1,,73165
73956,39,1,1,,73166
73957,39,1,1,,73167
73958,39,1,1,,73168
73959,39,1,2,,73169
73960,23,5,1,,73169
73961,39,1,1,,73170
73962,23,5,1,,73170
73963,60,,1,,73171
73964,39,3,1,,73172
73965,39,1,1,,73173
73966,39,1,1,,73174
73967,39,1,1,,73175
73968,23,7,1,,73175
73969,23,5,1,,73176
73970,39,3,1,,73177
73971,39,1,1,,73178
73972,39,1,2,,73179
73973,39,1,1,,73180
73974,23,7,1,,73180
73975,39,1,1,,73181
73976,39,1,1,,73182
73977,60,,1,,73183
73978,39,1,2,,73184
73979,39,1,1,,73185
73980,39,1,1,,73186
73981,39,1,1,,73187
73982,23,7,2,,73187
73983,39,1,2,,73188
73984,39,1,1,,73189
73985,39,1,2,,73190
73986,39,1,2,,73191
73987,39,3,1,,73192
73988,39,8,1,,73193
73989,39,1,1,,73194
73990,36,,1,,73195
73991,36,,1,,73196
73992,39,1,1,,73197
73993,39,1,1,,73198
73994,39,1,1,,73199
73995,39,1,1,,73200
73996,39,1,1,,73201
73997,39,8,1,,73202
73998,39,1,1,,73203
73999,23,7,1,,73203
74000,39,1,1,,73204
74001,39,1,1,,73205
74002,23,7,2,,73205
74003,39,1,1,,73206
74004,39,1,1,,73207
74005,39,1,1,,73208
74006,39,1,1,,73209
74007,39,1,1,,73210
74008,39,1,2,,73211
74009,39,1,1,,73212
74010,23,7,1,,73212
74011,39,1,1,,73213
74012,39,1,1,,73214
74013,23,7,1,,73214
74014,39,1,1,,73215
74015,39,1,1,,73216
74016,39,3,1,,73217
74017,39,1,1,,73218
74018,39,1,2,,73219
74019,39,3,1,,73220
74020,39,1,1,,73221
74021,39,1,1,,73222
74022,23,7,1,,73222
74023,39,1,1,,73223
74024,39,1,1,,73224
74025,39,1,2,,73225
74026,39,1,1,,73226
74027,39,1,2,,73227
74028,39,1,1,,73228
74029,39,1,2,,73229
74030,39,1,1,,73230
74031,39,1,1,,73231
74032,39,1,1,,73232
74033,39,1,1,,73233
74034,23,7,1,,73233
74035,39,1,1,,73234
74036,39,1,1,,73235
74037,39,3,1,,73236
74038,39,1,2,,73237
74039,60,,1,,73238
74040,60,,1,,73239
74041,39,1,1,,73240
74042,39,3,1,,73241
74043,23,,1,,73242
74044,39,1,1,,73243
74045,39,1,2,,73244
74046,39,1,1,,73245
74047,39,1,2,,73246
74048,39,1,1,,73247
74049,39,1,1,,73248
74050,39,1,1,,73249
74051,39,1,1,,73250
74052,39,1,1,,73251
74053,39,1,1,,73252
74054,23,7,1,,73252
74055,39,1,1,,73253
74056,23,7,1,,73253
74057,39,1,2,,73254
74058,60,,1,,73255
74059,39,1,2,,73256
74060,39,6,1,,73257
74061,39,6,1,,73258
74062,39,6,1,,73259
74063,39,6,1,,73260
74064,39,6,1,,73261
74065,39,6,1,,73262
74066,39,6,1,,73263
74067,39,6,1,,73264
74068,39,6,1,,73265
74069,39,6,1,,73266
74070,39,3,1,,73267
74071,39,1,1,,73268
74072,23,7,1,,73268
74073,39,3,1,,73269
74074,36,,1,,73270
74075,60,,1,,73271
74076,39,1,2,,73272
74077,39,3,1,,73273
74078,39,1,1,,73274
74079,39,1,1,,73275
74080,39,1,1,,73276
74081,39,1,1,,73277
74082,11,,1,,73278
74083,23,5,1,,73279
74084,39,1,1,,73280
74085,39,1,2,,73281
74086,39,1,1,,73282
74087,36,,1,,73283
74088,36,,1,,73284
74089,39,1,1,,73285
74090,23,7,1,,73285
74091,39,1,1,,73286
74092,23,7,1,,73286
74093,39,1,1,,73287
74094,39,1,1,,73288
74095,39,8,1,,73289
74096,39,8,1,,73290
74097,39,1,1,,73291
74098,39,1,1,,73292
74099,39,1,1,,73293
74100,39,1,1,,73294
74101,39,1,1,,73295
74102,39,1,1,,73296
74103,39,1,1,,73297
74104,39,1,1,,73298
74105,39,1,1,,73299
74106,39,1,2,,73300
74107,39,1,2,,73301
74108,39,1,1,,73302
74109,23,5,1,,73302
74110,23,5,1,,73303
74111,39,1,1,,73304
74112,23,5,1,,73304
74113,36,,1,,73305
74114,39,1,2,,73306
74115,23,5,1,,73307
74116,23,5,1,,73308
74117,39,1,1,,73309
74118,39,8,1,,73310
74119,39,1,1,,73311
74120,39,1,1,,73312
74121,23,,1,,73313
74122,39,1,2,,73314
74123,39,1,1,,73315
74124,39,1,1,,73316
74125,39,1,1,,73317
74126,22,,1,,73318
74127,39,1,2,,73319
74128,36,,1,,73320
74129,36,,1,,73321
74130,23,5,1,,73322
74131,39,1,1,,73323
74132,36,,1,,73324
74133,39,1,1,,73325
74134,36,,1,,73326
74135,39,1,1,,73327
74136,39,1,1,,73328
74137,39,1,1,,73329
74138,39,3,1,,73330
74139,23,7,1,,73330
74140,39,1,1,,73331
74141,23,5,1,,73332
74142,39,1,1,,73333
74143,39,1,1,,73334
74144,60,,1,,73335
74145,39,3,1,,73336
74146,39,1,1,,73337
74147,39,3,1,,73338
74148,39,3,1,,73339
74149,39,1,1,,73340
74150,23,7,1,,73340
74151,39,1,1,,73341
74152,23,7,1,,73341
74153,11,,1,,73342
74154,39,1,1,,73343
74155,23,5,1,,73344
74156,39,1,1,,73345
74157,39,3,1,,73346
74158,39,3,1,,73347
74159,39,1,1,,73348
74160,23,7,1,,73348
74161,39,1,1,,73349
74162,39,3,1,,73350
74163,39,1,1,,73351
74164,23,7,1,,73351
74165,23,7,2,,73352
74166,23,5,1,,73353
74167,39,3,1,,73354
74168,23,7,1,,73355
74169,39,3,1,,73356
74170,39,1,1,,73357
74171,39,1,1,,73358
74172,39,1,1,,73359
74173,39,1,1,,73360
74174,23,5,1,,73360
74175,39,1,1,,73361
74176,39,1,1,,73362
74177,39,1,1,,73363
74178,39,1,1,,73364
74179,39,1,1,,73365
74180,39,1,1,,73366
74181,39,1,1,,73367
74182,39,1,2,,73368
74183,39,1,1,,73369
74184,39,1,1,,73370
74185,23,7,1,,73370
74186,39,1,1,,73371
74187,39,1,1,,73372
74188,39,1,1,,73373
74189,39,1,1,,73374
74190,23,7,1,,73374
74191,39,3,1,,73375
74192,39,1,1,,73376
74193,39,8,1,,73377
74194,39,3,1,,73378
74195,39,1,1,,73379
74196,39,1,1,,73380
74197,39,1,1,,73381
74198,23,7,1,,73381
74199,39,1,1,,73382
74200,39,8,1,,73383
74201,39,1,2,,73384
74202,39,1,2,,73385
74203,39,1,1,,73386
74204,39,1,1,,73387
74205,39,1,1,,73388
74206,39,1,1,,73389
74207,39,1,1,,73390
74208,39,1,1,,73391
74209,23,7,1,,73391
74210,39,1,1,,73392
74211,39,1,1,,73393
74212,39,6,2,,73394
74213,39,6,1,,73395
74214,39,6,1,,73396
74215,39,6,1,,73397
74216,39,6,2,,73398
74217,39,6,1,,73399
74218,39,6,2,,73400
74219,39,6,1,,73401
74220,39,6,3,,73402
74221,39,6,3,,73403
74222,39,3,1,,73404
74223,39,1,2,,73405
74224,39,3,1,,73406
74225,36,,1,,73407
74226,39,3,1,,73408
74227,39,3,1,,73409
74228,39,1,2,,73410
74229,39,3,1,,73411
74230,39,1,1,,73412
74231,23,7,1,,73412
74232,39,1,1,,73413
74233,39,1,1,,73414
74234,23,7,1,,73414
74235,39,1,1,,73415
74236,39,3,1,,73416
74237,39,1,2,,73417
74238,39,1,1,,73418
74239,39,1,2,,73419
74240,39,1,2,,73420
74241,39,1,1,,73421
74242,39,1,1,,73422
74243,23,5,1,,73422
74244,39,1,1,,73423
74245,23,5,1,,73423
74246,39,1,1,,73424
74247,39,1,1,,73425
74248,39,1,1,,73426
74249,39,1,2,,73427
74250,39,1,2,,73428
74251,39,1,1,,73429
74252,39,1,1,,73430
74253,39,1,2,,73431
74254,39,1,1,,73432
74255,39,1,1,,73433
74256,36,,1,,73434
74257,39,1,1,,73435
74258,39,1,1,,73436
74259,39,1,1,,73437
74260,39,1,2,,73438
74261,39,1,2,,73439
74262,23,5,1,,73440
74263,39,1,1,,73441
74264,23,5,1,,73441
74265,39,1,1,,73442
74266,23,5,1,,73442
74267,36,,1,,73443
74268,60,,1,,73444
74269,36,,1,,73445
74270,39,1,2,,73446
74271,39,1,2,,73447
74272,23,5,1,,73448
74273,39,1,1,,73449
74274,23,5,1,,73450
74275,39,1,1,,73451
74276,39,8,1,,73452
74277,39,1,1,,73453
74278,39,1,1,,73454
74279,23,5,1,,73455
74280,39,1,1,,73456
74281,39,1,1,,73457
74282,39,1,1,,73458
74283,39,1,1,,73459
74284,55,,1,,73460
74285,39,1,1,,73461
74286,36,,1,,73462
74287,36,,1,,73463
74288,11,,1,,73464
74289,36,,1,,73465
74290,36,,1,,73466
74291,36,,1,,73467
74292,23,5,1,,73468
74293,39,1,1,,73469
74294,36,,1,,73470
74295,36,,1,,73471
74296,36,,1,,73472
74297,39,1,1,,73473
74298,36,,1,,73474
74299,23,5,1,,73475
74300,39,1,1,,73476
74301,39,1,2,,73477
74302,39,3,1,,73478
74303,23,5,1,,73478
74304,39,1,1,,73479
74305,23,5,1,,73480
74306,39,1,1,,73481
74307,39,1,1,,73482
74308,23,5,1,,73483
74309,39,3,1,,73484
74310,39,1,1,,73485
74311,39,3,1,,73486
74312,39,3,1,,73487
74313,39,1,1,,73488
74314,23,7,1,,73488
74315,39,1,1,,73489
74316,23,7,1,,73489
74317,36,,1,,73490
74318,39,,1,mooning,73491
74319,39,1,1,,73492
74320,39,1,1,,73493
74321,23,5,1,,73493
74322,39,1,1,,73494
74323,39,3,1,,73495
74324,39,3,1,,73496
74325,39,1,1,,73497
74326,23,7,1,,73497
74327,39,1,1,,73498
74328,39,3,1,,73499
74329,39,1,2,,73500
74330,23,,1,,73500
74332,39,1,1,,73501
74333,23,7,2,,73501
74334,39,1,1,,73502
74335,39,3,1,,73503
74336,23,7,1,,73504
74337,39,3,1,,73505
74338,39,3,1,,73506
74339,39,1,1,,73507
74340,39,1,1,,73508
74341,39,1,1,,73509
74342,23,5,1,,73509
74343,23,7,1,,73510
74344,39,1,1,,73511
74345,39,1,1,,73512
74346,39,1,1,,73513
74347,39,1,1,,73514
74348,39,1,1,,73515
74349,39,1,1,,73516
74350,39,1,1,,73517
74351,39,1,1,,73518
74352,39,1,2,,73519
74353,39,1,1,,73520
74354,39,1,1,,73521
74355,39,1,2,,73522
74356,23,7,1,,73522
74357,39,3,1,,73523
74358,39,1,1,,73524
74359,39,8,1,,73525
74360,39,3,1,,73526
74361,39,1,2,,73527
74362,39,1,1,,73528
74363,39,1,1,,73529
74364,23,7,2,,73529
74365,39,1,1,,73530
74366,39,1,1,,73531
74367,39,1,2,,73532
74368,39,1,2,,73533
74369,39,1,2,,73534
74370,39,3,1,,73535
74371,39,1,1,,73536
74372,23,5,1,,73537
74373,39,1,1,,73538
74374,39,1,1,,73539
74375,23,7,1,,73539
74376,39,1,1,,73540
74377,39,1,1,,73541
74378,39,6,1,,73542
74379,39,6,1,,73543
74380,39,6,1,,73544
74381,39,6,1,,73545
74382,39,6,1,,73546
74383,39,6,1,,73547
74384,39,6,1,,73548
74385,39,6,1,,73549
74386,39,6,1,,73550
74387,39,6,1,,73551
74388,36,,1,,73552
74389,36,,1,,73553
74390,36,,1,,73554
74391,36,,1,,73555
74392,60,,1,,73556
74393,36,,1,,73557
74394,36,,1,,73558
74395,60,,1,,73559
74396,36,,1,,73560
74397,60,,1,,73561
74398,36,,1,,73562
74399,36,,1,,73563
74400,39,6,1,,73564
74401,36,,1,,73582
74402,36,,1,,73583
74403,22,,1,,73584
74404,39,6,1,,73585
74405,39,6,1,,73586
74406,39,6,1,,73587
74407,39,6,1,,73588
74408,11,,1,,53973
74409,11,,1,,53974
74410,11,,1,,53975
74411,11,,1,,53976
74412,11,,1,,53977
74413,11,,1,,53978
74414,11,,1,,53979
74415,11,,1,,53980
74416,11,,1,,53981
74417,39,6,1,,73565
74418,39,6,1,,73566
74419,39,6,1,,73567
74420,36,,1,,73568
74421,36,,3,,73569
74422,36,,1,,73570
74423,36,,1,,73571
74424,36,,1,,73572
74425,36,,1,,73573
74426,36,,1,,73574
74427,36,,1,,73575
74428,36,,1,,73576
74429,36,,1,,73577
74430,36,,1,,73578
74431,36,,1,,73579
74432,36,,1,,73580
74433,22,,1,,73581
74434,36,,1,,73589
74435,36,,1,,73590
74436,55,,1,,73591
74437,63,,1,,73592
74438,63,,1,,73593
74439,36,,1,,73594
74440,36,,1,,73595
74441,22,,1,,73596
74442,39,6,1,,73597
74443,39,6,1,,73598
74444,39,6,1,,73599
74445,39,6,1,,73600
74446,39,6,1,,73601
74447,11,,1,,63967
74448,11,,1,,63969
74449,11,,1,,63970
74450,11,,1,,63971
74451,11,,1,,63972
74452,11,,1,,63973
74453,11,,1,,63974
74454,11,,1,,63975
74455,11,,1,,63976
74456,11,,1,,63977
74457,39,6,1,,73602
74458,39,6,1,,73603
74459,60,6,1,,73604
74460,60,,1,,73605
74461,60,,1,,73606
74462,60,,1,,73607
74463,60,,1,,73608
74464,60,,1,,73609
74465,36,,1,,73610
74466,22,,1,,73611
74467,22,,1,,73612
74468,22,,1,,73613
74469,36,,1,,73614
74470,36,,2,,73615
74471,36,,1,,73616
74472,36,,1,,73617
74473,36,,1,,73618
74474,36,,1,,73619
74475,39,6,1,,73620
74476,39,6,1,,73621
74477,39,6,1,,73622
74478,36,,2,,73623
74479,36,,2,,73624
74480,36,,1,,73625
74481,60,,1,,73626
74482,60,,1,,73627
74483,60,,1,,73628
74484,60,,1,,73629
74485,60,,1,,73630
74486,60,,1,,73631
74487,60,,1,,73632
74488,60,,1,,73633
74489,60,,1,,73634
74490,60,,1,,73635
74491,60,,1,,73636
74492,60,,1,,73637
74493,60,,1,,73638
74494,60,,1,,73639
74495,60,,1,,73640
74496,60,,1,,73641
74497,60,,1,,73642
74498,60,,1,,73643
74499,60,,1,,73644
74500,60,,1,,73645
74501,60,,1,,73646
74502,60,,1,,73647
74503,60,,1,,73648
74504,60,,1,,73649
74505,60,,1,,73650
74506,60,,1,,73651
74507,60,,1,,73652
74508,60,,1,,73653
74509,60,,1,,73654
74510,60,,1,,73655
74511,60,,1,,73656
74512,60,,1,,73657
74513,60,,1,,73658
74514,60,,1,,73659
74515,60,,1,,73660
74516,60,,1,,73661
74517,60,,1,,73662
74518,60,,1,,73663
74519,60,,1,,73664
74520,60,,1,,73665
74521,60,,1,,73666
74522,60,,1,,73667
74523,60,,1,,73668
74524,60,,1,,73669
74525,60,,1,,73670
74526,60,,1,,73671
74527,60,,1,,73672
74528,60,,1,,73673
74529,60,,1,,73674
74530,60,,1,,73675
74531,60,,1,,73676
74532,60,,1,,73677
74533,60,,1,,73678
74534,60,,1,,73679
74535,60,,1,,73680
74536,60,,1,,73681
74537,60,,1,,73682
74538,60,,1,,73683
74539,60,,1,,73684
74540,60,,1,,73685
74541,60,,1,,73686
74542,60,,1,,73687
74543,60,,1,,73688
74544,60,,1,,73689
74545,60,,1,,73690
74546,60,,1,,73691
74547,60,,1,,73692
74548,60,,1,,73693
74549,60,,1,,73694
74550,60,,1,,73695
74551,60,,1,,73696
74552,60,,1,,73697
74553,60,,1,,73698
74554,60,,1,,73699
74555,60,,1,,73700
74556,60,,1,,73701
74557,60,,1,,73702
74558,60,,1,,73703
74559,60,,1,,73704
74560,60,,1,,73705
74561,60,,1,,73706
74562,60,,1,,73707
74563,60,,1,,73708
74564,60,,1,,73709
74565,60,,1,,73710
74566,60,,1,,73711
74567,60,,1,,73712
74568,60,,1,,73713
74569,60,,1,,73714
74570,60,,1,,73715
74571,60,,1,,73716
74572,60,,1,,73717
74573,60,,1,,73718
74574,60,,1,,73719
74575,60,,1,,73720
74576,60,,1,,73721
74577,60,,1,,73722
74578,60,,1,,73723
74579,60,,1,,73724
74580,60,,1,,73725
74581,60,,1,,73726
74582,60,,1,,73727
74583,60,,1,,73728
74584,60,,1,,73729
74585,60,,1,,73730
74586,36,,1,,73731
74587,36,,1,,73732
74588,36,,2,,73733
74589,36,,2,,73734
74590,36,,2,,73735
74591,36,,1,,73736
74592,36,,1,,73737
74593,36,,1,,73738
74594,36,,1,,73739
74595,36,,2,,73740
74596,60,,1,,73741
74597,36,,1,,73742
74598,36,,1,,73743
74599,36,,1,,73744
74600,36,,1,,73745
74601,36,,1,,73746
74602,60,,1,,73747
74603,60,,1,,73748
74604,13,,1,,73749
74605,13,,1,,73750
74606,36,,1,,73751
74607,11,,1,,73752
74608,60,,1,,73753
74609,60,,1,,73754
74610,60,,1,,73755
74611,60,,1,,73756
74612,60,,1,,73757
74613,60,,1,,73758
74614,60,,1,,73759
74615,50,,1,,73760
74616,60,,1,,73761
74617,60,,1,,73762
74618,60,,1,,73763
74619,60,,1,,73764
74620,60,,1,,73765
74621,60,,1,,73766
74622,60,,1,,73767
74623,60,,1,,73768
74624,60,,1,,73769
74625,60,,1,,73770
74626,60,,1,,73771
74627,60,,1,,73772
74628,60,,1,,73773
74629,39,,2,,73774
74630,23,7,1,,73774
74631,60,,1,,73775
74632,55,,1,,73776
74633,36,,1,,73777
74634,39,6,1,,73778
74635,39,6,2,,73779
74636,39,6,2,,73780
74637,39,6,2,,73781
74638,39,6,2,,73782
74639,39,6,1,,73783
74640,39,6,2,,73784
74641,11,,1,,59039
74642,11,,1,,59047
74643,11,,1,,58350
74644,11,,1,,58442
74645,11,,1,,58539
74646,11,,1,,58718
74647,11,,1,,59159
74648,11,,1,,59268
74649,11,,1,,62137
74650,11,,1,,62188
74651,11,,1,,62192
74652,39,6,2,,73785
74653,39,6,2,,73786
74654,39,6,3,,73787
74655,39,6,2,,73788
74656,39,3,1,,73789
74657,39,1,1,,73790
74658,39,1,2,,73791
74659,39,1,2,,73792
74660,39,1,1,,73793
74661,23,7,1,,73793
74662,39,1,1,,73794
74663,23,7,1,,73794
74664,39,3,1,,73795
74665,60,,1,,73796
74666,23,5,1,,73797
74667,39,3,1,,73798
74668,60,,1,,73799
74669,39,1,1,,73800
74670,23,7,1,,73800
74671,39,1,1,,73801
74672,23,7,1,,73801
74673,60,,1,,73802
74674,39,3,1,,73803
74675,39,1,1,,73804
74676,39,1,1,,73805
74677,39,1,1,,73806
74678,39,1,2,,73807
74679,39,1,2,,73808
74680,39,4,1,,73809
74681,60,,1,,73810
74682,39,1,1,,73811
74683,23,5,1,,73812
74684,23,5,1,,73813
74685,36,,1,,73814
74686,39,1,1,,73815
74687,23,7,1,,73815
74688,39,1,1,,73816
74689,23,7,1,,73817
74690,39,1,1,,73818
74691,23,7,1,,73818
74692,39,1,1,,73819
74693,23,7,1,,73819
74694,39,1,1,,73820
74695,60,,1,,73821
74696,23,7,1,,73822
74697,39,1,1,,73823
74698,60,,1,,73824
74699,39,1,1,,73825
74700,39,1,1,,73826
74701,23,7,1,,73826
74702,39,1,1,,73827
74703,39,1,1,,73828
74704,23,5,1,,73828
74705,39,3,1,,73829
74706,39,1,2,,73830
74707,23,7,1,,73830
74708,39,1,2,,73831
74709,39,1,2,,73832
74710,39,1,2,,73833
74711,39,1,1,,73834
74712,23,7,1,,73834
74713,39,1,1,,73835
74714,23,5,1,,73836
74715,39,1,1,,73837
74716,39,1,1,,73838
74717,39,1,1,,73839
74718,36,,1,,73840
74719,36,,1,,73841
74720,39,3,1,,73842
74721,39,1,1,,73843
74722,23,5,1,,73843
74723,60,,1,,73844
74724,39,3,1,,73845
74725,39,1,1,,73846
74726,39,3,1,,73847
74727,39,3,1,,73848
74728,39,1,1,,73849
74729,39,6,2,,73850
74730,39,6,2,,73851
74731,39,6,1,,73852
74732,39,6,4,,73853
74733,39,6,4,,73854
74734,39,3,1,,73855
74735,39,1,1,,73856
74736,39,1,2,,73857
74737,39,1,2,,73858
74738,39,1,1,,73859
74739,39,1,1,,73860
74740,39,3,1,,73861
74741,39,3,1,,73862
74742,39,1,2,,73863
74743,23,5,1,,73863
74744,39,3,1,,73864
74745,60,,1,,73865
74746,39,1,1,,73866
74747,23,7,1,,73866
74748,39,1,1,,73867
74749,23,7,1,,73867
74750,39,3,1,,73868
74751,39,3,1,,73869
74752,39,1,1,,73870
74753,39,1,1,,73871
74754,39,1,1,,73872
74755,39,1,2,,73873
74756,39,1,2,,73874
74757,39,1,2,,73875
74758,39,4,1,,73876
74759,39,3,1,,73877
74760,39,1,1,,73878
74761,23,5,1,,73879
74762,23,5,2,,73880
74763,36,,1,,73881
74764,39,1,1,,73882
74765,23,7,1,,73882
74766,39,1,2,,73883
74767,39,1,1,,73884
74768,23,7,1,,73884
74769,39,1,1,,73885
74770,23,7,1,,73885
74771,39,1,1,,73886
74772,23,7,1,,73886
74773,39,1,1,,73887
74774,39,3,1,,73888
74775,39,1,1,,73889
74776,23,7,1,,73889
74777,39,3,1,,73890
74778,60,,1,,73891
74779,39,1,1,,73892
74780,39,1,1,,73893
74781,23,7,1,,73893
74782,39,1,1,,73894
74783,39,1,1,,73895
74784,23,7,1,,73895
74785,39,3,1,,73896
74786,39,1,2,,73897
74787,23,7,2,,73897
74788,39,1,2,,73898
74789,60,,1,,73899
74790,39,1,1,,73900
74791,39,1,2,,73901
74792,39,1,2,,73902
74793,23,7,1,,73902
74794,39,1,2,,73903
74795,23,5,1,,73904
74796,36,,1,,73905
74797,39,1,1,,73906
74798,39,1,1,,73907
74799,39,1,1,,73908
74800,36,,1,,73909
74801,36,,2,,73910
74802,39,3,1,,73911
74803,39,1,1,,73912
74804,23,7,1,,73912
74805,23,5,1,,73913
74806,39,3,1,,73914
74807,39,1,1,,73915
74808,39,3,1,,73916
74809,39,3,1,,73917
74810,39,1,1,,73918
74811,39,6,1,,73919
74812,39,6,1,,73920
74813,39,6,1,,73921
74814,39,6,2,,73922
74815,39,6,1,,73923
74816,36,,1,,73924
74817,36,,1,,73925
74818,36,,1,,73926
74819,36,,1,,73927
74820,36,,1,,73928
74821,36,,1,,73929
74822,36,,1,,73930
74823,36,,1,,73931
74824,60,,1,,73932
74825,36,,1,,73933
74826,36,,1,,73934
74827,36,,1,,73935
74828,36,,1,,73936
74829,36,,1,,73937
74830,36,,2,,73938
74831,36,,1,,73939
74832,36,,1,,73940
74833,36,,1,,73941
74834,36,,1,,73942
74835,36,,1,,73943
74836,36,,1,,73944
74837,36,,1,,73945
74838,36,,1,,73946
74839,36,,1,,73947
74840,36,,1,,73948
74841,36,,1,,73949
74842,36,,1,,73950
74843,36,,2,,73951
74844,36,,1,,73952
74845,36,,1,,73953
74846,36,,1,,73954
74847,36,,2,,73955
74848,36,,1,,73956
74849,36,,2,,73957
74850,36,,1,,73958
74851,36,,1,,73959
74852,36,,1,,73960
74853,36,,1,,73961
74854,36,,1,,73962
74855,36,,1,,73963
74856,36,,1,,73964
74857,36,,1,,73965
74858,36,,1,,73966
74859,36,,1,,73967
74860,36,,1,,73968
74861,36,,1,,73969
74862,36,,1,,73970
74863,36,,2,,73971
74864,36,,1,,73972
74865,36,,1,,73973
74866,36,,1,,73974
74867,36,,1,,73975
74868,39,6,1,,73976
74869,39,6,2,,73977
74870,36,,1,,73978
74871,36,,1,,73979
74872,36,,1,,73980
74873,36,,1,,73981
74874,36,,1,,73982
74875,36,,1,,73983
74876,36,,1,,73984
74877,36,,3,,73985
74878,39,6,1,,73986
74879,39,6,1,,73987
74880,11,,1,,73988
74881,39,6,1,,73989
74882,39,6,1,,73990
74883,39,1,1,,73991
74884,23,5,1,,73992
74885,39,1,1,,73993
74886,39,1,1,,73994
74887,23,5,1,,73995
74888,39,1,1,,73996
74889,39,1,1,,73997
74890,39,1,1,,73998
74891,39,8,1,,73999
74892,39,1,1,,74000
74893,39,1,2,,74001
74894,39,1,1,,74002
74895,23,5,1,,74002
74896,23,5,1,,74003
74897,60,,1,,74004
74898,39,8,1,,74005
74899,39,1,2,,74006
74900,60,,1,,74007
74901,39,1,1,,74008
74902,39,1,2,,74009
74903,39,1,1,,74010
74904,39,1,1,,74011
74905,43,,1,,74012
74906,39,1,1,,74013
74907,39,1,1,,74014
74908,23,5,1,,74015
74909,39,1,2,,74016
74910,39,1,2,,74017
74911,39,1,2,,74018
74912,39,1,1,,74019
74913,39,1,2,,74020
74914,39,3,1,,74021
74915,36,,1,,74022
74916,23,5,1,,74023
74917,23,7,1,,74024
74918,39,1,1,,74025
74919,23,7,1,,74025
74920,39,1,1,,74026
74921,39,1,1,,74027
74922,23,5,1,,74027
74923,36,,1,,74028
74924,36,,2,,74029
74925,36,,1,,74030
74926,36,,2,,74031
74927,36,,2,,74032
74928,36,,1,,74033
74929,43,,1,,74034
74930,23,5,1,,74035
74931,39,1,2,,74036
74932,23,5,1,,74037
74933,39,1,1,,74038
74934,39,1,1,,74039
74935,39,1,1,,74040
74936,55,,1,,74041
74937,39,1,1,,74042
74938,39,1,1,,74043
74939,39,1,1,,74044
74940,39,1,1,,74045
74941,39,1,2,,74046
74942,39,1,1,,74047
74943,39,1,2,,74048
74944,23,5,1,,74049
74945,39,1,1,,74050
74946,23,7,1,,74050
74947,39,1,1,,74051
74948,39,1,1,,74052
74949,39,1,1,,74053
74950,39,1,1,,74054
74951,11,,1,,74055
74952,39,1,1,,74056
74953,23,7,1,,74056
74954,23,5,1,,74057
74955,39,1,1,,74058
74956,39,1,1,,74059
74957,39,1,1,,74060
74958,23,7,2,,74061
74959,39,1,1,,74062
74960,39,1,1,,74063
74961,39,1,1,,74064
74962,39,1,2,,74065
74963,39,1,2,,74066
74964,39,1,2,,74067
74965,39,1,1,,74068
74966,39,1,1,,74069
74967,39,1,1,,74070
74968,39,1,2,,74071
74969,39,1,1,,74072
74970,23,5,1,,74073
74971,39,1,1,,74074
74972,39,1,1,,74075
74973,39,1,1,,74076
74974,23,7,1,,74076
74975,39,1,2,,74077
74976,39,1,1,,74078
74977,39,1,1,,74079
74978,39,1,2,,74080
74979,39,1,1,,74081
74980,39,3,1,,74082
74981,39,3,1,,74083
74982,39,3,1,,74084
74983,39,1,1,,74085
74984,39,3,1,,74086
74985,39,1,1,,74087
74986,23,7,1,,74087
74987,39,1,1,,74088
74988,39,1,1,,74089
74989,23,7,2,,74089
74990,36,,1,,74090
74991,11,,1,,74091
74992,39,1,2,,74092
74993,39,1,1,,74093
74994,39,1,1,,74094
74995,39,3,1,,74095
74996,39,3,1,,74096
74997,39,1,2,,74097
74998,39,3,1,,74098
74999,39,3,1,,74099
75000,23,5,1,,74100
75001,39,1,1,,74101
75002,23,7,1,,74101
75003,39,3,1,,74102
75004,39,3,1,,74103
75005,39,3,1,,74104
75006,39,3,1,,74105
75007,39,1,1,,74106
75008,39,1,2,,74107
75009,39,1,1,,74108
75010,39,1,1,,74109
75011,39,1,1,,74110
75012,39,3,1,,74111
75013,39,1,2,,74112
75014,39,3,1,,74113
75015,39,1,1,,74114
75016,39,3,1,,74115
75017,39,3,1,,74116
75018,39,1,1,,74117
75019,39,1,2,,74118
75020,39,1,1,,74119
75021,11,,1,,74120
75022,39,1,1,,74121
75023,39,1,1,,74122
75024,39,1,2,,74123
75025,23,7,1,,74124
75026,39,3,1,,74125
75027,39,3,1,,74126
75028,39,1,1,,74127
75029,39,1,1,,74128
75030,39,1,2,,74129
75031,39,1,1,,74130
75032,23,7,1,,74130
75033,39,1,1,,74131
75034,23,5,1,,74132
75035,39,3,1,,74133
75036,39,1,1,,74134
75037,23,7,3,,74134
75038,39,1,1,,74135
75039,23,7,3,,74135
75040,39,1,1,,74136
75041,39,1,1,,74137
75042,39,1,1,,74138
75043,39,1,1,,74139
75044,39,1,1,,74140
75045,39,1,1,,74141
75046,23,5,1,,74141
75047,39,1,1,,74142
75048,23,5,1,,74142
75049,39,1,2,,74143
75050,39,1,2,,74144
75051,39,1,2,,74145
75052,23,7,1,,74145
75053,39,1,1,,74146
75054,39,1,2,,74147
75055,39,1,2,,74148
75056,39,1,2,,74149
75057,39,1,1,,74150
75058,39,1,2,,74151
75059,39,3,1,,74152
75060,23,5,1,,74153
75061,39,1,1,,74154
75062,39,1,1,,74155
75063,39,1,2,,74156
75064,39,1,1,,74157
75065,39,1,1,,74158
75066,39,3,1,,74159
75067,39,3,1,,74160
75068,80,,2,,74161
75069,39,1,1,,74162
75070,39,1,1,,74163
75071,23,5,1,,74163
75072,39,1,1,,74164
75073,39,1,1,,74165
75074,23,5,2,,74166
75075,23,7,2,,74167
75076,39,1,1,,74167
75077,39,3,1,,74168
75078,39,1,1,,74169
75079,23,7,1,,74169
75080,39,1,1,,74170
75081,39,1,1,,74171
75082,39,3,1,,74172
75083,39,1,1,,74173
75084,39,1,1,,74174
75085,39,3,1,,74175
75086,39,1,2,,74176
75087,39,1,1,,74177
75088,23,7,1,,74177
75089,39,1,1,,74178
75090,39,1,1,,74179
75091,23,5,1,,74179
75092,39,1,1,,74180
75093,39,1,1,,74181
75094,39,1,1,,74182
75095,39,1,1,,74183
75096,39,1,1,,74184
75097,39,1,1,,74185
75098,39,1,1,,74186
75099,39,1,1,,74187
75100,60,,1,,74188
75101,39,1,1,,74189
75102,39,1,1,,74190
75103,39,1,1,,74191
75104,23,7,1,,74191
75105,39,1,1,,74192
75106,39,3,1,,74193
75107,39,3,1,,74194
75108,23,5,1,,74195
75109,39,3,1,,74196
75110,39,1,1,,74197
75111,23,7,1,,74197
75112,39,1,1,,74198
75113,39,1,1,,74199
75114,39,1,1,,74200
75115,39,1,1,,74201
75116,43,,1,Melanistic Phase,74202
75117,39,1,1,,74203
75118,39,1,1,,74204
75119,39,3,1,,74205
75120,36,,1,,74206
75121,39,3,1,,74207
75122,23,5,1,,74208
75123,23,5,1,,74209
75124,39,1,1,,74210
75125,39,1,1,,74211
75126,39,1,1,,74212
75127,39,1,1,,74213
75128,23,5,2,,74213
75129,60,,1,,74214
75130,39,1,1,,74215
75131,36,,1,,74216
75132,39,1,1,,74217
75133,39,3,1,,74218
75134,39,1,1,,74219
75135,39,3,1,,74220
75136,39,3,1,,74221
75137,23,5,1,,74222
75138,39,1,3,,74223
75139,23,5,1,,74224
75140,39,1,1,,74225
75141,23,5,1,,74226
75142,39,1,1,,74227
75143,39,1,1,,74228
75144,39,1,1,,74229
75145,23,7,1,,74229
75146,39,1,2,,74230
75147,39,6,2,,74231
75148,39,6,1,,74232
75149,39,6,2,,74233
75150,39,1,1,,74234
75151,23,5,1,,74235
75152,39,1,1,,74236
75153,39,1,1,,74237
75154,39,1,1,,74238
75155,39,8,1,,74239
75156,39,1,1,,74240
75157,39,8,1,,74241
75158,39,1,2,,74242
75159,39,1,2,,74243
75160,39,1,1,,74244
75161,23,5,1,,74244
75162,23,5,1,,74245
75163,60,,1,,74246
75164,39,8,1,,74247
75165,39,1,1,,74248
75166,39,1,1,,74249
75167,39,1,1,,74250
75168,39,1,1,,74251
75169,39,1,1,,74252
75170,39,1,1,,74253
75171,39,1,1,,74254
75172,23,5,1,,74255
75173,39,1,2,,74256
75174,39,1,1,,74257
75175,39,1,1,,74258
75176,39,1,1,,74259
75177,39,1,1,,74260
75178,39,3,1,,74261
75179,23,5,1,,74262
75180,23,7,1,,74263
75181,39,1,1,,74264
75182,23,7,1,,74264
75183,39,1,1,,74265
75184,23,7,1,,74265
75185,36,,1,,74266
75186,36,,2,,74267
75187,23,5,1,,74268
75188,39,1,2,,74269
75189,23,5,1,,74270
75190,39,1,1,,74271
75191,39,1,1,,74272
75192,39,1,1,,74273
75193,39,1,1,,74274
75194,39,1,1,,74275
75195,39,1,1,,74276
75196,39,1,1,,74277
75197,39,1,1,,74278
75198,39,1,1,,74279
75199,39,1,2,,74280
75200,23,5,1,,74281
75201,39,1,1,,74282
75202,23,7,1,,74282
75203,39,1,1,,74283
75204,39,1,1,,74284
75205,39,1,1,,74285
75206,39,1,1,,74286
75207,22,,1,,74287
75208,39,1,1,,74288
75209,23,5,1,,74288
75210,23,5,1,,74289
75211,39,1,1,,74290
75212,39,1,1,,74291
75213,39,1,1,,74292
75214,23,7,1,,74293
75215,39,1,1,,74294
75216,39,1,1,,74295
75217,39,1,2,,74296
75218,39,1,2,,74297
75219,39,1,2,,74298
75220,39,1,1,,74299
75221,39,1,1,,74300
75222,39,1,1,,74301
75223,39,1,1,,74302
75224,39,1,1,,74303
75225,23,5,1,,74304
75226,39,1,1,,74305
75227,39,1,1,,74306
75228,23,7,1,,74307
75229,39,1,1,,74307
75230,39,1,1,,74308
75231,39,1,1,,74309
75232,39,1,1,,74310
75233,39,1,1,,74311
75234,39,1,1,,74312
75235,39,3,1,,74313
75236,39,3,1,,74314
75237,39,3,1,,74315
75238,39,1,1,,74316
75239,39,3,1,,74317
75240,23,7,1,,74318
75241,39,1,1,,74319
75242,23,5,1,,74320
75243,22,,1,,74321
75244,22,,1,,74322
75245,39,1,1,,74323
75246,39,1,1,,74324
75247,39,1,1,,74325
75248,39,3,1,,74326
75249,39,3,1,,74327
75250,39,1,1,,74328
75251,39,3,1,,74329
75252,39,3,1,,74330
75253,23,7,1,,74331
75254,39,1,1,,74332
75255,23,7,1,,74332
75256,39,3,1,,74333
75257,39,3,1,,74334
75258,39,3,1,,74335
75259,39,3,1,,74336
75260,39,1,1,,74337
75261,23,5,1,,74338
75262,39,1,1,,74339
75263,39,1,1,,74340
75264,39,1,1,,74341
75265,39,3,1,,74342
75266,39,1,1,,74343
75267,39,3,1,,74344
75268,39,1,1,,74345
75269,39,3,1,,74346
75270,39,3,1,,74347
75271,39,1,1,,74348
75272,39,1,2,,74349
75273,39,1,1,,74350
75274,43,,1,,74351
75275,39,1,1,,74352
75276,39,1,1,,74353
75277,39,1,1,,74354
75278,23,7,1,,74355
75279,39,3,1,,74356
75280,39,3,1,,74357
75281,39,1,2,,74358
75282,39,1,1,,74359
75283,39,1,1,,74360
75284,39,1,1,,74361
75285,23,7,1,,74362
75286,39,1,1,,74363
75287,23,5,1,,74364
75288,39,3,1,,74365
75289,39,1,1,,74366
75290,23,7,3,,74366
75291,39,1,1,,74367
75292,23,7,3,,74367
75293,39,1,1,,74368
75294,39,1,1,,74369
75295,39,1,1,,74370
75296,39,1,1,,74371
75297,39,1,1,,74372
75298,39,1,2,,74373
75299,23,5,1,,74373
75300,39,1,1,,74374
75301,39,1,2,,74375
75302,39,1,2,,74376
75303,39,1,2,,74377
75304,23,7,1,,74377
75305,39,8,1,,74378
75306,39,1,2,,74379
75307,39,1,2,,74380
75308,39,1,2,,74381
75309,39,1,1,,74382
75310,39,1,2,,74383
75311,39,3,1,,74384
75312,23,5,1,,74385
75313,39,1,1,,74386
75314,39,8,1,,74387
75315,39,1,1,,74388
75316,39,1,1,,74389
75317,39,1,1,,74390
75318,39,3,1,,74391
75319,60,,1,,74392
75320,80,,2,,74393
75321,39,1,1,,74394
75322,39,1,1,,74395
75323,39,1,1,,74396
75324,39,1,1,,74397
75325,23,5,1,,74398
75326,39,1,1,,74399
75327,39,1,1,,74400
75328,23,7,1,,74400
75329,39,3,1,,74401
75330,39,1,1,,74402
75331,39,1,1,,74403
75332,39,1,1,,74404
75333,39,3,1,,74405
75334,39,1,1,,74406
75335,39,1,1,,74407
75336,39,1,1,,74408
75337,39,3,1,,74409
75338,39,1,1,,74410
75339,39,1,1,,74411
75340,39,1,1,,74412
75341,39,1,1,,74413
75342,39,1,1,,74414
75343,39,1,1,,74415
75344,39,1,1,,74416
75345,39,1,1,,74417
75346,39,1,1,,74418
75347,39,1,1,,74419
75348,39,1,1,,74420
75349,39,1,1,,74421
75350,39,1,1,,74422
75351,39,1,1,,74423
75352,39,1,1,,74424
75353,23,7,1,,74424
75354,39,1,1,,74425
75355,39,3,1,,74426
75356,39,3,1,,74427
75357,23,5,2,,74428
75358,39,3,1,,74429
75359,23,7,1,,74430
75360,39,1,1,,74431
75361,39,1,1,,74432
75362,39,1,1,,74433
75363,39,1,1,,74434
75364,39,1,1,,74435
75365,39,1,1,,74436
75366,39,1,1,,74437
75367,39,1,1,,74438
75368,36,,1,,74439
75369,39,3,1,,74440
75370,55,,1,,74441
75371,60,,1,,74442
75372,39,1,1,,74443
75373,23,7,1,,74443
75374,39,1,1,,74444
75375,39,1,1,,74445
75376,23,5,1,,74445
75377,39,1,1,,74446
75378,39,1,1,,74447
75379,39,1,1,,74448
75380,23,5,1,,74448
75381,39,1,1,,74449
75382,39,1,1,,74450
75383,39,1,1,,74451
75384,39,3,1,,74452
75385,39,1,1,,74453
75386,39,3,1,,74454
75387,39,3,1,,74455
75388,23,5,1,,74456
75389,39,1,2,,74457
75390,23,5,1,,74458
75391,39,1,1,,74459
75392,60,,1,,74460
75393,39,1,1,,74461
75394,39,1,1,,74462
75395,23,7,1,,74463
75396,39,1,1,,74463
75397,39,6,1,,74464
75398,39,6,1,,74465
75399,39,6,1,,74466
75400,39,6,1,,74467
75401,39,6,1,,74468
75402,39,6,1,,74469
75403,60,,1,,74470
75404,60,,1,,74471
75405,39,6,1,,74472
75406,39,6,1,,74473
75407,39,6,1,,74474
75408,39,6,1,,74475
75409,39,6,2,,74476
75410,39,6,2,,74477
75411,39,6,2,,74478
75412,39,6,2,,74479
75413,39,6,2,,74480
75414,39,6,3,,74481
75415,39,6,3,,74482
75416,36,,1,,74483
75417,36,,1,,74484
75418,36,,1,,74485
75419,36,,1,,74486
75420,36,,1,,74487
75421,36,,1,,74488
75422,36,,1,,74489
75423,36,,1,,74490
75424,36,,1,,74491
75425,36,,1,,74492
75426,36,,1,,74493
75427,36,,1,,74494
75428,36,,1,,74495
75429,36,,1,,74496
75430,36,,1,,74497
75431,36,,1,,74498
75432,36,,1,,74499
75433,36,,1,,74500
75434,36,,1,,74501
75435,36,,1,,74502
75436,36,,1,,74503
75437,36,,1,,74504
75438,36,,1,,74505
75439,36,,1,,74506
75440,36,,1,,74507
75441,36,,1,,74508
75442,36,,1,,74509
75443,36,,1,,74510
75444,36,,1,,74511
75445,36,,1,,74512
75446,36,,1,,74513
75447,36,,1,,74514
75448,60,,1,,74515
75449,39,6,1,,74516
75450,39,6,1,,74517
75451,39,6,1,,74518
75452,39,1,1,,74519
75453,39,6,1,,74520
75454,39,6,1,,74521
75455,39,6,1,,74522
75456,39,6,1,,74523
75457,39,3,1,,74524
75458,39,3,1,,74525
75459,36,,2,,74526
75460,39,1,2,,74527
75461,39,3,1,,74528
75462,39,3,1,,74529
75463,39,3,1,,74530
75464,39,1,1,,74531
75465,39,1,1,,74532
75466,39,1,1,,74533
75467,39,1,1,,74534
75468,23,7,1,,74534
75469,39,3,1,,74535
75470,39,3,1,,74536
75471,39,1,1,,74537
75472,39,1,1,,74538
75473,39,3,1,,74539
75474,39,1,1,,74540
75475,39,1,2,,74541
75476,39,1,2,,74542
75477,60,,1,,74543
75478,39,3,1,,74544
75479,39,3,1,,74545
75480,39,1,1,,74546
75481,39,1,1,,74547
75482,23,7,1,,74547
75483,39,3,1,,74548
75484,39,3,1,,74549
75485,39,1,1,,74550
75486,39,3,1,,74551
75487,39,1,1,,74552
75488,39,3,1,,74553
75489,39,1,1,,74554
75490,39,3,1,,74555
75491,39,3,1,,74556
75492,39,3,1,,74557
75493,23,5,1,,74558
75494,39,3,1,,74559
75495,39,1,2,,74560
75496,39,3,1,,74561
75497,39,1,2,,74562
75498,23,7,1,,74562
75499,39,3,1,,74563
75500,39,1,1,,74564
75501,23,7,2,,74564
75502,39,3,1,,74565
75503,39,3,1,,74566
75504,39,1,1,,74567
75505,39,3,1,,74568
75506,36,,3,,74569
75507,39,1,2,,74570
75508,23,5,1,,74571
75509,39,3,1,,74572
75510,39,1,1,,74573
75511,39,1,1,,74574
75512,39,1,2,,74575
75513,39,1,1,,74576
75514,39,1,1,,74577
75515,39,1,2,,74578
75516,39,1,1,,74579
75517,39,1,2,,74580
75518,39,3,1,,74581
75519,39,3,1,,74582
75520,39,3,1,,74583
75521,39,1,1,,74584
75522,39,3,1,,74585
75523,39,3,1,,74586
75524,39,3,1,,74587
75525,39,3,1,,74588
75526,39,3,1,,74589
75527,39,3,1,,74590
75528,39,3,1,,74591
75529,39,3,1,,74592
75530,23,5,2,,74593
75531,39,3,2,,74594
75532,23,5,1,,74595
75533,39,1,1,,74596
75534,23,5,1,,74596
75535,39,1,1,,74597
75536,39,1,1,,74598
75537,39,1,1,,74599
75538,23,7,1,,74599
75539,39,3,1,,74600
75540,39,3,1,,74601
75541,39,1,2,,74602
75542,23,5,1,,74603
75543,39,1,1,,74604
75544,39,1,1,,74605
75545,39,1,1,,74606
75546,39,3,1,,74607
75547,39,3,2,,74608
75548,39,1,1,,74609
75549,39,1,1,,74610
75550,23,7,1,,74610
75551,36,,1,,74611
75552,39,1,1,,74612
75553,39,1,2,,74613
75554,39,1,2,,74614
75555,55,,1,,74615
75556,23,5,1,,74616
75557,39,1,1,,74617
75558,39,1,1,,74618
75559,39,1,1,,74619
75560,39,1,1,,74620
75561,39,1,1,,74621
75562,39,1,1,,74622
75563,23,5,1,,74623
75564,23,5,1,,74624
75565,39,1,1,,74625
75566,39,1,1,,74626
75567,23,7,2,,74626
75568,39,1,1,,74627
75569,23,7,1,,74627
75570,23,5,1,,74628
75571,39,1,1,,74629
75572,39,1,1,,74630
75573,39,1,1,,74631
75574,23,5,1,,74632
75575,39,1,1,,74633
75576,39,1,1,,74634
75577,39,1,1,,74635
75578,39,1,1,,74636
75579,39,6,1,,74637
75580,39,6,1,,74638
75581,39,6,1,,74639
75582,39,1,1,,74640
75583,23,7,1,,74641
75584,39,,1,,74641
75585,39,1,2,,74642
75586,23,5,1,,74643
75587,39,1,1,,74644
75588,39,1,1,,74645
75589,39,1,1,,74646
75590,39,1,2,,74647
75591,39,1,2,,74648
75592,39,1,1,,74649
75593,39,1,1,,74650
75594,23,5,1,,74650
75595,39,1,1,,74651
75596,39,1,1,,74652
75597,55,,1,,74653
75598,60,,1,,74654
75599,39,3,1,,74655
75600,39,1,1,,74656
75601,23,7,1,,74657
75602,39,1,1,,74658
75603,39,1,1,,74659
75604,23,7,1,,74659
75605,39,1,1,,74660
75606,39,1,2,,74661
75607,23,5,1,,74662
75608,39,1,1,,74663
75609,23,7,1,,74663
75610,36,,2,,74664
75611,36,,2,,74665
75612,39,1,1,,74666
75613,39,1,2,,74667
75614,23,7,1,,74667
75615,39,1,1,,74668
75616,39,1,1,,74669
75617,23,5,1,,74669
75618,39,1,1,,74669
75619,23,5,2,,74670
75620,39,1,1,,74671
75621,39,1,1,,74672
75622,23,7,1,,74672
75623,39,1,1,,74673
75624,39,1,1,,74674
75625,23,7,1,,74674
75626,39,1,1,,74675
75627,39,1,2,,74676
75628,39,1,2,,74677
75629,39,1,2,,74678
75630,39,1,1,,74679
75631,23,5,1,,74679
75632,39,1,1,,74680
75633,23,7,2,,74680
75634,39,1,1,,74681
75635,39,1,1,,74682
75636,23,7,1,,74682
75637,39,1,2,,74683
75638,39,4,1,,74684
75639,39,1,1,,74685
75640,39,1,1,,74686
75641,39,1,2,,74687
75642,39,1,1,,74688
75643,39,1,1,,74689
75644,39,1,1,,74690
75645,36,,1,,74691
75646,36,,1,,74692
75647,55,,1,,74693
75648,36,,1,,74694
75649,39,1,1,,74695
75650,39,1,2,,74696
75651,23,5,1,,74696
75652,39,1,1,,74697
75653,39,1,2,,74698
75654,39,1,2,,74699
75655,23,5,1,,74700
75656,39,1,1,,74701
75657,23,5,1,,74702
75658,60,,1,,74703
75659,39,6,1,,74704
75660,39,6,1,,74705
75661,39,6,1,,74706
75662,39,6,1,,74707
75663,39,6,1,,74708
75664,39,6,1,,74709
75665,39,6,1,,74710
75666,60,,1,,74711
75667,60,,1,,74712
75668,55,,1,,74713
75669,60,,1,,74714
75670,36,,1,,74715
75671,60,,1,,74716
75672,39,6,1,,74717
75673,39,6,1,,74718
75674,36,,1,,74719
75675,36,,1,,74720
75676,43,,1,,74721
75677,36,,1,,74722
75678,36,,1,,74723
75679,36,,1,,74724
75680,36,,1,,74725
75681,36,,1,,74726
75682,36,,1,,74727
75683,36,,1,,74728
75684,36,,1,,74729
75685,36,,1,,74730
75686,36,,1,,74731
75687,36,,1,,74732
75688,39,6,1,,74733
75689,39,6,1,,74734
75690,39,6,1,,74735
75691,39,6,1,,74736
75692,39,6,1,,74737
75693,39,6,1,,74738
75694,39,6,1,,74739
75695,39,6,1,,74759
75696,39,6,1,,74760
75697,39,6,1,,74761
75698,36,,1,,74762
75699,36,,1,,74763
75700,36,,1,,74764
75701,36,,2,,74765
75702,36,,2,,74766
75703,36,,1,,74767
75704,55,,1,,74768
75705,36,,1,,74769
75706,36,,1,,74770
75707,60,,1,,74771
75708,36,,1,,74772
75709,60,,1,,74773
75710,36,,1,,74774
75711,36,,1,,74775
75712,36,,1,,74776
75713,36,,1,,74777
75714,36,,1,,74778
75715,36,,1,,74779
75716,36,,1,,74780
75717,36,,1,,74781
75718,60,,1,,74782
75719,36,,2,,74783
75720,36,,1,,74784
75721,50,,1,,74785
75722,36,,1,,74786
75723,39,6,1,,74787
75724,39,6,1,,74788
75725,39,6,1,,74789
75726,39,6,1,,74790
75727,39,6,1,,74791
75728,39,6,1,,74792
75729,39,6,3,,74793
75730,21,,1,,74794
75731,36,,1,,74795
75732,36,,1,,74796
75733,36,,1,,74797
75734,60,,1,,74798
75735,36,,1,,74799
75736,60,,1,,74800
75737,36,,1,,74801
75738,36,,1,,74802
75739,36,,1,,74803
75740,36,,1,,74804
75741,36,,1,,74806
75742,36,,1,,74805
75743,36,,1,,74807
75744,36,,2,,74808
75745,36,,1,,74809
75746,36,,1,,74810
75747,36,,1,,74811
75748,36,,1,,74812
75749,60,,1,,74815
75750,11,,1,,74816
75751,39,6,1,,74817
75752,39,6,1,,74818
75753,36,,1,,74819
75754,36,,2,,74820
75755,36,,1,,74821
75756,36,,2,,74822
75757,36,,1,,74823
75758,11,,1,,74824
75759,39,6,1,,74825
75760,39,6,1,,74826
75761,36,,1,,74827
75762,36,,1,,74828
75763,36,,2,,74829
75764,36,,1,,74830
75765,36,,1,,74831
75766,60,,1,,74832
75767,36,,1,,74833
75768,60,,1,,74834
75769,60,,1,,74835
75770,36,,1,,74836
75771,36,,1,,74837
75772,36,,1,,74838
75773,60,,1,,74839
75774,36,,1,,74840
75775,36,,1,,74841
75776,36,,1,,74842
75777,36,,1,,74843
75778,36,,1,,74844
75779,36,,1,,74845
75780,36,,1,,74846
75781,36,,1,,74847
75782,36,,1,,74848
75783,36,,1,,74849
75784,36,,1,,74850
75785,36,,1,,74851
75786,36,,1,,74852
75787,36,,2,,74853
75788,36,,1,,74854
75789,36,,1,,74855
75790,60,,1,,74856
75791,39,6,1,,74857
75792,39,1,3,,74858
75793,39,6,4,,74859
75794,39,6,3,,74860
75795,39,6,3,,74861
75796,39,6,2,,74862
75797,39,6,2,,74863
75798,39,6,2,,74864
75799,39,6,3,,74865
75800,39,6,2,,74866
75801,39,1,1,,74867
75802,39,1,1,,74868
75803,39,1,1,,74869
75804,39,6,1,,74870
75805,39,6,1,,74871
75806,39,6,1,,74872
75807,39,6,1,,74873
75808,39,6,1,,74874
75809,39,6,1,,74875
75810,60,,1,,74876
75811,60,,1,,74877
75812,60,,1,,74878
75813,60,,1,,74879
75814,60,,1,,74880
75815,60,,1,,74881
75816,60,,1,,74882
75817,13,,1,,74883
75818,60,,1,,74884
75819,39,1,1,,74885
75820,39,6,2,,74886
75821,39,6,2,,74887
75822,39,6,3,,74888
75823,39,6,4,,74889
75824,60,,1,,74890
75825,60,,1,,74891
75826,60,,1,,74892
75827,60,,1,,74893
75828,60,,1,,74894
75829,60,,1,,74895
75830,60,,1,,74896
75831,60,,1,,74897
75832,60,,1,,74898
75833,60,,1,,74899
75834,60,,1,,74900
75835,60,,1,,74901
75836,60,,1,,74902
75837,39,1,2,,74903
75838,39,1,1,,74904
75839,60,,1,,74905
75840,60,,1,,74906
75841,60,,1,,74907
75842,60,,1,,74908
75843,60,,1,,74909
75844,60,,1,,74910
75845,60,,1,,74911
75846,60,,1,,74912
75847,60,,1,,74913
75848,60,,1,,74914
75849,39,1,1,,74915
75850,39,1,1,,74916
75851,39,1,1,,74917
75852,60,,1,,74918
75853,60,,1,,74919
75854,60,,1,,74920
75855,60,,1,,74921
75856,60,,1,,74922
75857,60,,1,,74923
75858,60,,1,,74924
75859,60,,1,,74925
75860,60,,1,,74926
75861,60,,1,,74927
75862,60,,1,,74928
75863,60,,1,,74929
75864,60,,1,,74930
75865,60,,1,,74931
75866,60,,1,,74932
75867,60,,1,,74933
75868,60,,1,,74934
75869,60,,1,,74935
75870,60,,1,,74936
75871,60,,1,,74937
75872,60,,1,,74938
75873,60,,1,,74939
75874,60,,1,,74940
75875,60,,1,,74941
75876,60,,1,,74942
75877,60,,1,,74943
75878,60,,1,,74944
75879,60,,1,,74945
75880,60,,1,,74946
75881,60,,1,,74947
75882,60,,1,,74948
75883,60,,1,,74949
75884,60,,1,,74950
75885,60,,1,,74951
75886,60,,1,,74952
75887,60,,1,,74953
75888,22,,1,,74954
75889,60,,1,,74955
75890,60,,1,,74956
75891,60,,1,,74957
75892,60,,1,,74958
75893,60,,1,,74959
75894,60,,1,,74960
75895,60,,1,,74961
75896,60,,1,,74962
75897,60,,1,,74963
75898,60,,1,,74964
75899,60,,1,,74965
75900,60,,1,,74966
75901,39,1,1,,74967
75902,39,1,1,,74968
75903,36,,1,,74969
75904,36,,1,,74970
75905,36,,2,,74971
75906,60,,1,,74972
75907,60,,1,,74973
75908,60,,1,,74974
75909,60,,1,,74975
75910,60,,1,,74976
75911,60,,1,,74977
75912,60,,1,,74978
75913,60,,1,,74979
75914,60,,1,,74980
75915,60,,1,,74981
75916,60,,1,,74982
75917,60,,1,,74983
75918,60,,1,,74984
75919,60,,1,,74985
75920,60,,1,,74986
75921,60,,1,,74987
75922,60,,1,,74988
75923,60,,1,,74989
75924,60,,1,,74990
75925,60,,1,,74991
75926,60,,1,,74992
75927,60,,1,,74993
75928,60,,1,,74994
75929,60,,1,,74995
75930,60,,1,,74996
75931,60,,1,,74997
75932,60,,1,,74998
75933,60,,1,,74999
75934,60,,1,,75000
75935,60,,1,,75001
75936,60,,1,,75002
75937,60,,1,,75003
75938,60,,1,,75004
75939,60,,1,,75005
75940,60,,1,,75006
75941,60,,1,,75007
75942,60,,1,,75008
75943,60,,1,,75009
75944,60,,1,,75010
75945,60,,1,,75011
75946,60,,1,,75012
75947,60,,1,,75013
75948,60,,1,,75014
75949,60,,1,,75015
75950,60,,1,,75016
75951,60,,1,,75017
75952,60,,1,,75018
75953,60,,1,,75019
75954,60,,1,,75020
75955,60,,1,,75021
75956,60,,1,,75022
75957,60,,1,,75023
75958,60,,1,,75024
75959,60,,1,,75025
75960,60,,1,,75026
75961,60,,1,,75027
75962,60,,1,,75028
75963,60,,1,,75029
75964,60,,1,,75030
75965,60,,1,,75031
75966,60,,1,,75032
75967,60,,1,,75033
75968,60,,1,,75034
75969,60,,1,,75035
75970,22,,1,,75036
75971,22,,1,,75037
75972,22,,1,,75038
75973,39,6,1,,75039
75974,39,6,1,,75040
75975,39,6,1,,75041
75976,39,6,2,,75042
75977,39,6,2,,75043
75978,39,6,2,,75044
75979,39,1,2,,75045
75980,39,1,1,,75046
75981,39,1,1,,75047
75982,39,1,1,,75048
75983,23,7,1,,75048
75984,39,1,1,,75049
75985,23,7,1,,75049
75986,39,3,1,,75050
75987,39,1,1,,75051
75988,55,,1,,75052
75989,39,1,1,,75053
75990,39,1,3,,75054
75991,39,1,2,,75055
75992,39,3,1,,75056
75993,39,1,1,,75057
75994,39,1,2,,75058
75995,23,7,1,,75058
75996,39,1,1,,75059
75997,39,1,1,,75060
75998,36,,1,,75061
75999,36,,1,,75062
76000,39,1,1,,75063
76001,23,5,1,,75063
76002,39,8,1,,75064
76003,39,1,2,,75065
76004,39,1,1,,75066
76005,23,5,1,,75066
76006,39,1,2,,75067
76007,39,1,1,,75068
76008,39,1,3,,75069
76009,39,1,3,,75070
76010,39,1,3,,75071
76011,39,1,2,,75072
76012,39,3,1,,75073
76013,39,3,1,,75074
76014,39,1,2,,75075
76015,39,1,2,,75076
76016,23,7,2,,75077
76017,39,3,1,,75078
76018,39,1,1,,75079
76019,39,1,1,,75080
76020,23,5,2,,75081
76021,39,1,1,,75082
76022,39,1,2,,75083
76023,23,7,1,,75083
76024,39,1,2,,75084
76025,23,7,1,,75084
76026,43,,1,,75085
76027,39,1,1,,75086
76028,39,1,1,,75087
76029,39,1,1,,75088
76030,39,1,2,,75089
76031,39,1,1,,75090
76032,39,1,2,,75091
76033,23,5,1,,75092
76034,39,1,2,,75093
76035,39,1,1,,75094
76036,39,1,2,,75095
76037,39,1,2,,75096
76038,39,1,1,,75097
76039,39,1,1,,75098
76040,39,1,1,,75099
76041,39,3,1,,75100
76042,39,3,1,,75101
76043,39,1,1,,75102
76044,39,3,1,,75103
76045,39,1,1,,75104
76046,39,1,1,,75105
76047,39,1,1,,75106
76048,39,1,1,,75107
76049,39,1,1,,75108
76050,23,5,1,,75109
76051,39,1,1,,75110
76052,39,3,1,,75111
76053,23,5,1,,75112
76054,23,5,1,,75113
76055,23,7,1,,75114
76056,39,1,1,,75114
76057,39,1,1,,75115
76058,23,7,1,,75115
76059,39,1,1,,75116
76060,39,1,2,,75117
76061,39,1,3,,75118
76062,39,1,1,,75119
76063,39,1,1,,75120
76064,23,7,1,,75120
76065,39,1,1,,75121
76067,23,7,1,,75121
76068,39,3,1,,75122
76069,39,1,1,,75123
76070,39,1,1,,75124
76071,39,1,1,,75125
76072,23,7,1,,75125
76073,39,1,1,,75126
76074,23,7,1,,75126
76075,39,1,2,,75127
76076,39,1,1,,75128
76077,23,7,1,,75128
76078,39,1,1,,75129
76079,39,1,1,,75130
76080,39,1,1,,75131
76081,23,7,1,,75131
76082,23,5,1,,75132
76083,39,1,1,,75133
76084,39,1,1,,75134
76085,39,1,1,,75135
76086,39,1,1,,75136
76087,23,7,1,,75136
76088,39,1,1,,75137
76089,23,7,1,,75137
76090,39,1,1,,75138
76091,23,7,1,,75138
76092,39,1,2,,75139
76093,39,1,2,,75140
76094,39,1,2,,75141
76095,39,1,1,,75142
76096,39,1,1,,75143
76097,36,,2,,75144
76098,36,,1,,75145
76099,36,,1,,75146
76100,36,,1,,75147
76101,39,1,1,,75148
76102,55,,1,,75149
76103,23,5,1,,75150
76104,39,1,1,,75151
76105,39,1,1,,75152
76106,23,7,2,,75152
76107,39,1,1,,75153
76108,39,3,1,,75154
76109,39,1,1,,75155
76110,39,1,2,,75156
76111,39,1,1,,75157
76112,39,1,1,,75158
76113,60,,1,,75159
76114,39,1,1,,75160
76115,43,,1,,75161
76116,39,3,1,,75162
76117,23,5,1,,75162
76118,39,1,1,,75163
76119,23,5,2,,75164
76120,23,5,1,,75165
76121,39,1,1,,75166
76122,39,1,2,,75167
76123,39,1,1,,75168
76124,43,,1,,75169
76125,39,1,2,,75170
76126,23,5,1,,75171
76127,39,3,1,,75172
76128,39,1,1,,75173
76129,39,1,1,,75174
76130,39,3,1,,75175
76131,39,1,1,,75176
76132,23,5,1,,75176
76133,39,1,1,,75177
76134,39,1,1,,75178
76135,39,1,1,,75179
76136,39,1,1,,75180
76137,23,7,1,,75180
76138,39,1,1,,75181
76139,39,1,1,,75182
76140,39,1,1,,75183
76141,39,1,1,,75184
76142,39,1,1,,75185
76143,39,1,1,,75186
76144,39,1,1,,75187
76145,43,,1,,75188
76146,39,3,1,,75189
76147,39,3,1,,75190
76148,39,1,1,,75191
76149,39,1,1,,75192
76150,39,1,2,,75193
76151,39,1,2,,75194
76152,23,7,1,,75195
76153,39,1,1,,75196
76154,23,7,1,,75196
76155,39,1,1,,75197
76156,39,1,1,,75198
76157,39,1,1,,75199
76158,39,1,1,,75200
76159,39,1,1,,75201
76160,23,5,1,,75202
76161,23,5,1,,75203
76162,39,3,1,,75204
76163,39,1,1,,75205
76164,39,1,1,,75206
76165,39,1,1,,75207
76166,39,1,1,,75208
76167,39,1,1,,75209
76168,39,1,1,,75210
76169,23,7,1,,75210
76170,39,1,2,,75211
76171,39,1,2,,75212
76172,39,1,2,,75213
76173,39,1,2,,75214
76174,23,5,1,,75215
76175,39,1,1,,75216
76176,39,3,1,,75217
76177,39,1,1,,75218
76178,23,7,1,,75218
76179,39,1,1,,75219
76180,39,1,1,,75220
76181,39,1,1,,75221
76182,39,1,2,,75222
76183,39,1,1,,75223
76184,39,1,1,,75224
76185,23,7,1,,75224
76186,39,1,2,,75225
76187,39,1,1,,75226
76188,39,1,2,,75227
76189,23,5,1,,75228
76190,39,1,1,,75229
76191,39,1,1,,75230
76192,39,1,2,,75231
76193,39,1,1,,75232
76194,39,1,1,,75233
76195,39,1,1,,75234
76196,39,1,2,,75235
76197,23,5,2,,75236
76198,39,1,1,,75237
76199,39,3,1,,75238
76200,39,1,2,,75239
76201,39,1,2,,75240
76202,39,1,2,,75241
76203,39,1,2,,75242
76204,39,1,2,,75243
76205,39,1,1,,75244
76206,39,1,2,,75245
76207,39,1,2,,75246
76208,39,1,2,,75247
76209,39,1,1,,75248
76210,39,1,1,,75249
76211,39,1,1,,75250
76212,39,1,2,,75251
76213,39,1,2,,75252
76214,39,1,1,,75253
76215,39,1,1,,75254
76216,39,1,1,,75255
76217,23,5,2,,75256
76218,23,5,1,,75257
76219,39,1,2,,75258
76220,39,1,1,,75259
76221,39,1,1,,75260
76222,23,7,1,,75260
76223,39,1,1,,75261
76224,23,5,1,,75262
76225,23,5,1,,75263
76226,39,1,1,,75264
76227,39,1,1,,75265
76228,39,1,1,,75266
76229,23,5,1,,75267
76230,23,5,1,,75268
76231,39,1,2,,75269
76232,23,5,1,,75269
76233,23,5,1,,75270
76234,39,1,2,,75271
76235,39,3,1,,75272
76236,39,3,1,,75273
76237,39,1,1,,75274
76238,23,7,1,,75275
76239,39,1,2,,75276
76240,23,5,1,,75276
76241,39,3,1,,75277
76242,39,3,1,,75278
76243,39,3,1,,75279
76244,39,3,1,,75280
76245,39,1,2,,75281
76246,23,5,1,,75282
76247,60,,1,,75283
76248,60,,1,,75284
76249,60,,1,,75285
76250,60,,1,,75286
76251,60,,1,,75287
76252,60,,1,,75288
76253,60,,1,,75289
76254,60,,1,,75290
76255,60,,1,,75291
76256,60,,1,,75292
76257,39,1,2,,75293
76258,39,1,1,,75294
76259,39,1,1,,75295
76260,39,1,2,,75296
76261,39,1,2,,75297
76262,43,,1,,75298
76263,43,,1,,75299
76264,11,,1,,75300
76265,39,1,1,,75301
76266,39,1,1,,75302
76267,39,1,1,,75303
76268,39,1,2,,75304
76269,39,1,1,,75305
76270,39,1,2,,75306
76271,39,1,2,,75307
76272,39,1,1,,75308
76273,11,,1,,75309
76274,39,1,1,,75310
76275,39,1,1,,75311
76276,23,7,1,,75311
76277,39,1,1,,75312
76278,39,3,1,,75313
76279,23,5,2,,75314
76280,39,1,1,,75315
76281,23,5,1,,75315
76282,39,1,1,,75316
76283,39,1,1,,75317
76284,39,1,1,,75318
76285,39,1,2,,75319
76286,39,1,2,,75320
76287,39,3,1,,75321
76288,23,7,1,,75322
76289,39,1,2,,75323
76290,39,1,1,,75324
76291,23,7,1,,75324
76292,39,3,1,,75325
76293,39,3,1,,75326
76294,39,3,1,,75327
76295,39,3,1,,75328
76296,39,3,1,,75329
76297,11,,1,,75330
76298,60,,1,,75331
76299,39,3,1,,75332
76300,39,1,1,,75333
76301,39,1,1,,75334
76302,39,1,1,,75335
76303,39,1,1,,75336
76304,23,5,1,,75337
76305,39,1,1,,75338
76306,36,,1,,75339
76307,36,,1,,75340
76308,36,,2,,75341
76309,23,5,1,,75342
76310,39,1,1,,75343
76311,39,1,1,,75344
76312,39,1,1,,75345
76313,11,,1,,75346
76314,39,1,1,,75347
76315,39,1,1,,75348
76316,39,1,2,,75349
76317,39,3,1,,75350
76318,39,1,2,,75351
76319,39,3,1,,75352
76320,39,1,2,,75353
76321,39,1,1,,75354
76322,39,1,1,,75355
76323,23,7,1,,75355
76324,39,1,1,,75356
76325,23,7,1,,75356
76326,39,1,1,,75357
76327,39,1,2,,75358
76328,39,1,2,,75359
76329,39,1,1,,75360
76330,39,1,1,,75361
76331,23,7,1,,75361
76332,60,,1,,75362
76333,39,1,1,,75363
76334,39,1,1,,75364
76335,39,1,1,,75365
76336,39,1,2,,75366
76337,23,7,1,,75367
76338,39,1,1,,75368
76339,39,3,1,,75369
76340,39,1,1,,75370
76341,39,1,2,,75371
76342,39,1,2,,75372
76343,39,1,2,,75373
76344,23,7,1,,75373
76345,39,1,1,,75374
76346,23,7,1,,75374
76347,23,7,1,,75375
76348,39,1,2,,75376
76349,23,7,2,,75376
76350,23,5,1,,75377
76351,39,1,1,,75378
76352,39,1,1,,75379
76353,39,1,1,,75380
76354,39,1,2,,75381
76355,39,1,1,,75382
76356,39,1,1,,75383
76357,39,1,1,,75384
76358,39,1,3,,75385
76359,39,1,2,,75386
76360,39,1,1,,75387
76361,39,1,1,,75388
76362,39,1,2,,75389
76363,23,7,1,,75390
76364,39,1,1,,75390
76365,39,1,1,,75391
76366,39,1,2,,75392
76367,23,7,1,,75392
76368,39,1,1,,75393
76369,23,7,1,,75393
76370,39,1,1,,75394
76371,39,1,1,,75395
76372,23,5,1,,75395
76373,39,1,1,,75396
76374,39,1,2,,75397
76375,23,7,1,,75397
76376,39,1,1,,75398
76377,23,5,1,,75399
76378,39,1,1,,75400
76379,23,7,1,,75400
76380,39,1,1,,75401
76381,39,1,1,,75402
76382,39,1,1,,75403
76383,39,1,2,,75404
76384,39,1,1,,75405
76385,39,1,2,,75406
76386,39,1,1,,75407
76387,39,1,1,,75408
76388,39,1,1,,75409
76389,39,1,1,,75410
76390,39,1,1,,75411
76391,23,5,1,,75412
76392,39,1,1,,75413
76393,39,1,2,,75414
76394,23,7,2,,75414
76395,39,1,1,,75415
76396,39,1,1,,75416
76397,39,3,1,,75417
76398,23,5,1,,75418
76399,39,1,1,,75419
76400,39,1,2,,75420
76401,39,1,2,,75421
76402,39,1,1,,75422
76403,23,5,1,,75423
76404,39,1,2,,75424
76405,39,1,1,,75425
76406,39,1,2,,75426
76407,23,5,1,,75427
76408,22,,1,,75428
76409,39,1,1,,75429
76410,39,1,1,,75430
76411,39,1,1,,75431
76412,23,7,1,,75431
76413,39,1,2,,75432
76414,23,7,1,,75432
76415,39,1,1,,75433
76416,39,3,1,,75434
76417,39,1,1,,75435
76418,23,5,1,,75435
76419,39,1,1,,75436
76420,23,7,2,,75436
76421,39,1,1,,75437
76422,23,7,1,,75437
76423,39,1,1,,75438
76424,39,1,3,,75439
76425,39,1,1,,75440
76426,39,1,2,,75441
76427,39,1,1,,75442
76428,39,1,1,,75443
76429,39,1,1,,75444
76430,23,7,1,,75444
76431,39,1,1,,75445
76432,23,7,2,,75445
76433,39,1,1,,75446
76434,39,1,1,,75447
76435,23,5,1,,75448
76436,55,,1,,75449
76437,39,1,2,,75450
76438,39,1,2,,75451
76439,39,1,1,,75452
76440,39,1,1,,75453
76441,39,1,1,,75454
76442,39,1,2,,75455
76443,23,7,1,,75455
76444,23,5,1,,75456
76445,39,1,1,,75457
76446,39,1,1,,75458
76447,39,3,1,,75459
76448,39,1,1,,75460
76449,23,5,1,,75461
76450,39,1,2,,75462
76451,39,3,1,,75463
76452,39,3,1,,75464
76453,39,1,1,,75465
76454,39,1,2,,75466
76455,39,1,2,,75467
76456,39,1,2,,75468
76457,39,1,1,,75469
76458,39,1,1,,75470
76459,39,1,1,,75471
76460,39,1,1,,75472
76461,39,1,1,,75473
76462,39,1,1,,75474
76463,36,,2,,75475
76464,36,,3,,75476
76465,36,,3,,75477
76466,36,,2,,75478
76467,36,,1,,75479
76468,36,,1,,75480
76469,36,,1,,75481
76470,39,1,1,,75482
76471,36,,1,,75483
76472,39,1,1,,75484
76473,39,1,1,,75485
76474,23,5,1,,75486
76475,39,3,1,,75487
76476,39,1,2,,75488
76477,39,3,1,,75489
76478,39,1,2,,75490
76479,39,1,1,,75491
76480,23,7,1,,75491
76481,39,1,1,,75492
76482,39,1,1,,75493
76483,23,7,1,,75493
76484,39,1,2,,75494
76485,39,1,1,,75495
76486,23,7,1,,75495
76487,39,1,1,,75496
76488,39,1,2,,75497
76489,39,1,2,,75498
76490,23,7,1,,75498
76491,39,1,1,,75499
76492,39,1,1,,75500
76493,39,,1,,75501
76494,23,7,2,,75501
76495,39,1,1,,75502
76496,23,7,2,,75502
76497,39,1,2,,75503
76498,39,1,1,,75504
76499,39,1,1,,75505
76500,39,1,2,,75506
76501,39,1,1,,75507
76502,39,1,1,,75508
76503,39,1,1,,75509
76504,39,1,1,,75510
76505,39,1,1,,75511
76506,39,1,1,,75512
76507,39,1,1,,75513
76508,39,1,1,,75514
76509,39,1,1,,75515
76510,23,7,1,,75515
76511,39,1,2,,75516
76512,23,7,1,,75516
76513,39,1,1,,75517
76514,23,7,2,,75517
76515,39,1,2,,75518
76516,39,1,1,,75519
76517,39,1,1,,75520
76518,39,1,1,,75521
76519,39,1,1,,75522
76520,39,1,1,,75523
76521,23,7,1,,75523
76522,39,1,1,,75524
76523,39,1,2,,75525
76524,39,1,2,,75526
76525,39,1,1,,75527
76526,39,1,1,,75528
76527,39,1,1,,75529
76528,39,1,2,,75530
76529,39,1,1,,75531
76530,23,7,1,,75531
76531,39,1,2,,75532
76532,39,1,3,,75533
76533,39,1,1,,75534
76534,23,7,1,,75534
76535,60,,1,,75535
76536,39,1,1,,75536
76537,39,1,1,,75537
76538,39,1,1,,75538
76539,39,1,1,,75539
76540,39,1,1,,75540
76541,39,3,1,,75541
76542,39,3,1,,75542
76543,39,1,2,,75543
76544,39,1,2,,75544
76545,39,1,1,,75545
76546,39,1,1,,75546
76547,39,1,3,,75547
76548,39,1,2,,75548
76549,23,7,1,,75548
76550,39,1,1,,75549
76551,39,3,1,,75550
76552,39,3,1,,75551
76553,39,1,1,,75552
76554,39,1,1,,75553
76555,39,1,2,,75554
76556,23,5,1,,75555
76557,39,1,1,,75556
76558,39,,2,,75557
76559,39,1,2,,75558
76560,39,1,2,,75559
76561,39,3,1,,75560
76562,39,1,1,,75561
76563,23,7,1,,75561
76564,39,1,1,,75562
76565,39,1,1,,75563
76566,39,1,2,,75564
76567,23,7,1,,75564
76568,39,1,2,,75565
76569,23,7,1,,75565
76570,39,1,1,,75566
76571,39,1,1,,75567
76572,39,1,1,,75568
76573,39,1,1,,75569
76574,39,1,2,,75570
76575,39,1,1,,75571
76576,39,1,2,,75572
76577,39,1,1,,75573
76578,39,1,1,,75574
76579,23,7,1,,75574
76580,39,1,2,,75575
76581,39,1,2,,75576
76582,39,1,2,,75577
76583,23,5,1,,75578
76584,39,1,2,,75579
76585,39,1,1,,75580
76586,39,1,1,,75581
76587,39,1,2,,75582
76588,39,1,1,,75583
76589,39,1,2,,75584
76590,39,1,1,,75585
76591,39,1,2,,75586
76593,23,7,2,,75586
76594,39,1,1,,75587
76595,39,1,2,,75588
76596,23,7,1,,75588
76597,39,1,1,,75589
76598,39,1,1,,75590
76599,39,1,1,,75591
76600,39,1,1,,75592
76601,23,7,1,,75592
76602,39,1,1,,75593
76603,39,1,1,,75594
76604,39,1,1,,75595
76605,23,7,1,,75595
76606,39,1,1,,75596
76607,39,1,1,,75597
76608,39,1,2,,75598
76609,39,1,1,,75599
76610,39,1,1,,75600
76611,23,7,1,,75600
76612,39,1,1,,75601
76613,60,,1,,75602
76614,39,1,2,,75603
76615,39,1,1,,75604
76616,39,1,1,,75605
76617,55,,1,,75606
76618,39,1,1,,75607
76619,39,1,1,,75608
76620,55,,1,,75609
76621,39,1,1,,75610
76622,23,7,1,,75610
76623,39,1,1,,75611
76624,23,7,1,,75611
76625,39,1,1,,75612
76626,23,7,1,,75612
76627,39,1,1,,75613
76628,39,1,2,,75614
76629,39,1,2,,75615
76630,23,5,1,,75616
76631,39,1,1,,75617
76632,39,1,1,,75618
76633,39,1,2,,75619
76634,39,1,2,,75620
76635,39,1,1,,75621
76636,39,1,1,,75622
76637,39,1,1,,75623
76638,39,1,1,,75624
76639,39,1,2,,75625
76640,39,1,2,,75626
76641,39,1,1,,75627
76642,39,1,2,,75628
76643,39,1,2,,75629
76644,36,1,1,,75630
76645,55,,1,,75631
76646,39,1,1,,75632
76647,39,1,1,,75633
76648,39,1,1,,75634
76649,39,1,1,,75635
76650,39,1,2,,75636
76651,39,1,1,,75637
76652,39,1,2,,75638
76653,39,1,2,,75639
76654,39,1,2,,75640
76655,23,5,1,,75641
76656,39,1,1,,75642
76657,39,1,2,,75643
76658,39,1,1,,75644
76659,39,1,3,,75645
76660,39,1,1,,75646
76661,39,1,3,,75647
76662,39,1,1,,75648
76663,39,1,2,,75649
76664,39,1,2,,75650
76665,39,1,3,,75651
76666,39,1,2,,75652
76667,23,5,1,,75653
76668,23,5,1,,75654
76669,39,1,1,,75655
76670,39,1,1,,75656
76671,39,1,2,,75657
76672,39,1,1,,75658
76673,23,7,1,,75658
76674,39,1,1,,75659
76675,39,1,1,,75660
76676,39,1,1,,75661
76677,39,1,1,,75662
76678,39,1,1,,75663
76679,39,1,1,,75664
76680,23,7,1,,75664
76681,39,1,1,,75665
76682,23,7,1,,75666
76683,39,1,1,,75667
76684,39,1,2,,75668
76685,39,1,1,,75669
76686,23,7,1,,75669
76687,39,1,2,,75670
76688,23,7,2,,75670
76689,39,1,2,,75671
76690,39,8,1,,75672
76691,23,7,1,,75672
76692,39,1,1,,75673
76693,39,1,1,,75674
76694,39,1,2,,75675
76695,39,1,3,,75676
76696,39,1,2,,75677
76697,39,1,3,,75678
76698,39,1,2,,75679
76699,23,7,2,,75679
76700,39,1,2,,75680
76701,39,1,2,,75681
76702,39,1,1,,75682
76703,39,1,2,,75683
76704,39,1,1,,75684
76705,39,1,1,,75685
76706,23,7,1,,75685
76707,39,1,2,,75686
76708,39,1,2,,75687
76709,23,7,1,,75687
76710,39,1,2,,75688
76711,23,7,1,,75688
76712,39,1,1,,75689
76713,39,3,1,,75690
76714,39,1,1,,75691
76715,39,1,2,,75692
76716,39,1,2,,75693
76717,39,3,1,,75694
76718,39,1,1,,75695
76719,39,1,2,,75696
76720,39,1,1,,75697
76721,67,,1,,75698
76722,39,1,1,,75699
76723,39,1,1,,75700
76724,39,1,1,,75701
76725,39,1,2,,75702
76726,39,1,1,,75703
76727,39,3,1,,75704
76728,39,1,1,,75705
76729,23,7,1,,75705
76730,39,1,1,,75706
76731,23,5,1,,75706
76732,39,1,1,,75707
76733,23,5,1,,75708
76734,39,1,1,,75709
76735,39,1,1,,75710
76736,23,7,1,n,75710
76737,39,1,2,,75711
76738,39,1,1,,75712
76739,23,5,1,,75712
76740,39,1,2,,75713
76741,39,1,4,,75714
76742,39,,1,,75715
76743,66,,1,,75715
76744,39,1,1,,75716
76745,23,7,1,,75716
76746,39,1,2,,75717
76747,39,1,1,,75718
76748,39,3,1,,75719
76749,39,1,2,,75720
76750,60,,1,,75721
76751,23,5,1,,75722
76752,39,1,2,,75723
76753,39,4,1,,75724
76754,39,1,2,,75725
76755,39,1,1,,75726
76756,23,5,1,,75726
76757,39,1,2,,75727
76758,39,1,3,,75728
76759,39,1,2,,75729
76760,60,,1,,75730
76761,39,3,1,,75731
76762,39,1,2,,75732
76763,39,1,1,,75733
76764,39,1,2,,75734
76765,39,1,1,,75735
76766,39,1,2,,75736
76767,39,1,1,,75737
76768,39,1,2,,75738
76769,39,1,2,,75739
76770,39,1,1,,75740
76771,39,1,1,,75741
76772,39,1,1,,75742
76773,39,1,1,,75743
76774,23,7,1,,75743
76775,23,5,2,,75744
76776,39,1,1,,75745
76777,39,1,1,,75746
76778,39,1,1,,75747
76779,23,5,1,,75747
76780,39,1,1,,75748
76781,23,7,1,,75748
76782,39,1,1,,75749
76783,39,1,1,,75750
76784,39,1,1,,75751
76785,39,1,1,,75752
76786,39,1,1,,75753
76787,39,1,1,,75754
76788,39,1,1,,75755
76789,39,1,1,,75756
76790,39,1,1,,75757
76791,23,5,1,,75757
76792,39,1,1,,75758
76793,39,1,2,,75759
76794,39,1,1,,75760
76795,39,1,1,,75761
76796,23,7,2,,75761
76797,39,1,1,,75762
76798,39,3,1,,75763
76799,39,3,1,,75764
76800,11,,1,,75765
76801,23,5,1,,75766
76802,39,1,1,,75767
76803,39,1,1,,75768
76804,39,1,2,,75769
76805,39,1,2,,75770
76806,39,3,1,,75771
76807,39,1,1,,75772
76808,39,1,2,,75773
76809,39,3,1,,75774
76810,39,1,1,,75775
76811,39,1,1,,75776
76812,39,1,1,,75777
76813,39,1,1,,75778
76814,39,3,1,,75779
76815,39,1,1,,75780
76816,39,1,2,,75781
76817,39,1,2,,75782
76818,39,1,1,,75783
76819,23,7,1,,75783
76820,39,1,2,,75784
76821,39,1,3,,75785
76822,39,1,2,,75786
76823,39,1,1,,75787
76824,39,1,1,,75788
76825,23,5,1,,75788
76826,39,1,1,,75789
76827,39,1,1,,75790
76828,39,1,2,,75791
76829,60,,1,,75792
76830,39,1,1,,75793
76831,39,1,1,,75794
76832,39,1,2,,75795
76833,39,1,2,,75796
76834,55,,1,,75797
76835,39,1,1,,75798
76836,23,5,1,,75798
76837,39,1,2,,75799
76838,39,1,1,,75800
76839,39,1,1,,75801
76840,23,7,1,,75801
76841,39,1,1,,75802
76842,23,7,1,,75802
76843,39,1,1,,75803
76844,39,3,1,,75804
76845,39,1,3,,75805
76846,23,7,1,,75805
76847,39,1,3,,75806
76848,23,5,1,,75806
76849,39,1,1,,75807
76850,23,7,1,,75807
76851,23,5,1,,75808
76852,23,5,1,,75809
76853,39,1,1,,75810
76854,39,1,1,,75811
76855,39,1,3,,75812
76856,39,1,1,,75813
76857,39,1,1,,75814
76858,39,1,1,,75815
76859,60,,1,,75816
76860,39,1,1,,75817
76861,39,1,1,,75818
76862,39,3,1,,75819
76863,39,1,1,,75820
76864,39,1,1,,75821
76865,23,7,2,,75822
76866,39,1,2,,75823
76867,39,1,1,,75824
76868,39,1,1,,75825
76869,39,1,1,,75826
76870,39,1,2,,75827
76871,23,7,1,,75827
76872,39,1,1,,75828
76873,39,1,1,,75829
76874,39,1,1,,75830
76875,39,1,1,,75831
76876,39,1,1,,75832
76877,39,1,1,,75833
76878,39,1,2,,75834
76879,39,1,2,,75835
76880,39,3,1,,75836
76881,39,1,2,,75837
76882,39,1,3,,75838
76883,39,1,2,,75839
76884,39,3,1,,75840
76885,39,1,1,,75841
76886,39,1,1,,75842
76887,39,1,1,,75843
76888,39,3,1,,75844
76889,39,1,1,,75845
76890,39,1,1,,75846
76891,60,,1,,75847
76892,39,3,1,,75848
76893,39,1,1,,75849
76894,39,1,2,,75850
76895,39,1,1,,75851
76896,39,3,1,,75852
76897,39,1,1,,75853
76898,39,1,1,,75854
76899,39,1,1,,75855
76900,39,1,1,,75856
76901,39,3,1,,75857
76902,39,1,2,,75858
76903,39,1,1,,75859
76904,39,1,2,,75860
76905,39,1,1,,75861
76906,39,1,2,,75862
76907,39,1,1,,75863
76908,39,1,1,,75864
76909,39,1,2,,75865
76910,23,7,1,,75866
76911,39,1,1,,75867
76912,39,1,2,,75868
76913,39,1,1,,75869
76914,39,1,1,,75870
76916,23,7,1,,75870
76917,39,1,1,,75871
76918,39,1,2,,75872
76919,39,1,1,,75873
76920,39,3,1,,75874
76921,39,1,1,,75875
76922,39,3,1,,75876
76923,39,1,2,,75877
76924,39,1,1,,75878
76925,55,,1,,75879
76926,39,8,1,,75880
76927,39,3,1,,75881
76928,39,1,3,,75882
76929,39,1,1,,75883
76930,39,1,1,,75884
76931,39,1,1,,75885
76933,23,7,1,,75885
76934,39,1,2,,75886
76935,39,1,2,,75887
76936,39,1,2,,75888
76937,39,1,1,,75889
76938,23,7,1,,75889
76939,39,1,2,,75890
76940,39,1,1,,75891
76941,39,1,1,,75892
76942,39,1,2,,75893
76943,39,1,1,,75894
76944,23,7,2,,75894
76945,39,3,1,,75895
76946,39,1,2,,75896
76947,39,1,1,,75897
76948,39,1,1,,75898
76949,39,1,3,,75899
76950,39,1,2,,75900
76951,39,1,1,,75901
76952,39,1,1,,75902
76953,39,1,3,,75903
76954,39,3,1,,75904
76955,60,,1,,75905
76956,39,1,2,,75906
76957,39,1,1,,75907
76958,23,7,1,,75907
76959,39,1,2,,75908
76960,23,7,1,,75908
76961,39,1,2,,75909
76962,39,1,1,,75910
76963,39,3,1,,75911
76964,39,1,3,,75912
76965,39,3,1,,75913
76966,39,1,1,,75914
76967,23,5,1,,75915
76968,39,1,1,,75916
76969,23,7,1,,75916
76970,23,5,1,,75917
76971,39,3,1,,75918
76972,23,5,1,,75919
76973,23,5,1,,75920
76974,39,1,1,,75921
76975,39,1,1,,75922
76976,39,1,2,,75923
76977,39,1,1,,75924
76978,39,1,1,,75925
76979,39,3,1,,75926
76980,39,3,1,,75927
76981,23,5,1,,75928
76982,39,1,1,,75929
76983,39,1,1,,75930
76984,60,,1,,75931
76985,60,,1,,75932
76986,39,1,1,,75933
76987,60,,1,,75934
76988,39,1,1,,75935
76989,39,1,1,,75936
76990,39,1,1,,75937
76991,39,1,1,,75938
76992,39,1,3,,75939
76993,39,1,1,,75940
76994,23,7,1,,75940
76995,39,1,1,,75941
76996,39,1,3,,75942
76997,39,1,3,,75943
76998,39,1,2,,75944
76999,60,,1,,75945
77000,39,1,1,,75946
77001,23,7,2,,75946
77002,39,1,2,,75947
77003,39,1,1,,75948
77004,23,5,1,,75948
77005,39,1,1,,75949
77006,39,1,1,,75950
77007,39,1,1,,75951
77008,39,3,2,,75952
77009,39,1,1,,75953
77010,39,1,1,,75954
77011,39,1,1,,75955
77012,39,1,1,,75956
77013,39,1,1,,75957
77014,23,7,2,,75957
77015,39,1,2,,75958
77016,39,1,1,,75959
77017,23,5,1,,75959
77018,39,1,1,,75960
77019,39,1,1,,75961
77020,39,1,1,,75962
77021,39,1,1,,75963
77022,39,1,2,,75964
77023,39,1,1,,75965
77024,23,5,1,,75965
77025,39,1,1,,75966
77026,23,7,2,,75966
77027,39,1,1,,75967
77028,23,7,1,,75967
77029,39,1,1,,75968
77030,39,1,1,,75969
77031,39,1,2,,75970
77032,39,1,2,,75971
77034,23,7,2,,75971
77035,39,1,1,,75972
77036,39,1,1,,75973
77037,39,3,1,,75974
77038,39,3,1,,75975
77039,39,1,1,,75976
77040,39,1,1,,75977
77041,39,1,1,,75978
77042,39,1,1,,75979
77043,39,1,1,,75980
77044,39,1,2,,75981
77045,39,1,1,,75982
77046,39,1,1,,75983
77047,23,7,1,,75983
77048,23,5,1,,75984
77049,39,3,1,,75985
77050,39,1,1,,75986
77051,39,1,2,,75987
77052,39,1,1,,75988
77053,39,1,1,,75989
77054,23,7,1,,75989
77055,39,1,1,,75990
77056,23,5,1,,75991
77057,39,1,2,,75992
77058,39,1,1,,75993
77059,39,1,1,,75994
77060,23,5,1,,75994
77061,39,1,1,,75995
77062,39,1,1,,75996
77063,23,5,1,,75996
77064,36,,1,,75997
77065,39,3,1,,75998
77066,39,1,1,,75999
77067,39,1,1,,76000
77068,39,1,1,,76001
77069,39,1,1,,76002
77070,39,1,1,,76003
77071,39,1,2,,76004
77072,39,1,1,,76005
77073,39,1,2,,76006
77074,39,1,3,,76007
77075,39,1,2,,76008
77076,39,3,1,,76009
77077,39,1,1,,76010
77078,39,1,1,,76011
77079,39,1,1,,76012
77080,39,1,2,,76013
77081,23,7,1,,76013
77082,39,1,1,,76014
77083,39,1,1,,76015
77084,39,1,2,,76016
77085,39,1,2,,76017
77086,39,6,2,,76018
77087,39,6,1,,76019
77088,39,6,1,,76020
77089,39,6,1,,76021
77090,60,,1,,76022
77091,11,,1,,76023
77092,39,6,1,,76024
77093,36,,1,,76025
77094,36,,1,,76026
77095,36,,3,,76027
77096,36,,2,,76028
77097,36,,1,,76029
77098,36,,1,,76030
77099,60,,1,,76031
77100,60,,1,,76032
77101,60,,1,,76033
77102,60,,1,,76034
77103,60,,1,,76035
77104,60,,1,,76036
77105,60,,1,,76037
77106,60,,1,,76038
77107,60,,1,,76039
77108,60,,1,,76040
77109,60,,1,,76041
77110,60,,1,,76042
77111,60,,1,,76043
77112,60,,1,,76044
77113,60,,1,,76045
77114,60,,1,,76046
77115,60,,1,,76047
77116,36,,3,,76048
77117,36,,1,,76049
77118,36,,1,,76050
77119,60,,1,,76051
77120,60,,1,,76052
77121,60,,1,,76053
77122,60,,1,,76054
77123,60,,1,,76055
77124,60,,1,,76056
77125,60,,1,,76057
77126,60,,1,,76058
77127,60,,1,,76059
77128,60,,1,,76060
77129,60,,1,,76061
77130,60,,1,,76062
77131,60,,1,,76063
77132,60,,1,,76064
77133,60,,1,,76065
77134,60,,1,,76066
77135,60,,1,,76067
77136,60,,1,,76068
77137,60,,1,,76069
77138,60,,1,,76070
77139,60,,1,,76071
77140,60,,1,,76072
77141,60,,1,,76073
77142,60,,1,,76074
77143,60,,1,,76075
77144,60,,1,,76076
77145,60,,1,,76077
77146,60,,1,,76078
77147,60,,1,,76079
77148,60,,1,,76080
77149,60,,1,,76081
77150,60,,1,,76082
77151,60,,1,,76083
77152,60,,1,,76084
77153,60,,1,,76085
77154,60,,1,,76086
77155,60,,1,,76087
77156,60,,1,,76088
77157,60,,1,,76089
77158,60,,1,,76090
77159,60,,1,,76091
77160,60,,1,,76092
77161,60,,1,,76093
77162,60,,1,,76094
77163,60,,1,,76095
77164,60,,1,,76096
77165,60,,1,,76097
77166,60,,1,,76098
77167,60,,1,,76099
77168,60,,1,,76100
77169,60,,1,,76101
77170,60,,1,,76102
77171,36,,1,,76103
77172,36,,1,,76104
77173,36,,1,,76105
77174,36,,1,,76106
77175,36,,1,,76107
77176,36,,1,,76108
77177,36,,1,,76109
77178,36,,1,,76110
77179,36,,2,,76111
77180,36,,1,,76112
77181,23,5,1,,76113
77182,60,,1,,76114
77183,11,,1,,76115
77184,60,,1,,76116
77185,39,6,1,,76117
77186,36,,1,,74813
77187,36,,1,,74814
77188,36,,1,,76118
77189,36,,1,,76119
77190,36,,1,,76120
77191,55,,1,,76121
77192,55,,1,,76122
77193,55,,1,,76123
77194,36,,1,,76124
77195,36,,1,,76125
77196,36,,1,,76126
77197,36,,1,,76127
77198,36,,1,,76128
77199,36,,1,,76129
77200,36,,1,,76130
77201,36,,1,,76131
77202,36,,2,,76132
77203,36,,2,,76133
77204,36,,2,,76134
77205,36,,1,,76135
77206,36,,1,,76136
77207,36,,1,,76137
77208,36,,1,,76138
77209,36,,1,,76139
77210,39,1,1,,76140
77211,39,1,1,,76141
77212,36,,1,,76142
77213,36,,1,,76143
77214,36,,1,,76145
77215,21,,1,,76146
77216,43,,1,,76147
77217,36,,1,,76148
77218,36,,1,,76149
77219,36,,1,,76150
77220,36,,1,,76151
77221,36,,1,,76152
77222,36,,1,,76153
77223,36,,1,,76154
77224,36,,1,,76155
77225,36,,1,,76156
77226,36,,1,,76157
77227,36,,1,,76158
77228,36,,4,,76159
77229,36,,3,,76160
77230,36,,1,,76161
77231,36,,1,,76162
77232,39,6,1,,76163
77233,39,6,1,,76164
77234,39,6,1,,76165
77235,39,6,1,,76166
77236,39,6,1,,76167
77237,39,6,1,,76168
77238,39,6,1,,76169
77239,60,,1,,76170
77240,36,,1,,74740
77241,36,,1,,74741
77242,43,,1,,74742
77243,36,,1,,74743
77244,36,,1,,74744
77245,36,,1,,74745
77246,36,,1,,74746
77247,36,,1,,74747
77248,36,,1,,74748
77249,36,,1,,74749
77250,36,,1,,74750
77251,36,,1,,74751
77252,36,,1,,74752
77253,36,,1,,74753
77254,39,6,1,,74754
77255,39,6,1,,74755
77256,39,6,1,,74756
77257,39,6,1,,74757
77258,39,6,1,,74758
77259,39,6,1,,76171
77260,39,6,1,,76172
77261,39,6,1,,76173
77262,39,6,1,,76174
77263,39,6,1,,76175
77264,39,6,2,,76176
77265,39,6,1,,76177
77266,39,6,1,,76178
77267,39,6,1,,76179
77268,39,6,1,,76180
77269,36,,1,,76181
77270,60,,1,,76182
77271,13,,1,,76183
77272,36,,1,,76184
77273,36,,1,,76185
77274,36,,1,,76186
77275,36,,1,,76187
77276,36,,1,,76188
77277,36,,1,,76189
77278,36,,1,,76190
77279,36,,1,,76191
77280,36,,1,,76192
77281,36,,1,,76193
77282,36,,1,,76194
77283,36,,1,,76195
77284,36,,2,,76196
77285,60,,1,,76197
77286,60,,1,,76198
77287,60,,1,,76199
77288,60,,1,,76200
77289,39,6,1,,76201
77290,39,6,1,,76202
77291,39,6,1,,76203
77292,39,6,1,,76204
77293,39,6,1,,76205
77294,39,6,1,,76206
77295,39,6,1,,76207
77296,39,6,1,,76208
77297,39,6,1,,76209
77298,39,6,1,,76210
77299,39,6,1,,76211
77300,39,6,1,,76212
77301,39,6,1,,76213
77302,39,6,1,,76214
77303,39,1,1,,76215
77304,39,1,1,,76216
77305,39,1,1,,76217
77306,39,1,1,,76218
77307,23,7,1,,76218
77308,39,1,1,,76219
77309,23,7,1,,76219
77310,39,1,1,,76220
77311,23,7,1,,76220
77312,39,3,1,,76221
77313,39,1,1,,76222
77314,43,,1,,76223
77315,39,1,1,,76224
77316,39,1,2,,76225
77317,39,1,2,,76226
77318,39,3,1,,76227
77319,39,1,1,,76228
77320,39,1,1,,76229
77321,23,7,1,,76229
77322,39,1,1,,76230
77323,39,1,1,,76231
77324,36,,1,,76232
77325,36,,1,,76233
77326,39,1,1,,76234
77327,23,5,1,,76234
77328,39,8,1,,76235
77329,39,1,1,,76236
77330,23,5,1,,76237
77331,39,1,1,,76238
77332,39,1,1,,76239
77333,39,3,1,,76240
77334,39,3,2,,76241
77335,39,1,1,,76242
77336,39,1,2,,76243
77337,39,1,1,,76244
77338,23,5,2,,76244
77339,39,3,1,,76245
77340,39,1,1,,76246
77341,39,1,1,,76247
77342,23,5,2,,76248
77343,39,1,1,,76249
77344,39,1,1,,76250
77345,23,7,1,,76250
77346,39,1,1,,76251
77347,23,7,1,,76251
77348,43,,1,,76252
77349,39,1,1,,76253
77350,39,1,1,,76254
77351,39,1,1,,76255
77352,39,1,2,,76256
77353,39,1,2,,76257
77354,23,5,1,,76258
77355,39,1,2,,76259
77356,39,1,1,,76260
77357,39,1,2,,76261
77358,39,1,2,,76262
77359,39,1,1,,76263
77360,39,1,1,,76264
77361,39,1,1,,76265
77362,39,3,1,,76266
77363,39,3,1,,76267
77364,39,3,1,,76268
77365,60,,1,,76269
77366,39,1,1,,76270
77367,39,1,1,,76271
77368,39,1,1,,76272
77369,39,1,1,,76273
77370,39,1,1,,76274
77371,39,1,1,,76275
77372,23,5,1,,76276
77373,39,1,1,,76277
77374,39,3,1,,76278
77375,39,1,1,,76279
77376,23,7,2,,76279
77377,23,5,1,,76280
77378,39,1,1,,76281
77379,23,7,1,,76281
77380,39,1,1,,76282
77381,23,7,1,,76282
77382,39,1,1,,76283
77383,39,1,2,,76284
77384,39,1,1,,76285
77385,23,7,1,,76286
77386,23,7,1,,76287
77387,39,1,1,,76288
77388,23,7,1,,76288
77389,39,1,1,,76289
77390,23,7,1,,76289
77391,39,1,1,,76290
77392,39,1,1,,76291
77393,23,7,1,,76292
77394,39,1,1,,76293
77395,23,7,1,,76293
77396,39,1,2,,76294
77397,39,1,1,,76295
77398,23,7,1,,76295
77399,39,1,1,,76296
77400,39,1,1,,76297
77401,39,1,1,,76298
77402,23,7,1,,76298
77403,23,5,1,,76299
77404,39,1,1,,76300
77405,39,1,1,,76301
77406,39,1,1,,76302
77407,39,1,1,,76303
77408,23,7,1,,76303
77409,39,1,1,,76304
77410,23,7,1,,76304
77411,39,1,1,,76305
77412,23,7,1,,76305
77413,39,1,2,,76306
77414,39,1,1,,76307
77415,39,1,1,,76308
77416,39,1,1,,76309
77417,39,1,1,,76310
77418,39,1,1,,76311
77419,39,1,1,,76312
77420,23,5,1,,76313
77421,39,1,1,,76314
77422,39,1,1,,76315
77423,23,7,2,,76315
77424,39,1,2,,76316
77425,39,3,1,,76317
77426,39,1,1,,76318
77427,39,1,1,,76319
77428,39,1,1,,76320
77429,39,1,1,,76321
77430,39,1,1,,76322
77431,39,1,1,,76323
77432,39,3,1,,76324
77433,39,1,1,,76325
77434,23,5,3,,76326
77435,13,,1,,76327
77436,39,1,1,,76328
77437,39,1,1,,76329
77438,39,1,1,,76330
77439,39,1,1,,76331
77440,39,1,1,,76332
77441,23,5,1,,76333
77442,39,1,1,,76334
77443,39,1,1,,76335
77444,39,1,1,,76336
77445,39,3,1,,76337
77446,39,1,1,,76338
77447,23,5,1,,76338
77448,39,1,1,,76339
77449,39,1,1,,76340
77450,39,1,1,,76341
77451,23,5,1,,76342
77452,39,1,1,,76343
77453,39,1,1,,76344
77454,39,1,1,,76345
77455,39,1,1,,76346
77456,39,1,1,,76347
77457,39,1,1,,76348
77458,39,1,1,,76349
77459,39,3,1,,76350
77460,39,3,1,,76351
77461,39,1,1,,76352
77462,39,1,1,,76353
77463,39,1,2,,76354
77464,39,1,2,,76355
77465,39,1,1,,76356
77466,23,7,1,,76356
77467,39,1,1,,76357
77468,23,7,1,,76357
77469,39,1,1,,76358
77470,39,1,1,,76359
77471,39,1,1,,76360
77472,39,1,1,,76361
77473,39,1,1,,76362
77474,23,5,1,,76363
77475,23,5,1,,76364
77476,39,3,1,,76365
77477,39,1,1,,76366
77478,39,1,1,,76367
77479,39,1,1,,76368
77480,39,1,1,,76369
77481,39,1,1,,76370
77482,39,1,1,,76371
77483,23,7,1,,76371
77484,39,1,2,,76372
77485,39,1,1,,76373
77486,39,1,2,,76374
77487,39,1,1,,76375
77488,39,1,1,,76376
77489,39,1,1,,76377
77490,39,1,1,,76378
77491,39,3,1,,76379
77492,39,1,1,,76380
77493,23,7,1,,76380
77494,39,1,1,,76381
77495,39,1,1,,76382
77496,39,1,1,,76383
77497,39,1,1,,76384
77498,39,1,2,,76385
77499,39,1,1,,76386
77500,39,1,1,,76387
77501,23,7,1,,76387
77502,39,1,1,,76388
77503,39,1,1,,76389
77504,39,1,1,,76390
77505,39,1,1,,76391
77506,23,5,1,,76391
77507,39,1,1,,76392
77508,39,1,1,,76393
77509,39,1,1,,76394
77510,39,1,1,,76395
77511,39,1,1,,76396
77512,39,1,2,,76397
77513,23,5,1,,76398
77514,39,1,1,,76399
77515,39,3,1,,76400
77516,39,1,2,,76401
77517,39,1,2,,76402
77518,39,1,1,,76403
77519,39,1,1,,76404
77520,39,1,1,,76405
77521,39,1,1,,76406
77522,39,1,2,,76407
77523,39,1,2,,76408
77524,39,1,2,,76409
77525,39,1,1,,76410
77526,39,1,1,,76411
77527,39,1,1,,76412
77528,39,1,1,,76413
77529,39,1,2,,76414
77530,39,1,1,,76415
77531,39,1,1,,76416
77532,39,1,1,,76417
77533,23,5,1,,76418
77534,39,1,1,,76419
77535,39,1,1,,76420
77536,39,1,1,,76421
77537,23,7,1,,76421
77538,39,1,2,,76422
77539,23,5,1,,76423
77540,23,5,1,,76424
77541,39,1,1,,76425
77542,39,1,1,,76426
77543,39,1,1,,76427
77544,23,5,1,,76428
77545,60,,1,,76429
77546,23,5,1,,76430
77547,39,3,1,,76431
77548,39,3,1,,76432
77549,39,1,1,,76433
77550,23,7,1,,76434
77551,23,5,1,,76435
77552,39,3,1,,76436
77553,39,3,1,,76437
77554,39,3,1,,76438
77555,39,3,1,,76439
77556,39,1,1,,76440
77557,23,5,1,,76441
77558,60,,1,,76442
77559,39,1,1,,76443
77560,39,1,1,,76444
77561,39,1,1,,76445
77562,39,1,2,,76446
77563,39,1,1,,76447
77564,60,,1,,76448
77565,43,,1,,76449
77566,39,1,1,,76450
77567,39,1,1,,76451
77568,39,1,1,,76452
77569,39,1,2,,76453
77570,39,1,1,,76454
77571,39,1,1,,76455
77572,39,1,1,,76456
77573,39,1,2,,76457
77574,39,1,1,,76458
77575,39,1,1,,76459
77576,39,1,1,,76460
77577,23,7,1,,76460
77578,39,1,1,,76461
77579,39,3,1,,76462
77580,23,5,1,,76463
77581,39,1,1,,76464
77582,39,1,1,,76465
77583,39,1,1,,76466
77584,23,5,1,,76466
77585,39,1,1,,76467
77586,60,,1,,76468
77587,39,1,1,,76469
77588,39,3,1,,76470
77589,39,1,1,,76471
77590,23,7,1,,76471
77591,39,1,2,,76472
77592,39,1,1,,76473
77593,23,7,1,,76473
77594,39,3,1,,76474
77595,39,3,1,,76475
77596,39,3,1,,76476
77597,39,3,1,,76477
77598,39,3,1,,76478
77599,22,,1,,76479
77600,39,3,1,,76480
77601,39,3,1,,76481
77602,39,1,1,,76482
77603,39,1,1,,76483
77604,39,1,1,,76484
77605,39,1,1,,76485
77606,39,1,1,,76486
77607,23,7,1,,76486
77608,39,1,1,,76487
77609,36,,1,,76488
77610,36,,1,,76489
77611,23,5,1,,76490
77612,39,1,1,,76491
77613,39,1,1,,76492
77614,39,1,1,,76493
77615,43,,1,,76494
77616,39,1,1,,76495
77617,39,1,1,,76496
77618,39,1,1,,76497
77619,39,3,1,,76498
77620,39,1,2,,76499
77621,39,3,1,,76500
77622,39,1,1,,76501
77623,39,1,1,,76502
77624,39,1,1,,76503
77626,23,7,1,,76503
77627,23,7,1,,76504
77628,39,1,1,,76505
77629,39,1,1,,76506
77630,39,1,2,,76507
77631,39,1,1,,76508
77632,39,1,1,,76509
77633,23,7,1,,76509
77634,39,1,1,,76510
77635,39,1,1,,76511
77636,39,1,1,,76512
77637,23,7,1,,76513
77638,39,1,1,,76514
77639,39,3,1,,76515
77640,39,3,1,,76516
77641,39,1,2,,76517
77642,39,1,2,,76518
77643,39,1,2,,76519
77644,23,7,1,,76519
77645,23,7,1,,76520
77646,23,7,1,,76521
77647,23,7,2,,76522
77648,39,1,1,,76522
77649,23,5,1,,76523
77650,39,1,1,,76524
77651,39,1,1,,76525
77652,39,1,1,,76526
77653,39,1,1,,76527
77654,39,1,1,,76528
77655,39,1,1,,76529
77656,39,1,1,,76530
77657,39,1,1,,76531
77658,39,1,2,,76532
77659,39,1,1,,76533
77660,39,1,1,,76534
77661,39,1,1,,76535
77662,23,7,1,,76535
77663,39,1,1,,76536
77664,39,1,1,,76537
77665,23,7,1,,76537
77666,39,1,1,,76538
77668,23,7,1,,76538
77669,39,1,1,,76539
77670,39,1,1,,76540
77671,39,1,1,,76541
77672,39,1,1,,76542
77673,23,7,1,,76542
77674,39,1,1,,76543
77675,23,5,1,,76544
77676,39,1,1,,76545
77677,23,7,1,,76545
77678,39,1,1,,76546
77679,39,1,1,,76547
77680,39,1,1,,76548
77681,39,1,1,,76549
77682,39,1,1,,76550
77683,39,1,2,,76551
77684,39,1,1,,76552
77685,39,1,1,,76553
77686,39,1,1,,76554
77687,39,1,1,,76555
77688,39,1,1,,76556
77689,23,7,1,,76557
77690,39,1,1,,76558
77691,23,7,2,,76559
77692,39,1,1,,76560
77693,39,1,1,,76561
77694,60,,1,,76562
77695,23,5,1,,76563
77696,39,1,1,,76564
77697,39,1,2,,76565
77698,39,1,2,,76566
77699,39,1,1,,76567
77700,39,1,2,,76568
77701,39,1,1,,76569
77702,39,1,2,,76570
77703,23,5,1,,76571
77704,22,,1,,76572
77705,39,1,1,,76573
77706,39,1,1,,76574
77707,39,1,1,,76575
77708,23,5,1,,76575
77709,23,5,1,,76576
77710,60,,1,,76577
77711,39,1,1,,76578
77712,39,1,1,,76579
77713,23,7,2,,76579
77714,39,1,1,,76580
77715,39,1,1,,76581
77716,39,1,3,,76582
77717,39,1,1,,76583
77718,39,1,1,,76584
77719,39,1,1,,76585
77720,39,1,1,,76586
77721,23,7,1,,76586
77722,39,1,1,,76587
77723,23,7,1,,76587
77724,39,1,1,,76588
77725,39,1,1,,76589
77726,39,1,1,,76590
77727,23,5,1,,76591
77728,39,1,1,,76592
77729,39,1,2,,76593
77730,39,1,2,,76594
77731,39,1,1,,76595
77732,39,1,1,,76596
77733,39,1,1,,76597
77734,23,7,1,,76598
77735,23,5,1,,76599
77736,39,1,1,,76599
77737,39,1,1,,76600
77738,39,1,1,,76601
77739,60,3,1,,76602
77740,39,1,1,,76603
77741,23,5,1,,76604
77742,39,1,1,,76605
77743,39,1,1,,76606
77744,39,1,2,,76607
77745,39,1,2,,76608
77746,39,1,2,,76609
77747,39,1,1,,76610
77748,39,1,1,,76611
77749,39,1,1,,76612
77750,39,1,1,,76613
77751,39,1,1,,76614
77752,39,1,1,,76615
77753,36,,2,,76616
77754,36,,1,,76617
77755,36,,1,,76618
77756,36,,1,,76619
77757,36,,1,,76620
77758,39,1,1,,76621
77759,36,,1,,76622
77760,39,1,1,,76623
77761,39,1,1,,76624
77762,23,5,1,,76625
77763,39,3,1,,76626
77764,39,1,2,,76627
77765,39,3,1,,76628
77766,39,1,2,,76629
77767,39,1,1,,76630
77768,39,1,1,,76631
77769,23,7,1,,76632
77770,39,1,2,,76633
77771,23,7,1,,76634
77772,39,1,1,,76635
77773,39,1,1,,76636
77774,39,1,2,,76637
77775,23,7,1,,76637
77776,39,1,1,,76638
77777,23,5,1,,76639
77778,39,1,1,,76640
77779,23,7,2,,76641
77780,39,1,1,,76641
77781,39,1,1,,76642
77782,23,7,2,,76642
77783,39,1,2,,76643
77784,39,1,1,,76644
77785,39,1,1,,76645
77786,39,1,2,,76646
77787,39,1,1,,76647
77788,39,1,1,,76648
77789,39,1,1,,76649
77790,39,1,1,,76650
77791,39,1,1,,76651
77792,39,1,1,,76652
77793,39,1,1,,76653
77794,39,1,1,,76654
77795,39,1,1,,76655
77796,39,1,1,,76656
77797,39,1,1,,76657
77798,23,7,1,,76657
77799,39,1,1,,76658
77800,23,7,1,,76658
77801,23,7,1,,76659
77802,39,1,2,,76660
77803,39,1,1,,76661
77804,39,1,1,,76662
77805,39,1,1,,76663
77806,39,1,1,,76664
77807,39,1,1,,76665
77808,23,7,1,,76665
77809,39,1,1,,76666
77810,23,7,1,,76666
77811,39,1,2,,76667
77812,39,1,2,,76668
77813,39,1,1,,76669
77814,39,1,1,,76670
77815,39,1,1,,76671
77816,39,1,2,,76672
77817,23,7,1,,76673
77818,39,1,1,,76674
77819,39,1,2,,76675
77820,39,1,1,,76676
77821,60,,1,,76677
77822,39,1,1,,76678
77823,39,1,1,,76679
77824,39,1,1,,76680
77825,39,1,1,,76681
77826,39,1,1,,76682
77827,39,3,1,,76683
77828,60,,1,,76684
77829,39,1,2,,76685
77830,39,1,2,,76686
77831,39,1,1,,76687
77832,39,1,1,,76688
77833,39,1,3,,76689
77834,23,7,1,,76690
77835,39,1,1,,76691
77836,60,,1,,76692
77837,60,,1,,76693
77838,39,1,1,,76694
77839,39,1,1,,76695
77840,39,1,2,,76696
77841,23,5,1,,76697
77842,39,1,1,,76698
77843,39,1,1,,76699
77844,39,1,2,,76700
77845,23,7,1,,76700
77846,39,1,2,,76701
77847,39,1,1,,76702
77848,39,1,1,,76703
77849,39,1,1,,76704
77850,39,1,1,,76705
77851,23,5,1,,76705
77852,39,1,1,,76706
77853,23,7,1,,76706
77854,39,1,1,,76707
77855,39,1,1,,76708
77856,39,1,1,,76709
77857,39,1,2,,76710
77858,23,5,1,,76711
77859,39,1,2,,76712
77860,39,1,1,,76713
77861,23,5,1,,76714
77862,39,1,2,,76715
77863,39,1,1,,76716
77864,60,,1,,76717
77865,39,1,1,,76718
77866,23,5,1,,76719
77867,39,1,2,,76720
77868,60,,1,,76721
77869,39,1,2,,76722
77870,39,1,2,,76723
77871,39,1,2,,76724
77872,39,1,2,,76725
77873,39,1,1,,76726
77874,39,1,2,,76727
77875,23,7,2,,76727
77876,39,1,1,,76728
77877,39,1,2,,76729
77878,23,7,1,,76729
77879,39,1,1,,76730
77880,39,1,1,,76731
77881,39,1,1,,76732
77882,39,1,1,,76733
77883,39,1,1,,76734
77884,39,1,1,,76735
77885,23,5,1,,76735
77886,39,1,1,,76736
77887,39,1,1,,76737
77888,39,1,1,,76738
77889,39,1,1,,76739
77890,39,1,1,,76740
77891,23,7,1,,76740
77892,39,1,1,,76741
77893,39,1,1,,76742
77894,39,1,1,,76743
77895,60,1,1,,76744
77896,39,1,1,,76745
77897,39,1,1,,76746
77898,39,1,1,,76747
77899,23,7,1,,76748
77900,39,1,1,,76749
77901,23,7,1,,76749
77902,39,1,1,,76750
77903,23,7,1,,76750
77904,39,1,1,,76751
77905,39,1,2,,76752
77906,39,1,2,,76753
77907,23,5,1,,76754
77908,39,1,1,,76755
77909,39,1,1,,76756
77910,39,1,2,,76757
77911,39,1,2,,76758
77912,39,1,1,,76759
77913,23,5,1,,76759
77914,39,1,1,,76760
77915,39,1,1,,76761
77916,39,1,2,,76762
77917,39,1,2,,76763
77918,39,1,1,,76764
77919,39,1,2,,76765
77920,39,1,2,,76766
77921,60,,1,,76767
77922,39,1,1,,76768
77923,39,1,1,,76769
77924,39,1,1,,76770
77925,39,1,1,,76771
77926,39,1,1,,76772
77927,39,1,1,,76773
77928,39,1,1,,76774
77929,39,1,2,,76775
77930,39,1,2,,76776
77931,23,7,1,,76777
77932,39,1,1,,76778
77933,39,1,2,,76779
77934,39,1,1,,76780
77935,39,1,2,,76781
77936,39,1,1,,76782
77937,39,1,2,,76783
77938,39,1,1,,76784
77939,39,1,2,,76785
77940,39,1,2,,76786
77941,39,1,1,,76787
77942,39,1,2,,76788
77943,23,7,1,,76789
77944,39,1,1,,76790
77945,39,1,1,,76791
77946,39,1,1,,76792
77947,39,1,1,,76793
77948,39,1,1,,76794
77949,23,7,1,,76794
77950,39,1,1,,76795
77951,39,1,1,,76796
77952,39,1,1,,76797
77953,39,1,1,,76798
77954,39,1,1,,76799
77955,39,1,1,,76800
77956,23,7,1,,76800
77957,39,1,1,,76801
77958,23,7,1,,76802
77959,39,1,1,,76803
77960,39,1,2,,76804
77961,39,1,1,,76805
77962,23,7,1,,76805
77963,39,1,1,,76806
77964,39,1,2,,76807
77965,23,7,2,,76807
77966,39,1,2,,76808
77967,39,8,1,,76809
77968,23,7,1,,76809
77969,39,1,1,,76810
77970,39,1,1,,76811
77971,39,1,2,,76812
77972,39,1,2,,76813
77973,39,1,2,,76814
77974,39,1,3,,76815
77975,39,1,2,,76816
77976,23,7,2,,76816
77977,39,1,2,,76817
77978,39,1,1,,76818
77979,39,1,1,,76819
77980,39,1,2,,76820
77981,39,1,1,,76821
77982,23,5,1,,76822
77983,39,1,2,,76823
77984,39,1,1,,76824
77985,23,7,1,,76824
77986,39,1,1,,76825
77987,39,3,1,,76826
77988,39,1,1,,76827
77989,39,1,2,,76828
77990,39,1,2,,76829
77991,60,,1,,76830
77992,39,1,1,,76831
77993,39,1,2,,76832
77994,39,1,1,,76833
77995,22,,1,,76834
77996,39,1,1,,76835
77997,39,1,1,,76836
77998,39,1,1,,76837
77999,39,1,2,,76838
78000,39,1,1,,76839
78001,39,3,1,,76840
78002,39,1,1,,76841
78004,23,7,1,,76841
78005,39,1,1,,76842
78006,23,5,1,,76843
78007,39,1,1,,76844
78008,39,1,2,,76845
78009,39,1,1,,76846
78011,23,5,1,,76846
78012,39,1,1,,76847
78013,39,1,1,,76848
78014,24,,1,,76848
78015,39,1,2,,76849
78016,39,3,1,,76850
78017,39,1,2,,76851
78018,23,7,1,,76851
78019,39,1,1,,76852
78020,23,5,1,,76853
78021,39,4,1,,76854
78022,39,1,1,,76855
78023,39,1,1,,76856
78024,23,7,1,,76856
78025,39,1,2,,76857
78026,39,1,3,,76858
78027,39,1,2,,76859
78028,39,1,2,,76860
78029,39,1,1,,76861
78030,39,1,2,,76862
78031,39,1,1,,76863
78032,39,1,2,,76864
78033,39,1,1,,76865
78034,39,1,2,,76866
78035,39,1,2,,76867
78036,39,1,1,,76868
78037,39,1,1,,76869
78038,39,1,1,,76870
78039,39,1,1,,76871
78040,23,7,1,,76871
78041,39,1,1,,76872
78042,23,7,1,,76872
78043,23,5,1,,76873
78044,39,1,1,,76874
78045,39,1,1,,76875
78046,39,1,1,,76876
78047,23,5,1,,76876
78048,23,7,1,,76877
78049,39,1,1,,76878
78050,39,1,1,,76879
78051,39,1,1,,76880
78052,39,1,1,,76881
78053,39,1,1,,76882
78054,39,1,1,,76883
78055,39,1,1,,76884
78056,23,5,1,,76884
78057,60,,1,,76885
78058,39,1,1,,76886
78059,39,1,1,,76887
78060,39,1,1,,76888
78061,23,7,2,,76889
78062,39,1,1,,76890
78063,39,3,1,,76891
78064,39,3,1,,76892
78065,39,1,1,,76893
78066,39,1,1,,76894
78067,39,1,1,,76895
78068,39,1,1,,76896
78069,39,1,3,,76897
78070,39,1,3,,76898
78071,39,1,2,,76899
78072,39,1,1,,76900
78073,60,,1,,76901
78074,23,7,1,,76902
78075,39,1,1,,76903
78076,39,1,1,,76904
78077,39,1,1,,76905
78078,39,1,1,,76906
78079,39,3,1,,76907
78080,39,1,1,,76908
78081,39,1,2,,76909
78082,39,1,2,,76910
78083,39,1,1,,76911
78084,39,1,1,,76912
78085,39,1,2,,76913
78086,39,1,2,,76914
78087,39,1,1,,76915
78088,39,1,1,,76916
78089,23,7,1,,76916
78090,39,1,1,,76917
78091,39,1,1,,76918
78092,60,,1,,76919
78093,39,1,1,,76920
78094,39,1,1,,76921
78095,39,1,2,,76922
78096,39,1,2,,76923
78097,39,1,2,,76924
78098,39,1,1,,76925
78099,39,1,2,,76926
78100,39,1,1,,76927
78101,39,1,1,,76928
78102,39,1,1,,76929
78103,23,7,1,,76929
78104,39,1,1,,76930
78105,39,3,1,,76931
78106,39,1,1,,76932
78107,23,5,1,,76932
78108,39,1,1,,76933
78109,23,5,1,,76934
78110,39,1,1,,76935
78111,23,7,1,,76935
78112,39,1,2,,76936
78113,39,1,1,,76937
78114,23,7,1,,76937
78115,39,1,1,,76938
78116,39,1,1,,76939
78117,39,1,1,,76940
78118,39,1,1,,76941
78119,23,7,1,,76942
78120,39,1,1,,76943
78121,39,1,1,,76944
78122,39,1,2,,76945
78123,39,1,1,,76946
78124,39,1,1,,76947
78125,39,1,1,,76948
78126,39,1,1,,76949
78127,60,,1,,76950
78128,39,1,1,,76951
78129,39,3,1,,76952
78130,39,1,1,,76953
78131,39,1,1,,76954
78132,23,7,1,,76955
78133,39,1,1,,76956
78134,39,1,1,,76957
78135,39,1,1,,76958
78136,39,1,1,,76959
78137,39,1,1,,76960
78139,23,7,1,,76960
78140,23,5,1,,76961
78141,39,1,1,,76962
78142,39,1,1,,76963
78143,39,1,1,,76964
78144,39,1,1,,76965
78145,39,1,1,,76966
78146,39,1,2,,76967
78147,39,1,2,,76968
78148,39,1,2,,76969
78149,39,1,2,,76970
78150,39,3,1,,76971
78151,39,1,3,,76972
78152,39,1,1,,76973
78153,60,,1,,76974
78154,39,1,1,,76975
78155,39,1,1,,76976
78156,60,,1,,76977
78157,39,1,2,,76978
78158,39,1,2,,76979
78159,11,,1,,76980
78160,60,,1,,76981
78161,39,1,1,,76982
78162,39,1,1,,76983
78163,39,1,1,,76984
78164,39,1,1,,76985
78165,39,3,1,,76986
78166,39,1,2,,76987
78167,39,1,1,,76988
78168,39,1,2,,76989
78169,39,1,1,,76990
78170,39,1,2,,76991
78171,39,1,1,,76992
78172,39,1,1,,76993
78173,23,7,1,,76994
78174,39,1,1,,76995
78175,39,1,2,,76996
78176,39,1,1,,76997
78177,39,1,1,,76998
78178,39,1,1,,76999
78179,23,7,1,,76999
78180,39,1,2,,77000
78181,39,1,1,,77001
78182,39,1,2,,77002
78183,39,1,1,,77003
78184,39,1,1,,77004
78185,39,1,1,,77005
78186,39,1,1,,77006
78187,39,1,2,,77007
78188,39,1,3,,77008
78189,39,1,3,,77009
78190,39,1,1,,77010
78191,39,1,1,,77011
78192,39,1,1,,77012
78193,23,7,1,,77012
78194,39,1,2,,77013
78195,39,1,2,,77014
78196,39,1,1,,77015
78197,39,1,1,,77016
78198,23,7,2,,77016
78199,39,1,1,,77017
78200,39,1,1,,77018
78201,39,1,1,,77019
78202,39,1,2,,77020
78203,39,1,1,,77021
78204,23,7,2,,77021
78205,39,1,2,,77022
78206,39,1,1,,77023
78207,39,1,3,,77024
78208,39,1,1,,77025
78209,39,1,3,,77026
78210,39,1,3,,77027
78211,60,,1,,77028
78212,39,1,4,,77029
78213,39,1,1,,77030
78214,23,7,1,,77030
78215,39,1,2,,77031
78216,23,5,1,,77031
78217,39,1,1,,77032
78218,39,1,1,,77033
78219,39,1,1,,77034
78220,39,3,1,,77035
78221,39,1,2,,77036
78222,60,,1,,77037
78223,39,1,2,,77038
78224,23,5,1,,77039
78225,23,5,1,,77040
78226,39,1,1,,77041
78227,39,3,1,,77042
78228,23,5,1,,77043
78229,23,5,1,,77044
78230,39,1,1,,77045
78231,39,1,1,,77046
78232,39,1,1,,77047
78233,39,1,2,,77048
78234,39,1,1,,77049
78235,39,1,1,,77050
78236,39,3,1,,77051
78237,23,5,1,,77052
78238,39,1,1,,77053
78239,39,1,1,,77054
78240,39,1,1,,77055
78241,39,1,1,,77056
78243,23,5,1,,77056
78244,39,1,1,,77057
78245,39,1,1,,77058
78246,39,1,1,,77059
78247,39,1,1,,77060
78248,39,1,2,,77061
78249,39,1,1,,77062
78251,23,7,1,,77062
78252,39,1,1,,77063
78253,39,1,2,,77064
78254,39,1,4,,77065
78255,39,1,1,,77066
78256,39,1,1,,77067
78257,23,5,1,,77067
78258,39,1,1,,77068
78259,39,1,1,,77069
78260,39,1,1,,77070
78261,39,3,1,,77071
78262,39,1,1,,77072
78263,39,1,1,,77073
78264,39,1,1,,77074
78265,39,1,1,,77075
78266,23,7,2,,77075
78267,39,1,2,,77076
78268,39,1,2,,77077
78269,23,7,1,,77077
78270,39,1,1,,77078
78271,39,1,1,,77079
78272,39,1,1,,77080
78273,39,1,1,,77081
78274,39,1,2,,77082
78275,39,1,1,,77083
78276,39,1,1,,77084
78277,23,7,1,,77084
78278,23,5,1,,77085
78279,39,1,1,,77086
78280,39,1,1,,77087
78281,39,1,1,,77088
78282,23,7,2,,77088
78283,39,1,1,,77089
78284,39,1,1,,77090
78285,39,3,1,,77091
78286,39,3,1,,77092
78287,39,1,1,,77093
78288,39,1,1,,77094
78289,39,1,1,,77095
78290,39,1,1,,77096
78291,39,1,1,,77097
78292,39,1,1,,77098
78293,39,1,1,,77099
78294,39,1,1,,77100
78295,23,7,1,,77100
78296,23,5,1,,77101
78297,39,3,1,,77102
78298,39,1,1,,77103
78299,39,1,1,,77104
78300,23,5,1,,77105
78301,39,1,2,,77106
78302,39,1,1,,77107
78303,39,1,1,,77108
78304,39,1,1,,77109
78305,23,5,1,,77109
78306,36,,1,,77110
78307,39,3,1,,77111
78308,39,1,1,,77112
78309,39,1,1,,77113
78310,39,1,1,,77114
78311,39,1,1,,77115
78312,39,1,1,,77116
78313,39,1,1,,77117
78314,39,1,2,,77118
78315,39,1,1,,77119
78316,39,1,2,,77120
78317,39,1,1,,77121
78318,39,1,1,,77122
78319,39,1,1,,77123
78320,39,1,1,,77124
78321,23,5,1,,77124
78322,39,1,2,,77125
78323,39,1,2,,77126
78324,39,3,1,,77127
78325,39,6,1,,77128
78326,39,6,1,,77129
78327,39,6,1,,77130
78328,11,,1,,77131
78329,39,6,1,,77132
78330,60,,1,,77133
78331,36,,1,,77134
78332,36,,1,,77135
78333,36,,1,,77136
78334,60,,1,,77137
78335,60,,1,,77138
78336,60,,1,,77139
78337,60,,1,,77140
78338,60,,1,,77141
78339,60,,1,,77142
78340,60,,1,,77143
78341,60,,1,,77144
78342,60,,1,,77145
78343,60,,1,,77146
78344,60,,1,,77147
78345,60,,1,,77148
78346,60,,1,,77149
78347,60,,1,,77150
78348,60,,1,,77151
78349,60,,1,,77152
78350,60,,1,,77153
78351,60,,1,,77154
78352,60,,1,,77155
78353,36,,1,,77156
78354,60,,1,,77157
78355,60,,1,,77158
78356,36,,1,,77159
78357,60,,1,,77160
78358,60,,1,,77161
78359,60,,1,,77162
78360,60,,1,,77163
78361,60,,1,,77164
78362,60,,1,,77165
78363,60,,1,,77166
78364,60,,1,,77167
78365,55,,1,,77168
78366,60,,1,,77169
78367,60,,1,,77170
78368,60,,1,,77171
78369,60,,1,,77172
78370,60,,1,,77173
78371,60,,1,,77174
78372,60,,1,,77175
78373,60,,1,,77176
78374,60,,1,,77177
78375,60,,1,,77178
78376,60,,1,,77179
78377,60,,1,,77180
78378,60,,1,,77181
78379,60,,1,,77182
78380,60,,1,,77183
78381,60,,1,,77184
78382,60,,1,,77185
78383,60,,1,,77186
78384,60,,1,,77187
78385,60,,1,,77188
78386,60,,1,,77189
78387,60,,1,,77190
78388,60,,1,,77191
78389,60,,1,,77192
78390,60,,1,,77193
78391,60,,1,,77194
78392,60,,1,,77195
78393,60,,1,,77196
78394,60,,1,,77197
78395,60,,1,,77198
78396,60,,1,,77199
78397,60,,1,,77200
78398,60,,1,,77201
78399,60,,1,,77202
78400,60,,1,,77203
78401,60,,1,,77204
78402,60,,1,,77205
78403,60,,1,,77206
78404,60,,1,,77207
78405,60,,1,,77208
78406,60,,1,,77209
78407,60,,1,,77210
78408,60,,1,,77211
78409,60,,1,,77212
78410,60,,1,,77213
78411,60,,1,,77214
78412,60,,1,,77215
78413,60,,1,,77216
78414,60,,1,,77217
78415,60,,1,,77218
78416,60,,1,,77219
78417,60,,1,,77220
78418,60,,1,,77221
78419,60,,1,,77222
78420,60,,1,,77223
78421,60,,1,,77224
78422,60,,1,,77225
78423,60,,1,,77226
78424,60,,1,,77227
78425,60,,1,,77228
78426,60,,1,,77229
78427,60,,1,,77230
78428,60,,1,,77231
78429,60,,1,,77232
78430,60,,1,,77233
78431,60,,1,,77234
78432,39,6,1,,77235
78433,60,,1,,77236
78434,60,,1,,77237
78435,39,6,1,,77238
78436,39,6,1,,77239
78437,39,6,1,,77240
78438,36,,1,,77241
78439,36,,1,,77242
78440,36,,1,,77243
78441,50,,1,,77244
78442,36,,1,,77245
78443,36,,1,,77246
78444,21,,1,,77247
78445,36,,1,,77248
78446,36,,1,,77249
78447,36,,1,,77250
78448,36,,1,,77251
78449,36,,1,,77252
78450,36,,1,,77253
78451,36,,1,,77254
78452,36,,1,,77255
78453,36,,2,,77256
78454,36,,2,,77257
78455,36,,2,,77258
78456,36,,1,,77259
78457,36,,1,,77260
78458,36,,1,,77261
78459,36,,1,,77262
78460,36,,1,,77263
78461,36,,1,,77264
78462,39,6,1,,77265
78463,39,6,1,,77266
78464,39,6,1,,77267
78465,39,6,1,,77268
78466,39,6,1,,77269
78467,36,,1,,77270
78468,36,,1,,77271
78469,66,,1,,77272
78470,36,,1,,77273
78471,36,,1,,77274
78472,36,,1,,77275
78473,36,,1,,77276
78474,60,,1,,77277
78475,60,,1,,77278
78476,11,,1,,77279
78477,60,,1,,77280
78478,60,,1,,77281
78479,60,,1,,77282
78480,60,,1,,77283
78481,60,,1,,77284
78482,60,,1,,77285
78483,60,,1,,77286
78484,60,,1,,77287
78485,60,,1,,77288
78486,11,,1,,77289
78487,60,,1,,77290
78488,39,6,1,,77291
78489,39,6,1,,77292
78490,39,6,1,,77293
78491,60,,1,,77294
78492,36,,1,,77295
78493,36,,1,,77296
78494,59,,3,,77297
78495,59,,3,,77298
78496,36,,1,,77299
78497,36,,1,,77300
78498,36,,1,,77301
78499,36,,1,,77302
78500,36,,1,,77303
78501,36,,1,,77304
78502,36,,1,,77305
78503,36,,1,,77306
78504,36,,3,,77307
78505,36,,1,,77308
78506,36,,1,,77309
78507,60,,1,,77310
78508,36,,1,,77311
78509,36,,1,,77312
78510,36,,5,,77313
78511,36,,4,,77314
78512,36,,1,,77315
78513,36,,1,,77316
78514,36,,3,,77317
78515,36,,1,,77318
78516,36,,1,,77319
78517,36,,1,,77320
78518,36,,1,,77321
78519,36,,1,,77322
78520,36,,1,,77323
78521,36,,1,,77324
78522,36,,1,,77325
78523,36,,1,,77326
78524,36,,3,,77327
78525,36,,2,,77328
78526,36,,1,,77329
78527,36,,1,,77330
78528,36,,2,,77331
78529,36,,1,,77332
78530,36,,1,,77333
78531,36,,1,,77334
78532,36,,1,,77335
78533,36,,1,,77336
78534,39,6,1,,77337
78535,39,6,1,,77338
78536,39,6,1,,77339
78537,39,6,1,,77340
78538,39,6,1,,77341
78539,39,6,1,,77342
78540,39,6,3,,77343
78541,39,6,3,,77344
78542,39,6,2,,77345
78543,39,6,2,,77346
78544,39,6,1,,77347
78545,39,6,2,,77348
78546,39,6,2,,77349
78547,60,,1,,77350
78548,11,,1,,77351
78549,11,,1,,77352
78550,39,6,1,,77353
78551,39,6,1,,77354
78552,39,6,1,,77355
78553,39,6,1,,77356
78554,39,6,2,,77357
78555,39,6,2,,77358
78556,36,,1,,77359
78557,36,,1,,77360
78558,36,,1,,77361
78559,36,,1,,77362
78560,36,,1,,77363
78561,36,,1,,77364
78562,36,,3,,77365
78563,60,,1,,77366
78564,39,6,1,,77367
78565,39,6,2,,77368
78566,39,6,1,,77369
78567,39,6,1,,77370
78568,39,6,1,,77371
78569,39,6,2,,77372
78570,39,6,3,,77373
78571,39,6,3,,77374
78572,39,6,1,,77375
78573,22,,1,,77376
78574,60,,1,,77377
78575,60,,1,,77378
78576,60,,1,,77379
78577,60,,1,,77380
78578,60,,1,,77381
78579,60,,1,,77382
78580,60,,1,,77383
78581,60,,1,,77384
78582,60,,1,,77385
78583,60,,1,,77386
78584,60,,1,,77387
78585,60,,1,,77388
78586,60,,1,,77389
78587,60,,1,,77390
78588,60,,1,,77391
78589,60,,1,,77392
78590,60,,1,,77393
78591,60,,1,,77394
78592,60,,1,,77395
78593,60,,1,,77396
78594,60,,1,,77397
78595,60,,1,,77398
78596,60,,1,,77399
78597,60,,1,,77400
78598,60,,1,,77401
78599,60,,1,,77402
78600,60,,1,,77403
78601,60,,1,,77404
78602,60,,1,,77405
78603,60,,1,,77406
78604,60,,1,,77407
78605,60,,1,,77408
78606,60,,1,,77409
78607,60,,1,,77410
78608,60,,1,,77411
78609,60,,1,,77412
78610,60,,1,,77413
78611,60,,1,,77414
78612,60,,1,,77415
78613,60,,1,,77416
78614,60,,1,,77417
78615,60,,1,,77418
78616,60,,1,,77419
78617,60,,1,,77420
78618,60,,1,,77421
78619,60,,1,,77422
78620,60,,1,,77423
78621,60,,1,,77424
78622,60,,1,,77425
78623,60,,1,,77426
78624,60,,1,,77427
78625,60,,1,,77428
78626,60,,1,,77429
78627,60,,1,,77430
78628,60,,1,,77431
78629,60,,1,,77432
78630,60,,1,,77433
78631,60,,1,,77434
78632,60,,1,,77435
78633,22,,3,,77436
78634,13,,1,,77437
78635,60,,1,,77438
78636,60,,1,,77439
78637,60,,1,,77440
78638,60,,1,,77441
78639,60,,1,,77442
78640,60,,1,,77443
78641,60,,1,,77444
78642,60,,1,,77445
78643,60,,1,,77446
78644,60,,1,,77447
78645,39,6,1,,77448
78646,39,6,1,,77449
78647,39,6,3,,77450
78648,39,6,3,,77451
78649,39,6,3,,77452
78650,39,6,3,,77453
78651,39,6,3,,77454
78652,39,6,1,,77455
78653,39,1,1,,77456
78654,39,6,3,,77457
78655,39,6,3,,77458
78656,39,6,3,,77459
78657,39,6,3,,77460
78658,39,6,3,,77461
78659,39,6,1,,77462
78660,39,6,1,,77463
78661,60,,1,,77464
78662,36,,1,,76144
78663,39,6,1,,77465
78664,39,6,1,,77466
78665,39,6,1,,77467
78666,39,6,1,,77468
78667,39,6,1,,77469
78668,39,6,1,,77470
78669,39,6,1,,77471
78670,39,6,1,,77472
78671,39,6,1,,77473
78672,59,,1,,77474
78673,59,,1,,77475
78674,59,,1,,77476
78675,36,,1,,77477
78676,36,,1,,77478
78677,50,,1,,77479
78678,36,,1,,77480
78679,50,,1,,77481
78680,55,,1,,77482
78681,36,,1,,77483
78682,36,,1,,77484
78683,59,,2,,77485
78684,59,,1,,77486
78685,36,,2,,77487
78686,36,,1,,77488
78687,36,,1,,77489
78688,36,,1,,77490
78689,36,,2,,77491
78690,39,6,3,,77492
78691,39,6,2,,77493
78692,39,6,1,,77494
78693,39,6,1,,77495
78694,39,6,1,,77496
78695,39,6,1,,77497
78696,39,6,2,,77498
78697,39,6,1,,77499
78698,39,6,1,,77500
78699,39,6,1,,77501
78700,39,6,1,,77502
78701,39,6,1,,77503
78702,39,6,1,,77504
78703,39,1,1,,77505
78704,23,5,1,,77505
78705,39,1,1,,77506
78706,23,7,1,,77506
78707,39,1,2,,77507
78708,23,7,1,,77507
78709,23,7,2,,77508
78710,39,1,1,,77509
78711,39,1,2,,77510
78712,39,1,2,,77511
78713,39,1,2,,77512
78714,23,7,1,,77512
78715,39,1,1,,77513
78716,39,1,2,,77514
78717,23,7,1,,77514
78718,55,,1,,77515
78719,39,1,3,,77516
78720,23,7,2,,77516
78721,39,1,1,,77517
78722,39,4,1,,77518
78723,39,1,1,,77519
78724,23,7,1,,77519
78725,39,1,1,,77520
78726,39,1,1,,77521
78727,23,7,1,,77521
78728,39,3,1,,77522
78729,36,,1,,77523
78730,39,1,1,,77524
78731,36,,1,,77525
78732,23,5,1,,77526
78733,39,1,1,,77527
78734,23,5,1,,77528
78735,39,1,1,,77529
78736,23,7,1,,77529
78737,39,1,2,,77530
78738,23,7,2,,77530
78739,39,3,1,,77531
78740,39,3,1,,77532
78741,39,1,1,,77533
78742,23,7,2,,77534
78743,39,3,1,,77535
78744,39,1,1,,77536
78745,23,5,1,,77536
78746,39,1,1,,77537
78747,39,1,1,,77538
78748,23,7,1,,77538
78749,39,1,2,,77539
78750,23,7,1,,77539
78751,39,3,1,,77540
78752,23,5,1,,77541
78753,39,1,1,,77542
78754,23,5,1,,77542
78755,39,3,1,,77543
78756,39,3,1,,77544
78757,23,5,1,,77545
78758,39,1,1,,77546
78759,23,7,3,,77546
78760,39,1,1,,77547
78761,23,7,1,,77547
78762,39,1,1,,77548
78763,39,1,1,,77549
78764,23,7,1,,77549
78765,39,1,1,,77550
78766,36,,1,,77551
78767,36,,3,,77552
78768,36,,1,,77553
78769,36,,2,,77554
78770,39,1,1,,77555
78771,23,5,1,,77555
78772,39,3,1,,77556
78773,39,1,2,,77557
78774,23,5,1,,77557
78775,39,1,2,,77558
78776,23,7,1,,77558
78777,23,5,1,,77559
78778,39,1,1,,77560
78779,39,1,1,,77561
78780,39,1,1,,77562
78781,39,3,1,,77563
78782,23,5,1,,77564
78783,39,6,1,,77565
78784,39,6,2,,77566
78785,39,6,1,,77567
78786,39,6,1,,77568
78787,39,6,1,,77569
78788,39,6,2,,77570
78789,39,6,1,,77571
78790,60,,1,,77572
78791,39,6,2,,77573
78792,60,,1,,77574
78793,60,,1,,77575
78794,60,,1,,77576
78795,60,,1,,77577
78796,60,,1,,77578
78797,60,,1,,77579
78798,60,,1,,77580
78799,60,,1,,77581
78800,60,,1,,77582
78801,60,,1,,77583
78802,60,,1,,77584
78803,60,,1,,77585
78804,60,,1,,77586
78805,60,,1,,77587
78806,60,,1,,77588
78807,60,,1,,77589
78808,60,,1,,77590
78809,60,,1,,77591
78810,60,,1,,77592
78811,60,,1,,77593
78812,60,,1,,77594
78813,60,,1,,77595
78814,60,,1,,77596
78815,60,,1,,77597
78816,60,,1,,77598
78817,60,,1,,77599
78818,60,,1,,77600
78819,60,,1,,77601
78820,60,,1,,77602
78821,60,,1,,77603
78822,60,,1,,77604
78823,60,,1,,77605
78824,60,,1,,77606
78825,60,,1,,77607
78826,60,,1,,77608
78827,60,,1,,77609
78828,60,,1,,77610
78829,60,,1,,77611
78830,60,,1,,77612
78831,60,,1,,77613
78832,60,,1,,77614
78833,60,,1,,77615
78834,60,,1,,77616
78835,60,,1,,77617
78836,60,,1,,77618
78837,60,,1,,77619
78838,60,,1,,77620
78839,60,,1,,77621
78840,60,,1,,77622
78841,60,,1,,77623
78842,60,,1,,77624
78843,60,,1,,77625
78844,60,,1,,77626
78845,60,,1,,77627
78846,60,,1,,77628
78847,60,,1,,77629
78848,60,,1,,77630
78849,60,,1,,77631
78850,60,,1,,77632
78851,60,,1,,77633
78852,60,,1,,77634
78853,60,,1,,77635
78854,60,,1,,77636
78855,60,,1,,77637
78856,60,,1,,77638
78857,60,,1,,77639
78858,60,,1,,77640
78859,60,,1,,77641
78860,60,,1,,77642
78861,60,,1,,77643
78862,60,,1,,77644
78863,60,,1,,77645
78864,60,,1,,77646
78865,60,,1,,77647
78866,60,,1,,77648
78867,60,,1,,77649
78868,60,,1,,77650
78869,60,,1,,77651
78870,60,,1,,77652
78871,60,,1,,77653
78872,60,,1,,77654
78873,60,,1,,77655
78874,60,,1,,77656
78875,60,,1,,77657
78876,60,,1,,77658
78877,60,,1,,77659
78878,60,,1,,77660
78879,60,,1,,77661
78880,60,,1,,77662
78881,60,,1,,77663
78882,60,,1,,77664
78883,60,,1,,77665
78884,60,,1,,77666
78885,60,,1,,77667
78886,60,,1,,77668
78887,60,,1,,77669
78888,60,,1,,77670
78889,60,,1,,77671
78890,60,,1,,77672
78891,60,,1,,77673
78892,60,,1,,77674
78893,60,,1,,77675
78894,60,,1,,77676
78895,60,,1,,77677
78896,60,,1,,77678
78897,60,,1,,77679
78898,60,,1,,77680
78899,60,,1,,77681
78900,60,,1,,77682
78901,60,,1,,77683
78902,60,,1,,77684
78903,60,,1,,77685
78904,60,,1,,77686
78905,60,,1,,77687
78906,60,,1,,77688
78907,60,,1,,77689
78908,60,,1,,77690
78909,60,,1,,77691
78910,60,,1,,77692
78911,60,,1,,77693
78912,60,,1,,77694
78913,60,,1,,77695
78914,60,,1,,77696
78915,60,,1,,77697
78916,60,,1,,77698
78917,60,,1,,77699
78918,60,,1,,77700
78919,60,,1,,77701
78920,60,,1,,77702
78921,60,,1,,77703
78922,60,,1,,77704
78923,60,,1,,77705
78924,60,,1,,77706
78925,60,,1,,77707
78926,60,,1,,77708
78927,60,,1,,77709
78928,60,,1,,77710
78929,60,,1,,77711
78930,60,,1,,77712
78931,60,,1,,77713
78932,60,,1,,77714
78933,60,,1,,77715
78934,60,,1,,77716
78935,60,,1,,77717
78936,60,,1,,77718
78937,60,,1,,77719
78938,60,,1,,77720
78939,60,,1,,77721
78940,60,,1,,77722
78941,60,,1,,77723
78942,60,,1,,77724
78943,60,,1,,77725
78944,60,,1,,77726
78945,60,,1,,77727
78946,60,,1,,77728
78947,60,,1,,77729
78948,60,,1,,77730
78949,60,,1,,77731
78950,60,,1,,77732
78951,60,,1,,77733
78952,60,,1,,77734
78953,60,,1,,77735
78954,60,,1,,77736
78955,60,,1,,77737
78956,60,,1,,77738
78957,60,,1,,77739
78958,60,,1,,77740
78959,60,,1,,77741
78960,60,,1,,77742
78961,60,,1,,77743
78962,60,,1,,77744
78963,60,,1,,77745
78964,60,,1,,77746
78965,60,,1,,77747
78966,60,,1,,77748
78967,60,,1,,77749
78968,60,,1,,77750
78969,60,,1,,77751
78970,60,,1,,77752
78971,60,,1,,77753
78972,60,,1,,77754
78973,60,,1,,77755
78974,60,,1,,77756
78975,60,,1,,77757
78976,60,,1,,77758
78977,60,,1,,77759
78978,60,,1,,77760
78979,60,,1,,77761
78980,60,,1,,77762
78981,60,,1,,77763
78982,60,,1,,77764
78983,60,,1,,77765
78984,60,,1,,77766
78985,60,,1,,77767
78986,60,,1,,77768
78987,60,,1,,77769
78988,60,,1,,77770
78989,60,,1,,77771
78990,60,,1,,77772
78991,60,,1,,77773
78992,60,,1,,77774
78993,60,,1,,77775
78994,60,,1,,77776
78995,60,,1,,77777
78996,60,,1,,77778
78997,60,,1,,77779
78998,60,,1,,77780
78999,60,,1,,77781
79000,60,,1,,77782
79001,60,,1,,77783
79002,60,,1,,77784
79003,60,,1,,77785
79004,60,,1,,77786
79005,60,,1,,77787
79006,60,,1,,77788
79007,60,,1,,77789
79008,60,,1,,77790
79009,60,,1,,77791
79010,60,,1,,77792
79011,60,,1,,77793
79012,60,,1,,77794
79013,60,,1,,77795
79014,60,,1,,77796
79015,60,,1,,77797
79016,60,,1,,77798
79017,60,,1,,77799
79018,60,,1,,77800
79019,60,,1,,77801
79020,60,,1,,77802
79021,60,,1,,77803
79022,60,,1,,77804
79023,60,,1,,77805
79024,60,,1,,77806
79025,60,,1,,77807
79026,60,,1,,77808
79027,60,,1,,77809
79028,60,,1,,77810
79029,60,,1,,77811
79030,60,,1,,77812
79031,60,,1,,77813
79032,60,,1,,77814
79033,60,,1,,77815
79034,60,,1,,77816
79035,60,,1,,77817
79036,60,,1,,77818
79037,60,,1,,77819
79038,60,,1,,77820
79039,60,,1,,77821
79040,60,,1,,77822
79041,60,,1,,77823
79042,60,,1,,77824
79043,60,,1,,77825
79044,60,,1,,77826
79045,36,,1,,77827
79046,36,,2,,77828
79047,60,,1,,77829
79048,60,,1,,77830
79049,60,,1,,77831
79050,60,,1,,77832
79051,60,,1,,77833
79052,60,,1,,77834
79053,60,,1,,77835
79054,60,,1,,77836
79055,60,,1,,77837
79056,60,,1,,77838
79057,60,,1,,77839
79058,60,,1,,77840
79059,60,,1,,77841
79060,60,,1,,77842
79061,60,,1,,77843
79062,60,,1,,77844
79063,60,,1,,77845
79064,60,,1,,77846
79065,60,,1,,77847
79066,60,,1,,77848
79067,60,,1,,77849
79068,60,,1,,77850
79069,60,,1,,77851
79070,60,,1,,77852
79071,60,,1,,77853
79072,60,,1,,77854
79073,60,,1,,77855
79074,60,,1,,77856
79075,60,,1,,77857
79076,60,,1,,77858
79077,60,,1,,77859
79078,60,,1,,77860
79079,60,,1,,77861
79080,60,,1,,77862
79081,60,,1,,77863
79082,60,,1,,77864
79083,60,,1,,77865
79084,60,,1,,77866
79085,60,,1,,77867
79086,60,,1,,77868
79087,60,,1,,77869
79088,60,,1,,77870
79089,55,,1,,77871
79090,60,,1,,77872
79091,60,,1,,77873
79092,60,,1,,77874
79093,60,,1,,77875
79094,60,,1,,77876
79095,60,,1,,77877
79096,60,,1,,77878
79097,60,,1,,77879
79098,60,,1,,77880
79099,60,,1,,77881
79100,60,,1,,77882
79101,60,,1,,77883
79102,60,,1,,77884
79103,60,,1,,77885
79104,60,,1,,77886
79105,60,,1,,77887
79106,60,,1,,77888
79107,60,,1,,77889
79108,60,,1,,77890
79109,60,,1,,77891
79110,60,,1,,77892
79111,60,,1,,77893
79112,60,,1,,77894
79113,60,,1,,77895
79114,60,,1,,77896
79115,60,,1,,77897
79116,60,,1,,77898
79117,60,,1,,77899
79118,60,,1,,77900
79119,60,,1,,77901
79120,60,,1,,77902
79121,60,,1,,77903
79122,60,,1,,77904
79123,60,,1,,77905
79124,60,,1,,77906
79125,60,,1,,77907
79126,60,,1,,77908
79127,60,,1,,77909
79128,60,,1,,77910
79129,60,,1,,77911
79130,60,,1,,77912
79131,60,,1,,77913
79132,60,,1,,77914
79133,60,,1,,77915
79134,60,,1,,77916
79135,60,,1,,77917
79136,60,,1,,77918
79137,60,,1,,77919
79138,60,,1,,77920
79139,60,,1,,77921
79140,60,,1,,77922
79141,60,,1,,77923
79142,60,,1,,77924
79143,60,,1,,77925
79144,60,,1,,77926
79145,60,,1,,77927
79146,60,,1,,77928
79147,60,,1,,77929
79148,60,,1,,77930
79149,60,,1,,77931
79150,60,,1,,77932
79151,60,,1,,77933
79152,60,,1,,77934
79153,60,,1,,77935
79154,60,,1,,77936
79155,60,,1,,77937
79156,60,,1,,77938
79157,60,,1,,77939
79158,60,,1,,77940
79159,60,,1,,77941
79160,60,,1,,77942
79161,60,,1,,77943
79162,60,,1,,77944
79163,60,,1,,77945
79164,60,,1,,77946
79165,60,,1,,77947
79166,60,,1,,77948
79167,60,,1,,77949
79168,60,,1,,77950
79169,60,,1,,77951
79170,60,,1,,77952
79171,60,,1,,77953
79172,60,,1,,77954
79173,60,,1,,77955
79174,60,,1,,77956
79175,60,,1,,77957
79176,60,,1,,77958
79177,60,,1,,77959
79178,60,,1,,77960
79179,60,,1,,77961
79180,60,,1,,77962
79181,60,,1,,77963
79182,60,,1,,77964
79183,60,,1,,77965
79184,60,,1,,77966
79185,60,,1,,77967
79186,60,,1,,77968
79187,60,,1,,77969
79188,60,,1,,77970
79189,60,,1,,77971
79190,60,,1,,77972
79191,60,,1,,77973
79192,60,,1,,77974
79193,60,,1,,77975
79194,60,,1,,77976
79195,60,,1,,77977
79196,60,,1,,77978
79197,60,,1,,77979
79198,60,,1,,77980
79199,60,,1,,77981
79200,60,,1,,77982
79201,60,,1,,77983
79202,60,,1,,77984
79203,60,,1,,77985
79204,60,,1,,77986
79205,60,,1,,77987
79206,60,,1,,77988
79207,60,,1,,77989
79208,60,,1,,77990
79209,60,,1,,77991
79210,60,,1,,77992
79211,60,,1,,77993
79212,60,,1,,77994
79213,60,,1,,77995
79214,60,,1,,77996
79215,60,,1,,77997
79216,60,,1,,77998
79217,60,,1,,77999
79218,60,,1,,78000
79219,60,,1,,78001
79220,60,,1,,78002
79221,60,,1,,78003
79222,60,,1,,78004
79223,60,,1,,78005
79224,60,,1,,78006
79225,60,,1,,78007
79226,60,,1,,78008
79227,60,,1,,78009
79228,60,,1,,78010
79229,60,,1,,78011
79230,60,,1,,78012
79231,60,,1,,78013
79232,60,,1,,78014
79233,60,,1,,78015
79234,60,,1,,78016
79235,60,,1,,78017
79236,60,,1,,78018
79237,60,,1,,78019
79238,60,,1,,78020
79239,60,,1,,78021
79240,60,,1,,78022
79241,60,,1,,78023
79242,60,,1,,78024
79243,60,,1,,78025
79244,60,,1,,78026
79245,60,,1,,78027
79246,60,,1,,78028
79247,60,,1,,78029
79248,60,,1,,78030
79249,60,,1,,78031
79250,60,,1,,78032
79251,60,,1,,78033
79252,60,,1,,78034
79253,60,,1,,78035
79254,60,,1,,78036
79255,60,,1,,78037
79256,60,,1,,78038
79257,60,,1,,78039
79258,60,,1,,78040
79259,60,,1,,78041
79260,60,,1,,78042
79261,60,,1,,78043
79262,60,,1,,78044
79263,60,,1,,78045
79264,60,,1,,78046
79265,60,,1,,78047
79266,60,,1,,78048
79267,60,,1,,78049
79268,60,,1,,78050
79269,60,,1,,78051
79270,60,,1,,78052
79271,60,,1,,78053
79272,60,,1,,78054
79273,60,,1,,78055
79274,60,,1,,78056
79275,60,,1,,78057
79276,60,,1,,78058
79277,60,,1,,78059
79278,60,,1,,78060
79279,60,,1,,78061
79280,60,,1,,78062
79281,60,,1,,78063
79282,60,,1,,78064
79283,60,,1,,78065
79284,60,,1,,78066
79285,60,,1,,78067
79286,60,,1,,78068
79287,60,,1,,78069
79288,60,,1,,78070
79289,60,,1,,78071
79290,60,,1,,78072
79291,60,,1,,78073
79292,60,,1,,78074
79293,60,,1,,78075
79294,60,,1,,78076
79295,60,,1,,78077
79296,60,,1,,78078
79297,60,,1,,78079
79298,60,,1,,78080
79299,60,,1,,78081
79300,60,,1,,78082
79301,60,,1,,78083
79302,60,,1,,78084
79303,60,,1,,78085
79304,60,,1,,78086
79305,60,,1,,78087
79306,60,,1,,78088
79307,60,,1,,78089
79308,60,,1,,78090
79309,60,,1,,78091
79310,60,,1,,78092
79311,60,,1,,78093
79312,60,,1,,78094
79313,60,,1,,78095
79314,60,,1,,78096
79315,60,,1,,78097
79316,60,,1,,78098
79317,60,,1,,78099
79318,60,,1,,78100
79319,60,,1,,78101
79320,60,,1,,78102
79321,60,,1,,78103
79322,60,,1,,78104
79323,60,,1,,78105
79324,60,,1,,78106
79325,60,,1,,78107
79326,60,,1,,78108
79327,60,,1,,78109
79328,60,,1,,78110
79329,60,,1,,78111
79330,60,,1,,78112
79331,60,,1,,78113
79332,60,,1,,78114
79333,60,,1,,78115
79334,60,,1,,78116
79335,60,,1,,78117
79336,60,,1,,78118
79337,60,,1,,78119
79338,60,,1,,78120
79339,60,,1,,78121
79340,60,,1,,78122
79341,60,,1,,78123
79342,60,,1,,78124
79343,60,,1,,78125
79344,60,,1,,78126
79345,60,,1,,78127
79346,60,,1,,78128
79347,60,,1,,78129
79348,60,,1,,78130
79349,60,,1,,78131
79350,60,,1,,78132
79351,60,,1,,78133
79352,60,,1,,78134
79353,60,,1,,78135
79354,60,,1,,78136
79355,60,,1,,78137
79356,60,,1,,78138
79357,60,,1,,78139
79358,60,,1,,78140
79359,60,,1,,78141
79360,60,,1,,78142
79361,60,,1,,78143
79362,60,,1,,78144
79363,60,,1,,78145
79364,60,,1,,78146
79365,60,,1,,78147
79366,60,,1,,78148
79367,60,,1,,78149
79368,60,,1,,78150
79369,60,,1,,78151
79370,60,,1,,78152
79371,60,,1,,78153
79372,60,,1,,78154
79373,60,,1,,78155
79374,60,,1,,78156
79375,60,,1,,78157
79376,60,,1,,78158
79377,60,,1,,78159
79378,60,,1,,78160
79379,60,,1,,78161
79380,60,,1,,78162
79381,60,,1,,78163
79382,60,,1,,78164
79383,60,,1,,78165
79384,60,,1,,78166
79385,60,,1,,78167
79386,60,,1,,78168
79387,60,,1,,78169
79388,60,,1,,78170
79389,60,,1,,78171
79390,60,,1,,78172
79391,60,,1,,78173
79392,60,,1,,78174
79393,60,,1,,78175
79394,60,,1,,78176
79395,60,,1,,78177
79396,60,,1,,78178
79397,60,,1,,78179
79398,60,,1,,78180
79399,60,,1,,78181
79400,60,,1,,78182
79401,60,,1,,78183
79402,60,,1,,78184
79403,60,,1,,78185
79404,60,,1,,78186
79405,60,,1,,78187
79406,60,,1,,78188
79407,60,,1,,78189
79408,60,,1,,78190
79409,60,,1,,78191
79410,60,,1,,78192
79411,60,,1,,78193
79412,60,,1,,78194
79413,60,,1,,78195
79414,60,,1,,78196
79415,60,,1,,78197
79416,60,,1,,78198
79417,60,,1,,78199
79418,60,,1,,78200
79419,60,,1,,78201
79420,60,,1,,78202
79421,60,,1,,78203
79422,60,,1,,78204
79423,60,,1,,78205
79424,60,,1,,78206
79425,60,,1,,78207
79426,60,,1,,78208
79427,60,,1,,78209
79428,60,,1,,78210
79429,60,,1,,78211
79430,60,,1,,78212
79431,60,,1,,78213
79432,60,,1,,78214
79433,60,,1,,78215
79434,60,,1,,78216
79435,60,,1,,78217
79436,60,,1,,78218
79437,60,,1,,78219
79438,60,,1,,78220
79439,60,,1,,78221
79440,60,,1,,78222
79441,60,,1,,78223
79442,60,,1,,78224
79443,60,,1,,78225
79444,60,,1,,78226
79445,60,,1,,78227
79446,60,,1,,78228
79447,60,,1,,78229
79448,60,,1,,78230
79449,60,,1,,78231
79450,60,,1,,78232
79451,60,,1,,78233
79452,60,,1,,78234
79453,60,,1,,78235
79454,60,,1,,78236
79455,60,,1,,78237
79456,60,,1,,78238
79457,60,,1,,78239
79458,60,,1,,78240
79459,60,,1,,78241
79460,60,,1,,78242
79461,60,,1,,78243
79462,60,,1,,78244
79463,60,,1,,78245
79464,60,,1,,78246
79465,60,,1,,78247
79466,60,,1,,78248
79467,60,,1,,78249
79468,60,,1,,78250
79469,60,,1,,78251
79470,60,,1,,78252
79471,60,,1,,78253
79472,60,,1,,78254
79473,60,,1,,78255
79474,60,,1,,78256
79475,60,,1,,78257
79476,60,,1,,78258
79477,60,,1,,78259
79478,60,,1,,78260
79479,60,,1,,78261
79480,60,,1,,78262
79481,60,,1,,78263
79482,60,,1,,78264
79483,60,,1,,78265
79484,60,,1,,78266
79485,60,,1,,78267
79486,60,,1,,78268
79487,60,,1,,78269
79488,60,,1,,78270
79489,60,,1,,78271
79490,60,,1,,78272
79491,60,,1,,78273
79492,60,,1,,78274
79493,60,,1,,78275
79494,60,,1,,78276
79495,60,,1,,78277
79496,60,,1,,78278
79497,60,,1,,78279
79498,60,,1,,78280
79499,60,,1,,78281
79500,60,,1,,78282
79501,60,,1,,78283
79502,60,,1,,78284
79503,60,,1,,78285
79504,60,,1,,78286
79505,60,,1,,78287
79506,60,,1,,78288
79507,60,,1,,78289
79508,60,,1,,78290
79509,60,,1,,78291
79510,60,,1,,78292
79511,60,,1,,78293
79512,60,,1,,78294
79513,60,,1,,78295
79514,60,,1,,78296
79515,60,,1,,78297
79516,60,,1,,78298
79517,60,,1,,78299
79518,60,,1,,78300
79519,60,,1,,78301
79520,60,,1,,78302
79521,60,,1,,78303
79522,60,,1,,78304
79523,60,,1,,78305
79524,60,,1,,78306
79525,60,,1,,78307
79526,60,,1,,78308
79527,60,,1,,78309
79528,60,,1,,78310
79529,60,,1,,78311
79530,60,,1,,78312
79531,60,,1,,78313
79532,60,,1,,78314
79533,60,,1,,78315
79534,60,,1,,78316
79535,60,,1,,78317
79536,60,,1,,78318
79537,60,,1,,78319
79538,60,,1,,78320
79539,60,,1,,78321
79540,60,,1,,78322
79541,60,,1,,78323
79542,60,,1,,78324
79543,60,,1,,78325
79544,60,,1,,78326
79545,60,,1,,78327
79546,60,,1,,78328
79547,60,,1,,78329
79548,60,,1,,78330
79549,60,,1,,78331
79550,60,,1,,78332
79551,60,,1,,78333
79552,60,,1,,78334
79553,60,,1,,78335
79554,60,,1,,78336
79555,60,,1,,78337
79556,60,,1,,78338
79557,60,,1,,78339
79558,60,,1,,78340
79559,60,,1,,78341
79560,60,,1,,78342
79561,60,,1,,78343
79562,60,,1,,78344
79563,60,,1,,78345
79564,60,,1,,78346
79565,60,,1,,78347
79566,60,,1,,78348
79567,60,,1,,78349
79568,36,,1,,78350
79569,60,,1,,78351
79570,36,,1,,78352
79571,36,,1,,78353
79572,36,,1,,78354
79573,60,,1,,78355
79574,60,,1,,78356
79575,60,,1,,78357
79576,60,,1,,78358
79577,60,,1,,78359
79578,11,,1,,78360
79579,11,,1,,78361
79580,11,,1,,78362
79581,11,,1,,78363
79582,11,,1,,78364
79583,11,,1,,78365
79584,11,,1,,78366
79585,11,,1,,78367
79586,11,,1,,78368
79587,11,,1,,78369
79588,11,,1,,78370
79589,11,,1,,78371
79590,11,,1,,78372
79591,11,,1,,78373
79592,11,,1,,78374
79593,11,,1,,78375
79594,11,,1,,78376
79595,11,,1,,78377
79596,11,,1,,78378
79597,11,,1,,78379
79598,11,,1,,78380
79599,11,,1,,78381
79600,11,,1,,78382
79601,11,,1,,78383
79602,11,,1,,78384
79603,11,,1,,78385
79604,11,,1,,78386
79605,11,,1,,78387
79606,11,,1,,78388
79607,11,,1,,78389
79608,11,,1,,78390
79609,11,,1,,78391
79610,11,,1,,78392
79611,11,,1,,78393
79612,11,,1,,78394
79613,11,,1,,78395
79614,11,,1,,78396
79615,11,,1,,78397
79616,11,,1,,78398
79617,11,,1,,78399
79618,11,,1,,78400
79619,11,,1,,78401
79620,11,,1,,78402
79621,11,,1,,78403
79622,11,,1,,78404
79623,11,,1,,78405
79624,11,,1,,78406
79625,11,,1,,78407
79626,11,,1,,78408
79627,11,,1,,78409
79628,60,,1,,78410
79629,60,,1,,78411
79630,36,,1,,78412
79631,60,,1,,78413
79632,60,,1,,78414
79633,60,,1,,78415
79634,60,,1,,78416
79635,60,,1,,78417
79636,60,,1,,78418
79637,60,,1,,78419
79638,60,,1,,78420
79639,60,,1,,78421
79640,60,,1,,78422
79641,60,,1,,78423
79642,60,,1,,78424
79643,60,,1,,78425
79644,60,,1,,78426
79645,60,,1,,78427
79646,60,,1,,78428
79647,60,,1,,78429
79648,60,,1,,78430
79649,60,,1,,78431
79650,60,,1,,78432
79651,60,,1,,78433
79652,60,,1,,78434
79653,60,,1,,78435
79654,60,,1,,78436
79655,60,,1,,78437
79656,60,,1,,78438
79657,60,,1,,78439
79658,60,,1,,78440
79659,60,,1,,78441
79660,60,,1,,78442
79661,60,,1,,78443
79662,60,,1,,78444
79663,60,,1,,78445
79664,60,,1,,78446
79665,60,,1,,78447
79666,60,,1,,78448
79667,60,,1,,78449
79668,60,,1,,78450
79669,60,,1,,78451
79670,60,,1,,78452
79671,60,,1,,78453
79672,60,,1,,78454
79673,60,,1,,78455
79674,60,,1,,78456
79675,60,,1,,78457
79676,60,,1,,78458
79677,60,,1,,78459
79678,60,,1,,78460
79679,60,,1,,78461
79680,60,,1,,78462
79681,60,,1,,78463
79682,60,,1,,78464
79683,60,,1,,78465
79684,60,,1,,78466
79685,60,,1,,78467
79686,60,,1,,78468
79687,60,,1,,78469
79688,60,,1,,78470
79689,60,,1,,78471
79690,60,,1,,78472
79691,60,,1,,78473
79692,60,,1,,78474
79693,60,,1,,78475
79694,60,,1,,78476
79695,60,,1,,78477
79696,60,,1,,78478
79697,60,,1,,78479
79698,60,,1,,78480
79699,60,,1,,78481
79700,60,,1,,78482
79701,60,,1,,78483
79702,60,,1,,78484
79703,60,,1,,78485
79704,60,,1,,78486
79705,60,,1,,78487
79706,60,,1,,78488
79707,60,,1,,78489
79708,60,,1,,78490
79709,60,,1,,78491
79710,60,,1,,78492
79711,60,,1,,78493
79712,60,,1,,78494
79713,60,,1,,78495
79714,60,,1,,78496
79715,60,,1,,78497
79716,60,,1,,78498
79717,60,,1,,78499
79718,60,,1,,78500
79719,60,,1,,78501
79720,60,,1,,78502
79721,60,,1,,78503
79722,60,,1,,78504
79723,60,,1,,78505
79724,60,,1,,78506
79725,60,,1,,78507
79726,60,,1,,78508
79727,60,,1,,78509
79728,60,,1,,78510
79729,60,,1,,78511
79730,60,,1,,78512
79731,60,,1,,78513
79732,60,,1,,78514
79733,60,,1,,78515
79734,60,,1,,78516
79735,60,,1,,78517
79736,60,,1,,78518
79737,60,,1,,78520
79738,60,,1,,78521
79739,60,,1,,78522
79740,60,,1,,78523
79741,60,,1,,78524
79742,60,,1,,78525
79743,60,,1,,78526
79744,60,,1,,78527
79745,60,,1,,78528
79746,60,,1,,78529
79747,60,,1,,78530
79748,60,,1,,78531
79749,60,,1,,78532
79750,60,,1,,78533
79751,60,,1,,78534
79752,60,,1,,78535
79753,60,,1,,78536
79754,60,,1,,78537
79755,60,,1,,78538
79756,60,,1,,78539
79757,60,,1,,78540
79758,60,,1,,78541
79759,60,,1,,78542
79760,60,,1,,78543
79761,60,,1,,78544
79762,60,,1,,78545
79763,60,,1,,78546
79764,60,,1,,78547
79765,60,,1,,78548
79766,60,,1,,78549
79767,60,,1,,78550
79768,60,,1,,78551
79769,60,,1,,78552
79770,60,,1,,78553
79771,60,,1,,78554
79772,60,,1,,78555
79773,60,,1,,78556
79774,60,,1,,78557
79775,60,,1,,78558
79776,60,,1,,78559
79777,60,,1,,78560
79778,60,,1,,78561
79779,60,,1,,78562
79780,60,,1,,78563
79781,60,,1,,78564
79782,60,,1,,78565
79783,60,,1,,78566
79784,36,,1,,78567
79785,60,,1,,78568
79786,60,,1,,78569
79787,60,,1,,78570
79788,60,,1,,78571
79789,60,,1,,78572
79790,60,,1,,78573
79791,36,,1,,78574
79792,36,,2,,78575
79793,36,,1,,78576
79794,36,,2,,78577
79795,36,,1,,78578
79796,60,,1,,78579
79797,60,,1,,78580
79798,60,,1,,78581
79799,60,,1,,78582
79800,36,,1,,78583
79801,36,,1,,78584
79802,36,,3,,78585
79803,36,,1,,78586
79804,36,,1,,78587
79805,36,,1,,78588
79806,36,,1,,78589
79807,36,,1,,78590
79808,11,,1,,78591
79809,60,,1,,78592
79810,43,,1,,78593
79811,59,,1,,78594
79812,60,,1,,78595
79813,60,,1,,78596
79814,60,,1,,78597
79815,60,,1,,78598
79816,60,,1,,78599
79817,60,,1,,78600
79818,60,,1,,78601
79819,60,,1,,78602
79820,60,,1,,78603
79821,60,,1,,78604
79822,60,,1,,78605
79823,60,,1,,78606
79824,60,,1,,78607
79825,60,,1,,78608
79826,60,,1,,78609
79827,60,,1,,78610
79828,60,,1,,78611
79829,60,,1,,78612
79830,60,,1,,78613
79831,60,,1,,78614
79832,60,,1,,78615
79833,60,,1,,78616
79834,60,,1,,78617
79835,60,,1,,78618
79836,60,,1,,78619
79837,60,,1,,78620
79838,60,,1,,78621
79839,60,,1,,78622
79840,60,,1,,78623
79841,60,,1,,78624
79842,60,,1,,78625
79843,60,,1,,78626
79844,60,,1,,78627
79845,60,,1,,78628
79846,60,,1,,78629
79847,60,,1,,78630
79848,60,,1,,78631
79849,60,,1,,78632
79850,60,,1,,78633
79851,60,,1,,78634
79852,60,,1,,78635
79853,60,,1,,78636
79854,60,,1,,78637
79855,60,,1,,78638
79856,60,,1,,78639
79857,60,,1,,78640
79858,60,,1,,78641
79859,60,,1,,78642
79860,60,,1,,78643
79861,60,,1,,78644
79862,60,,1,,78645
79863,60,,1,,78646
79864,60,,1,,78647
79865,60,,1,,78648
79866,60,,1,,78649
79867,60,,1,,78650
79868,60,,1,,78651
79869,60,,1,,78652
79870,60,,1,,78653
79871,60,,1,,78654
79872,60,,1,,78655
79873,60,,1,,78656
79874,60,,1,,78657
79875,60,,1,,78658
79876,60,,1,,78659
79877,60,,1,,78660
79878,60,,1,,78661
79879,60,,1,,78662
79880,60,,1,,78663
79881,60,,1,,78664
79882,60,,1,,78665
79883,60,,1,,78666
79884,60,,1,,78667
79885,60,,1,,78668
79886,60,,1,,78669
79887,60,,1,,78670
79888,60,,1,,78671
79889,60,,1,,78672
79890,60,,1,,78673
79891,60,,1,,78674
79892,60,,1,,78675
79893,60,,1,,78676
79894,60,,1,,78677
79895,60,,1,,78678
79896,60,,1,,78679
79897,60,,1,,78680
79898,60,,1,,78681
79899,60,,1,,78682
79900,60,,1,,78683
79901,60,,1,,78684
79902,60,,1,,78685
79903,60,,1,,78686
79904,60,,1,,78687
79905,60,,1,,78688
79906,60,,1,,78689
79907,60,,1,,78690
79908,60,,1,,78691
79909,60,,1,,78692
79910,60,,1,,78693
79911,60,,1,,78694
79912,60,,1,,78695
79913,60,,1,,78696
79914,60,,1,,78697
79915,60,,1,,78698
79916,60,,1,,78699
79917,60,,1,,78700
79918,60,,1,,78701
79919,60,,1,,78702
79920,60,,1,,78703
79921,60,,1,,78704
79922,60,,1,,78705
79923,60,,1,,78706
79924,60,,1,,78707
79925,60,,1,,78708
79926,60,,1,,78709
79927,60,,1,,78710
79928,36,,1,,78711
79929,36,,8,,78712
79930,36,,7,,78713
79931,60,,1,,78714
79932,60,,1,,78715
79933,60,,1,,78716
79934,60,,1,,78717
79935,60,,1,,78718
79936,36,,3,,78719
79937,60,,1,,78720
79938,60,,1,,78721
79939,60,,1,,78722
79940,60,,1,,78723
79941,60,,1,,78724
79942,60,,1,,78725
79943,60,,1,,78726
79944,60,,1,,78727
79945,60,,1,,78728
79946,60,,1,,78729
79947,60,,1,,78730
79948,60,,1,,78731
79949,60,,1,,78732
79950,60,,1,,78733
79951,60,,1,,78734
79952,60,,1,,78735
79953,60,,1,,78736
79954,60,,1,,78737
79955,60,,1,,78738
79956,60,,1,,78739
79957,60,,1,,78740
79958,60,,1,,78741
79959,60,,1,,78742
79960,60,,1,,78743
79961,60,,1,,78744
79962,60,,1,,78745
79963,60,,1,,78746
79964,60,,1,,78747
79965,60,,1,,78748
79966,60,,1,,78749
79967,60,,1,,78750
79968,60,,1,,78751
79969,60,,1,,78752
79970,60,,1,,78753
79971,60,,1,,78754
79972,60,,1,,78755
79973,60,,1,,78756
79974,60,,1,,78757
79975,60,,1,,78758
79976,60,,1,,78759
79977,60,,1,,78760
79978,60,,1,,78761
79979,60,,1,,78762
79980,60,,1,,78763
79981,60,,1,,78764
79982,60,,1,,78765
79983,60,,1,,78766
79984,60,,1,,78767
79985,60,,1,,78768
79986,60,,1,,78769
79987,60,,1,,78770
79988,60,,1,,78771
79989,60,,1,,78772
79990,60,,1,,78773
79991,60,,1,,78774
79992,60,,1,,78775
79993,60,,1,,78776
79994,60,,1,,78777
79995,60,,1,,78778
79996,60,,1,,78779
79997,60,,1,,78780
79998,60,,1,,78781
79999,60,,1,,78782
80000,60,,1,,78783
80001,60,,1,,78784
80002,60,,1,,78785
80003,60,,1,,78786
80004,60,,1,,78787
80005,60,,1,,78788
80006,60,,1,,78789
80007,60,,1,,78790
80008,60,,1,,78791
80009,60,,1,,78792
80010,60,,1,,78793
80011,60,,1,,78794
80012,60,,1,,78795
80013,60,,1,,78796
80014,60,,1,,78797
80015,60,,1,,78798
80016,60,,1,,78799
80017,60,,1,,78800
80018,60,,1,,78801
80019,60,,1,,78802
80020,60,,1,,78803
80021,60,,1,,78804
80022,60,,1,,78805
80023,60,,1,,78806
80024,60,,1,,78807
80025,60,,1,,78808
80026,60,,1,,78809
80027,60,,1,,78810
80028,60,,1,,78811
80029,60,,1,,78812
80030,60,,1,,78813
80031,60,,1,,78814
80032,60,,1,,78815
80033,60,,1,,78816
80034,60,,1,,78817
80035,60,,1,,78818
80036,60,,1,,78819
80037,60,,1,,78820
80038,60,,1,,78821
80039,60,,1,,78822
80040,60,,1,,78823
80041,60,,1,,78824
80042,60,,1,,78825
80043,60,,1,,78826
80044,60,,1,,78827
80045,60,,1,,78828
80046,60,,1,,78829
80047,60,,1,,78830
80048,60,,1,,78831
80049,60,,1,,78832
80050,60,,1,,78833
80051,60,,1,,78834
80052,60,,1,,78835
80053,60,,1,,78836
80054,60,,1,,78837
80055,60,,1,,78838
80056,60,,1,,78839
80057,60,,1,,78840
80058,60,,1,,78841
80059,60,,1,,78842
80060,60,,1,,78843
80061,60,,1,,78844
80062,60,,1,,78845
80063,60,,1,,78846
80064,60,,1,,78847
80065,60,,1,,78848
80066,60,,1,,78849
80067,60,,1,,78850
80068,60,,1,,78851
80069,60,,1,,78852
80070,60,,1,,78853
80071,60,,1,,78854
80072,60,,1,,78855
80073,60,,1,,78856
80074,60,,1,,78857
80075,60,,1,,78858
80076,60,,1,,78859
80077,60,,1,,78860
80078,60,,1,,78861
80079,60,,1,,78862
80080,60,,1,,78863
80081,60,,1,,78864
80082,60,,1,,78865
80083,60,,1,,78866
80084,60,,1,,78867
80085,60,,1,,78868
80086,60,,1,,78869
80087,60,,1,,78870
80088,60,,1,,78871
80089,60,,1,,78872
80090,60,,1,,78873
80091,60,,1,,78874
80092,60,,1,,78875
80093,60,,1,,78876
80094,60,,1,,78877
80095,60,,1,,78878
80096,60,,1,,78879
80097,60,,1,,78880
80098,60,,1,,78881
80099,60,,1,,78882
80100,60,,1,,78883
80101,60,,1,,78884
80102,60,,1,,78885
80103,60,,1,,78886
80104,60,,1,,78887
80105,60,,1,,78888
80106,60,,1,,78889
80107,60,,1,,78890
80108,60,,1,,78891
80109,60,,1,,78892
80110,60,,1,,78893
80111,60,,1,,78894
80112,60,,1,,78895
80113,60,,1,,78896
80114,60,,1,,78897
80115,60,,1,,78898
80116,60,,1,,78899
80117,60,,1,,78900
80118,60,,1,,78901
80119,60,,1,,78902
80120,60,,1,,78903
80121,60,,1,,78904
80122,60,,1,,78905
80123,60,,1,,78906
80124,60,,1,,78907
80125,60,,1,,78908
80126,60,,1,,78909
80127,60,,1,,78910
80128,60,,1,,78911
80129,60,,1,,78912
80130,60,,1,,78913
80131,60,,1,,78914
80132,60,,1,,78915
80133,60,,1,,78916
80134,60,,1,,78917
80135,60,,1,,78918
80136,60,,1,,78919
80137,36,,1,,78920
80138,36,,1,,78921
80139,36,,1,,78922
80140,36,,2,,78923
80141,60,,1,,78924
80142,36,,1,,78925
80143,60,,1,,78926
80144,36,,1,,78927
80145,60,,1,,78928
80146,36,,2,,78929
80147,36,,1,,78930
80148,36,,4,,78931
80149,60,,1,,78932
80150,60,,1,,78933
80151,60,,1,,78934
80152,60,,1,,78935
80153,60,,1,,78936
80154,60,,1,,78937
80155,60,,1,,78938
80156,60,,1,,78939
80157,60,,1,,78940
80158,60,,1,,78941
80159,60,,1,,78942
80160,60,,1,,78943
80161,60,,1,,78944
80162,60,,1,,78945
80163,60,,1,,78946
80164,60,,1,,78947
80165,60,,1,,78948
80166,60,,1,,78949
80167,60,,1,,78950
80168,60,,1,,78951
80169,60,,1,,78952
80170,60,,1,,78953
80171,60,,1,,78954
80172,60,,1,,78955
80173,60,,1,,78956
80174,60,,1,,78957
80175,60,,1,,78958
80176,60,,1,,78959
80177,60,,1,,78960
80178,60,,1,,78961
80179,60,,1,,78962
80180,60,,1,,78963
80181,60,,1,,78964
80182,60,,1,,78965
80183,60,,1,,78966
80184,60,,1,,78967
80185,60,,1,,78968
80186,60,,1,,78969
80187,60,,1,,78970
80188,60,,1,,78971
80189,60,,1,,78972
80190,60,,1,,78973
80191,60,,1,,78974
80192,60,,1,,78975
80193,60,,1,,78976
80194,60,,1,,78977
80195,60,,1,,78978
80196,60,,1,,78979
80197,60,,1,,78980
80198,60,,1,,78981
80199,60,,1,,78982
80200,60,,1,,78983
80201,60,,1,,78984
80202,60,,1,,78985
80203,60,,1,,78986
80204,60,,1,,78987
80205,60,,1,,78988
80206,60,,1,,78989
80207,60,,1,,78990
80208,60,,1,,78991
80209,60,,1,,78992
80210,60,,1,,78993
80211,60,,1,,78994
80212,60,,1,,78995
80213,60,,1,,78996
80214,60,,1,,78997
80215,60,,1,,78998
80216,60,,1,,78999
80217,60,,1,,79000
80218,60,,1,,79001
80219,60,,1,,79002
80220,60,,1,,79003
80221,60,,1,,79004
80222,60,,1,,79005
80223,60,,1,,79006
80224,60,,1,,79007
80225,60,,1,,79008
80226,60,,1,,79009
80227,60,,1,,79010
80228,60,,1,,79011
80229,60,,1,,79012
80230,60,,1,,79013
80231,60,,1,,79014
80232,60,,1,,79015
80233,60,,1,,79016
80234,60,,1,,79017
80235,60,,1,,79018
80236,60,,1,,79019
80237,60,,1,,79020
80238,60,,1,,79021
80239,60,,1,,79022
80240,60,,1,,79023
80241,55,,1,,79024
80242,36,,2,,79025
80243,36,,1,,79026
80244,60,,1,,79027
80245,60,,1,,79028
80246,36,,1,,79029
80247,60,,1,,79030
80248,36,,1,,79031
80249,36,,1,,79032
80250,36,,1,,79033
80251,36,,1,,79034
80252,36,,1,,79035
80253,36,,1,,79036
80254,60,,1,,79037
80255,60,,1,,79038
80256,60,,1,,79039
80257,60,,1,,79040
80258,60,,1,,79041
80259,60,,1,,79042
80260,36,,1,,79043
80261,36,,1,,79044
80262,36,,1,,79045
80263,60,,1,,79046
80264,60,,1,,79047
80265,60,,1,,79048
80266,60,,1,,79049
80267,60,,1,,79050
80268,60,,1,,79051
80269,60,,1,,79052
80270,60,,1,,79053
80271,60,,1,,79054
80272,60,,1,,79055
80273,60,,1,,79056
80274,60,,1,,79057
80275,60,,1,,79058
80276,60,,1,,79059
80277,60,,1,,79060
80278,60,,1,,79061
80279,60,,1,,79062
80280,60,,1,,79063
80281,60,,1,,79064
80282,60,,1,,79065
80283,60,,1,,79066
80284,60,,1,,79067
80285,60,,1,,79068
80286,60,,1,,79069
80287,60,,1,,79070
80288,60,,1,,79071
80289,60,,1,,79072
80290,60,,1,,79073
80291,60,,1,,79074
80292,60,,1,,79075
80293,60,,1,,79076
80294,60,,1,,79077
80295,60,,1,,79078
80296,60,,1,,79079
80297,60,,1,,79080
80298,60,,1,,79081
80299,60,,1,,79082
80300,60,,1,,79083
80301,60,,1,,79084
80302,60,,1,,79085
80303,60,,1,,79086
80304,60,,1,,79087
80305,60,,1,,79088
80306,60,,1,,79089
80307,60,,1,,79090
80308,60,,1,,79091
80309,60,,1,,79092
80310,60,,1,,79093
80311,60,,1,,79094
80312,60,,1,,79095
80313,60,,1,,79096
80314,60,,1,,79097
80315,60,,1,,79098
80316,60,,1,,79099
80317,60,,1,,79100
80318,60,,1,,79101
80319,60,,1,,79102
80320,60,,1,,79103
80321,60,,1,,79104
80322,60,,1,,79105
80323,60,,1,,79106
80324,60,,1,,79107
80325,60,,1,,79108
80326,60,,1,,79109
80327,60,,1,,79110
80328,60,,1,,79111
80329,60,,1,,79112
80330,60,,1,,79113
80331,60,,1,,79114
80332,60,,1,,79115
80333,60,,1,,79116
80334,60,,1,,79117
80335,60,,1,,79118
80336,60,,1,,79119
80337,60,,1,,79120
80338,60,,1,,79121
80339,60,,1,,79122
80340,60,,1,,79123
80341,60,,1,,79124
80342,60,,1,,79125
80343,60,,1,,79126
80344,60,,1,,79127
80345,60,,1,,79128
80346,60,,1,,79129
80347,60,,1,,79130
80348,60,,1,,79131
80349,60,,1,,79132
80350,60,,1,,79133
80351,60,,1,,79134
80352,60,,1,,79135
80353,60,,1,,79136
80354,60,,1,,79137
80355,60,,1,,79138
80356,60,,1,,79139
80357,60,,1,,79140
80358,60,,1,,79141
80359,60,,1,,79142
80360,60,,1,,79143
80361,60,,1,,79144
80362,60,,1,,79145
80363,60,,1,,79146
80364,60,,1,,79147
80365,60,,1,,79148
80366,60,,1,,79149
80367,60,,1,,79150
80368,60,,1,,79151
80369,60,,1,,79152
80370,60,,1,,79153
80371,60,,1,,79154
80372,60,,1,,79155
80373,60,,1,,79156
80374,60,,1,,79157
80375,60,,1,,79158
80376,60,,1,,79159
80377,60,,1,,79160
80378,60,,1,,79161
80379,60,,1,,79162
80380,60,,1,,79163
80381,60,,1,,79164
80382,60,,1,,79165
80383,60,,1,,79166
80384,60,,1,,79167
80385,60,,1,,79168
80386,60,,1,,79169
80387,60,,1,,79170
80388,60,,1,,79171
80389,60,,1,,79172
80390,60,,1,,79173
80391,60,,1,,79174
80392,60,,1,,79175
80393,60,,1,,79176
80394,60,,1,,79177
80395,60,,1,,79178
80396,60,,1,,79179
80397,60,,1,,79180
80398,60,,1,,79181
80399,60,,1,,79182
80400,60,,1,,79183
80401,60,,1,,79184
80402,60,,1,,79185
80403,60,,1,,79186
80404,60,,1,,79187
80405,60,,1,,79188
80406,60,,1,,79189
80407,60,,1,,79190
80408,60,,1,,79191
80409,60,,1,,79192
80410,60,,1,,79193
80411,60,,1,,79194
80412,60,,1,,79195
80413,60,,1,,79196
80414,60,,1,,79197
80415,60,,1,,79198
80416,60,,1,,79199
80417,60,,1,,79200
80418,60,,1,,79201
80419,36,,1,,79202
80420,36,,1,,79203
80421,60,,1,,79204
80422,60,,1,,79205
80423,60,,1,,79206
80424,60,,1,,79207
80425,60,,1,,79208
80426,60,,1,,79209
80427,60,,1,,79210
80428,60,,1,,79211
80429,60,,1,,79212
80430,60,,1,,79213
80431,60,,1,,79214
80432,60,,1,,79215
80433,60,,1,,79216
80434,60,,1,,79217
80435,60,,1,,79218
80436,60,,1,,79219
80437,60,,1,,79220
80438,60,,1,,79221
80439,60,,1,,79222
80440,60,,1,,79223
80441,60,,1,,79224
80442,60,,1,,79225
80443,60,,1,,79226
80444,60,,1,,79227
80445,60,,1,,79228
80446,60,,1,,79229
80447,60,,1,,79230
80448,60,,1,,79231
80449,60,,1,,79232
80450,60,,1,,79233
80451,60,,1,,79234
80452,60,,1,,79235
80453,60,,1,,79236
80454,60,,1,,79237
80455,60,,1,,79238
80456,60,,1,,79239
80457,60,,1,,79240
80458,60,,1,,79241
80459,60,,1,,79242
80460,60,,1,,79243
80461,60,,1,,79244
80462,60,,1,,79245
80463,60,,1,,79246
80464,60,,1,,79247
80465,60,,1,,79248
80466,60,,1,,79249
80467,60,,1,,79250
80468,60,,1,,79251
80469,60,,1,,79252
80470,60,,1,,79253
80471,60,,1,,79254
80472,60,,1,,79255
80473,60,,1,,79256
80474,60,,1,,79257
80475,60,,1,,79258
80476,60,,1,,79259
80477,60,,1,,79260
80478,60,,1,,79261
80479,60,,1,,79262
80480,60,,1,,79263
80481,60,,1,,79264
80482,60,,1,,79265
80483,60,,1,,79266
80484,60,,1,,79267
80485,60,,1,,79268
80486,60,,1,,79269
80487,60,,1,,79270
80488,60,,1,,79271
80489,60,,1,,79272
80490,60,,1,,79273
80491,60,,1,,79274
80492,60,,1,,79275
80493,60,,1,,79276
80494,60,,1,,79277
80495,60,,1,,79278
80496,60,,1,,79279
80497,60,,1,,79280
80498,60,,1,,79281
80499,60,,1,,79282
80500,60,,1,,79283
80501,60,,1,,79284
80502,60,,1,,79285
80503,60,,1,,79286
80504,60,,1,,79287
80505,60,,1,,79288
80506,60,,1,,79289
80507,60,,1,,79290
80508,60,,1,,79291
80509,60,,1,,79292
80510,60,,1,,79293
80511,60,,1,,79294
80512,60,,1,,79295
80513,60,,1,,79296
80514,60,,1,,79297
80515,60,,1,,79298
80516,60,,1,,79299
80517,60,,1,,79300
80518,60,,1,,79301
80519,60,,1,,79302
80520,60,,1,,79303
80521,60,,1,,79304
80522,60,,1,,79305
80523,60,,1,,79306
80524,60,,1,,79307
80525,60,,1,,79308
80526,60,,1,,79309
80527,60,,1,,79310
80528,60,,1,,79311
80529,60,,1,,79312
80530,60,,1,,79313
80531,60,,1,,79314
80532,60,,1,,79315
80533,60,,1,,79316
80534,60,,1,,79317
80535,60,,1,,79318
80536,60,,1,,79319
80537,60,,1,,79320
80538,60,,1,,79321
80539,60,,1,,79322
80540,36,,3,,79323
80541,36,,1,,79324
80542,36,,1,,79325
80543,60,,1,,79326
80544,60,,1,,79327
80545,60,,1,,79328
80546,60,,1,,79329
80547,60,,1,,79330
80548,60,,1,,79331
80549,60,,1,,79332
80550,60,,1,,79333
80551,60,,1,,79334
80552,60,,1,,79335
80553,60,,1,,79336
80554,60,,1,,79337
80555,60,,1,,79338
80556,60,,1,,79339
80557,60,,1,,79340
80558,60,,1,,79341
80559,60,,1,,79342
80560,60,,1,,79343
80561,60,,1,,79344
80562,60,,1,,79345
80563,60,,1,,79346
80564,60,,1,,79347
80565,60,,1,,79348
80566,36,,2,,79349
80567,36,,3,,79350
80568,60,,1,,79351
80569,60,,1,,79352
80570,60,,1,,79353
80571,60,,1,,79354
80572,60,,1,,79355
80573,60,,1,,79356
80574,60,,1,,79357
80575,60,,1,,79358
80576,60,,1,,79359
80577,60,,1,,79360
80578,60,,1,,79361
80579,60,,1,,79362
80580,60,,1,,79363
80581,60,,1,,79364
80582,36,,2,,79365
80583,36,,1,,79366
80584,60,,1,,79367
80585,60,,1,,79368
80586,60,,1,,79369
80587,60,,1,,79370
80588,60,,1,,79371
80589,60,,1,,79372
80590,60,,1,,79373
80591,60,,1,,79374
80592,60,,1,,79375
80593,60,,1,,79376
80594,60,,1,,79377
80595,60,,1,,79378
80596,60,,1,,79379
80597,60,,1,,79380
80598,60,,1,,79381
80599,60,,1,,79382
80600,60,,1,,79383
80601,36,,1,,79384
80602,36,,1,,79385
80603,60,,1,,79386
80604,60,,1,,79387
80605,36,,2,,79388
80606,60,,1,,79389
80607,60,,1,,79390
80608,60,,1,,79391
80609,60,,1,,79392
80610,60,,1,,79393
80611,60,,1,,79394
80612,60,,1,,79395
80613,60,,1,,79396
80614,60,,1,,79397
80615,60,,1,,79398
80616,60,,1,,79399
80617,60,,1,,79400
80618,60,,1,,79401
80619,60,,1,,79402
80620,60,,1,,79403
80621,60,,1,,79404
80622,60,,1,,79405
80623,60,,1,,79406
80624,39,6,1,,79407
80625,39,6,1,,79408
80626,39,6,1,,79409
80627,39,1,1,,79410
80628,39,3,1,,79411
80629,39,3,1,,79412
80630,39,1,2,,79413
80631,39,1,1,,79414
80632,36,,1,,79415
80633,36,,1,,79416
80634,36,,1,,79417
80635,39,1,1,,79418
80636,43,,1,,79419
80637,39,1,2,,79420
80638,39,1,2,,79421
80639,36,,1,,79422
80640,36,,1,,79423
80641,36,,1,,79424
80642,39,3,1,,79425
80643,39,1,1,,79426
80644,39,1,2,,79427
80645,39,1,1,,79428
80646,39,1,2,,79429
80647,39,1,1,,79430
80648,39,1,1,,79431
80649,39,1,1,,79432
80650,43,,1,,79433
80651,39,1,1,,79434
80652,39,1,1,,79435
80653,39,1,1,,79436
80654,23,7,1,,79436
80655,39,1,1,,79437
80656,23,7,1,,79437
80657,39,1,1,,79438
80658,39,1,1,,79439
80659,39,1,1,,79440
80660,39,1,1,,79441
80661,39,1,1,,79442
80662,39,1,1,,79443
80663,39,1,1,,79444
80664,23,7,1,,79444
80665,23,7,1,,79445
80666,43,,1,,79446
80667,11,,1,,79447
80668,39,1,1,,79448
80669,11,,1,,79449
80670,43,,1,,79450
80671,11,,1,,79451
80672,39,1,2,,79452
80673,39,3,1,,79453
80674,39,1,1,,79454
80675,39,1,1,,79455
80676,39,1,1,,79456
80677,39,1,1,,79457
80678,39,1,1,,79458
80679,23,7,1,,79458
80680,39,1,1,,79459
80681,39,1,1,,79460
80682,39,1,2,,79461
80683,39,1,2,,79462
80684,39,1,2,,79463
80685,39,1,2,,79464
80686,39,1,2,,79465
80687,43,,1,,79466
80688,11,,1,,79467
80689,39,1,2,,79468
80690,39,1,1,,79469
80691,39,1,1,,79470
80692,39,1,1,,79471
80693,39,1,1,,79472
80694,39,1,1,,79473
80695,39,1,2,,79474
80696,39,1,1,,79475
80697,23,7,1,,79475
80698,39,1,1,,79476
80699,23,7,1,,79476
80700,39,1,1,,79477
80701,39,1,1,,79478
80702,39,1,2,,79479
80703,39,1,2,,79480
80704,23,7,1,,79480
80705,39,1,1,,79481
80706,39,1,3,,79482
80707,39,1,1,,79483
80708,23,5,1,,79483
80709,39,8,1,,79484
80710,23,5,1,,79484
80711,39,1,2,,79485
80712,39,1,1,,79486
80713,39,1,1,,79487
80714,39,1,2,,79488
80715,39,1,2,,79489
80716,39,1,1,,79490
80717,23,7,1,,79490
80718,39,1,2,,79491
80719,39,1,1,,79492
80720,39,1,1,,79493
80721,39,1,2,,79494
80722,39,1,1,,79495
80723,39,1,1,,79496
80724,23,7,1,,79496
80725,39,1,1,,79497
80726,39,1,2,,79498
80727,39,1,1,,79499
80728,39,1,2,,79500
80729,39,1,1,,79501
80730,23,7,1,,79501
80731,39,1,1,,79502
80732,23,7,1,,79502
80733,39,1,1,,79503
80734,39,1,2,,79504
80735,39,1,1,,79505
80736,39,1,1,,79506
80737,39,1,1,,79507
80738,23,7,1,,79507
80739,39,1,1,,79508
80740,39,1,1,,79509
80741,23,7,1,,79509
80742,60,,1,,79510
80743,39,1,1,,79511
80744,39,1,1,,79512
80745,23,5,1,,79512
80746,39,1,1,,79513
80747,39,1,2,,79514
80748,39,1,1,,79515
80749,39,1,1,,79516
80750,66,,1,,79516
80751,60,,1,,79517
80752,39,1,2,,79518
80753,39,1,1,,79519
80754,39,3,1,,79520
80755,39,1,2,,79521
80756,39,3,1,,79522
80757,39,1,2,,79523
80758,39,1,1,,79524
80759,39,1,2,,79525
80760,39,1,1,,79526
80761,39,1,2,,79527
80762,39,1,2,,79528
80763,23,7,1,,79528
80764,23,5,1,,79529
80765,39,1,2,,79530
80766,39,1,3,,79531
80767,23,7,1,,79531
80768,39,3,1,,79532
80769,39,1,1,,79533
80770,39,3,1,,79534
80771,39,1,1,,79535
80772,39,1,2,,79536
80774,23,7,1,,79536
80775,39,1,1,,79537
80776,39,1,1,,79538
80777,39,1,1,,79539
80778,39,1,1,,79540
80779,39,1,1,,79541
80780,39,1,1,,79542
80781,39,1,1,,79543
80782,39,1,2,,79544
80783,39,1,1,,79545
80784,39,1,2,,79546
80785,39,1,1,,79547
80786,39,3,1,,79548
80787,39,1,1,,79549
80788,39,1,1,,79550
80789,39,1,1,,79551
80790,39,1,3,,79552
80791,39,1,1,,79553
80792,23,7,1,,79554
80793,39,1,1,,79555
80794,39,1,1,,79556
80795,39,1,1,,79557
80796,39,1,1,,79558
80797,23,7,1,,79558
80798,60,,1,,79559
80799,60,,1,,79560
80800,60,,1,,79561
80801,60,,1,,79562
80802,60,,1,,79563
80803,60,,1,,79564
80804,60,,1,,79565
80805,60,,1,,79566
80806,60,,1,,79567
80807,60,,1,,79568
80808,60,,1,,79569
80809,60,,1,,79570
80810,60,,1,,79571
80811,60,,1,,79572
80812,60,,1,,79573
80813,60,,1,,79574
80814,60,,1,,79575
80815,60,,1,,79576
80816,60,,1,,79577
80817,60,,1,,79578
80818,60,,1,,79579
80819,60,,1,,79580
80820,60,,1,,79581
80821,60,,1,,79582
80822,60,,1,,79583
80823,60,,1,,79584
80824,60,,1,,79585
80825,60,,1,,79586
80826,60,,1,,79587
80827,60,,1,,79588
80828,60,,1,,79589
80829,60,,1,,79590
80830,60,,1,,79591
80831,60,,1,,79592
80832,60,,1,,79593
80833,60,,1,,79594
80834,60,,1,,79595
80835,60,,1,,79596
80836,60,,1,,79597
80837,39,1,1,,79598
80838,39,1,1,,79599
80839,60,,1,,79600
80840,39,1,1,,79601
80841,39,1,1,,79602
80842,39,1,2,,79603
80843,39,1,1,,79604
80844,39,1,2,,79605
80845,39,1,1,,79606
80846,23,7,1,,79606
80847,39,1,1,,79607
80848,39,1,2,,79608
80849,23,5,1,,79609
80850,39,1,1,,79610
80851,39,1,1,,79611
80852,39,1,2,,79612
80853,39,1,1,,79613
80854,39,1,1,,79614
80855,60,,1,,79615
80856,60,,1,,79616
80857,39,1,2,,79617
80858,39,3,1,,79618
80859,39,1,1,,79619
80860,23,7,1,,79619
80861,39,1,4,,79620
80862,60,,1,,79621
80863,39,1,6,,79622
80864,39,3,1,,79623
80865,39,1,1,,79624
80866,23,7,1,,79624
80867,39,1,3,,79625
80868,39,1,2,,79626
80869,39,1,1,,79627
80870,39,1,3,,79628
80871,23,7,1,,79628
80872,39,1,2,,79629
80873,39,1,1,,79630
80874,23,7,1,,79630
80875,39,3,1,,79631
80876,39,1,1,,79632
80877,39,3,1,,79633
80878,60,,1,,79634
80879,39,1,2,,79635
80880,39,1,2,,79636
80881,22,,1,,79637
80882,39,1,2,,79638
80883,39,1,1,,79639
80884,39,3,1,,79640
80885,39,1,1,,79641
80886,23,5,1,,79641
80887,39,3,1,,79642
80888,39,3,1,,79643
80889,39,1,1,,79644
80890,39,1,2,,79645
80891,39,1,1,,79646
80892,39,1,1,,79647
80893,39,1,1,,79648
80894,23,5,1,,79649
80895,39,3,1,,79650
80896,39,1,1,,79651
80897,39,1,1,,79652
80898,39,3,1,,79653
80899,39,1,1,,79654
80900,39,1,2,,79655
80901,39,1,2,,79656
80902,39,3,1,,79657
80903,39,3,1,,79658
80904,60,,1,,79659
80905,39,1,1,,79660
80906,39,1,2,,79661
80907,39,1,1,,79662
80908,39,1,2,,79663
80909,39,1,1,,79664
80910,23,7,1,,79664
80911,39,1,2,,79665
80912,39,1,1,,79666
80913,39,1,1,,79667
80914,39,1,1,,79668
80915,39,1,1,,79669
80917,23,7,1,,79669
80918,39,1,2,,79670
80919,39,1,1,,79671
80921,23,7,1,,79671
80922,39,3,1,,79672
80923,39,1,1,,79673
80924,23,7,1,,79673
80925,39,1,1,,79674
80926,39,1,3,,79675
80927,39,1,1,,79676
80928,39,1,1,,79677
80929,39,1,2,,79678
80930,39,1,1,,79679
80931,23,7,1,,79679
80932,39,1,1,,79680
80933,23,7,1,,79680
80934,39,1,2,,79681
80935,39,1,1,,79682
80936,39,3,1,,79683
80937,39,1,2,,79684
80938,39,1,2,,79685
80939,39,3,1,,79686
80940,39,1,2,,79687
80941,39,3,1,,79688
80942,39,1,1,,79689
80943,39,1,2,,79690
80944,39,1,1,,79691
80945,39,1,2,,79692
80946,23,5,1,,79693
80947,39,1,2,,79694
80948,39,1,1,,79695
80949,39,3,1,,79696
80950,39,1,1,,79697
80951,23,7,1,,79698
80952,39,1,2,,79699
80953,39,1,1,,79700
80954,39,1,1,,79701
80955,39,1,1,,79702
80956,60,,1,,79703
80957,39,1,1,,79704
80958,39,1,2,,79705
80959,39,1,1,,79706
80960,39,1,2,,79707
80961,39,3,1,,79708
80962,39,1,1,,79709
80963,39,1,1,,79710
80964,60,,1,,79711
80965,39,1,2,,79712
80966,39,1,1,,79713
80967,39,1,1,,79714
80968,39,1,2,,79715
80969,39,1,1,,79716
80970,39,1,2,,79717
80971,39,1,2,,79718
80972,39,1,1,,79719
80973,39,3,1,,79720
80974,39,1,1,,79721
80975,39,1,1,,79722
80976,39,1,2,,79723
80977,39,1,2,,79724
80978,39,1,1,,79725
80979,39,1,2,,79726
80980,23,7,1,,79726
80981,39,1,2,,79727
80982,23,7,1,,79727
80983,39,1,2,,79728
80984,23,7,1,,79728
80985,39,1,1,,79729
80986,23,7,1,,79729
80987,39,1,1,,79730
80988,39,1,1,,79731
80989,39,1,2,,79732
80990,39,1,1,,79733
80991,39,1,1,,79734
80992,39,3,1,,79735
80993,39,1,1,,79736
80994,39,1,3,,79737
80995,39,1,2,,79738
80996,39,1,2,,79739
80997,39,1,2,,79740
80998,39,1,2,,79741
80999,39,1,1,,79742
81000,39,1,2,,79743
81001,39,1,1,,79744
81002,39,1,1,,79745
81003,39,1,2,,79746
81004,39,1,2,,79747
81005,39,1,2,,79748
81006,39,1,3,,79749
81007,23,7,1,,79749
81008,39,1,3,,79750
81009,23,7,1,,79750
81010,39,1,1,,79751
81011,39,1,1,,79752
81012,39,3,1,,79753
81013,39,3,1,,79754
81014,39,3,1,,79755
81015,39,1,2,,79756
81016,39,1,1,,79757
81017,39,1,2,,79758
81018,39,1,1,,79759
81019,39,1,2,,79760
81020,39,1,1,,79761
81021,39,3,1,,79762
81022,39,1,2,,79763
81023,39,3,1,,79764
81024,39,1,1,,79765
81025,39,1,2,,79766
81026,23,7,1,,79766
81027,39,1,1,,79767
81028,39,1,2,,79768
81029,23,7,1,,79768
81030,39,1,1,,79769
81031,39,1,2,,79770
81032,23,7,1,,79770
81033,39,1,1,,79771
81034,39,1,1,,79772
81035,39,1,1,,79773
81036,39,1,1,,79774
81037,39,1,3,,79775
81038,39,1,1,,79776
81039,39,1,1,,79777
81040,23,7,1,,79778
81041,39,1,2,,79779
81042,39,1,1,,79780
81043,39,1,1,,79781
81044,39,1,1,,79782
81045,39,1,2,,79783
81046,39,1,1,,79784
81047,39,1,1,,79785
81048,39,1,1,,79786
81049,39,1,1,,79787
81050,39,1,1,,79788
81051,23,7,1,,79788
81052,39,1,1,,79789
81053,23,7,1,,79789
81054,39,1,1,,79790
81055,39,1,1,,79791
81056,23,5,1,,79792
81057,39,1,2,,79793
81058,39,1,2,,79794
81059,39,1,1,,79795
81060,39,1,1,,79796
81061,39,1,1,,79797
81062,39,1,2,,79798
81063,39,1,1,,79799
81064,39,1,2,,79800
81065,39,1,1,,79801
81066,39,1,1,,79802
81067,39,3,1,,79803
81068,39,1,1,,79804
81069,39,1,1,,79805
81070,39,1,2,,79806
81071,39,3,1,,79807
81072,39,3,1,,79808
81073,39,3,1,,79809
81074,39,3,1,,79810
81075,39,1,1,,79811
81076,39,1,1,,79812
81077,39,1,2,,79813
81078,39,1,1,,79814
81079,39,1,1,,79815
81080,39,1,1,,79816
81081,23,7,2,,79816
81082,60,,1,,79817
81083,39,1,1,,79818
81084,39,3,1,,79819
81085,39,3,1,,79820
81086,39,1,1,,79821
81087,39,3,1,,79822
81088,39,1,1,,79823
81089,39,1,1,,79824
81090,39,1,1,,79825
81091,23,5,1,,79825
81092,39,1,1,,79826
81093,23,7,1,,79826
81094,39,1,1,,79827
81095,39,1,2,,79828
81096,39,1,1,,79829
81097,23,7,1,,79829
81098,39,1,1,,79830
81099,39,1,1,,79831
81100,39,1,1,,79832
81101,39,1,1,,79833
81102,23,7,1,,79833
81103,39,1,2,,79834
81104,39,1,1,,79835
81105,23,7,1,,79835
81106,39,1,1,,79836
81107,39,1,1,,79837
81108,39,1,1,,79838
81109,39,1,2,,79839
81110,39,1,2,,79840
81111,39,1,1,,79841
81112,60,,1,,79842
81113,60,,1,,79843
81114,39,1,1,,79844
81115,39,1,1,,79845
81116,39,1,2,,79846
81117,39,1,2,,79847
81118,39,1,1,,79848
81119,23,7,1,,79848
81120,39,1,2,,79849
81121,39,1,1,,79850
81122,39,1,2,,79851
81123,39,1,1,,79852
81124,39,1,1,,79853
81125,39,1,2,,79854
81126,39,1,1,,79855
81127,23,7,1,,79855
81128,39,3,1,,79856
81129,39,1,1,,79857
81130,39,3,1,,79858
81131,23,5,1,,79859
81132,39,1,1,,79860
81133,39,3,1,,79861
81134,39,1,1,,79862
81135,39,1,1,,79863
81136,39,3,1,,79864
81137,39,1,2,,79865
81138,23,7,1,,79865
81139,39,1,1,,79866
81140,39,1,1,,79867
81141,23,7,1,,79867
81142,39,1,1,,79868
81143,23,7,1,,79868
81144,39,1,2,,79869
81145,39,1,1,,79870
81146,23,5,1,,79871
81147,39,1,1,,79872
81148,39,3,1,,79873
81149,39,1,1,,79874
81150,39,1,1,,79875
81151,39,1,2,,79876
81152,23,7,1,,79876
81153,39,1,2,,79877
81154,23,7,1,,79877
81155,39,1,2,,79878
81156,39,1,1,,79879
81157,39,1,2,,79880
81158,39,1,1,,79881
81159,39,1,1,,79882
81160,39,1,1,,79883
81161,39,1,1,,79884
81162,23,7,2,,79885
81163,39,1,1,,79886
81164,39,1,1,,79887
81165,60,,1,,79888
81166,60,,1,,79889
81167,39,1,1,,79890
81168,39,1,1,,79891
81169,23,7,2,,79891
81170,39,1,1,,79892
81171,23,7,1,,79892
81172,39,1,1,,79893
81173,23,5,1,,79894
81174,39,3,1,,79895
81175,39,3,1,,79896
81176,39,1,1,,79897
81177,39,1,1,,79898
81178,39,1,1,,79899
81179,23,7,1,,79899
81180,39,1,1,,79900
81181,39,1,3,,79901
81182,39,8,1,,79902
81183,39,1,2,,79903
81184,39,1,1,,79904
81185,39,1,1,,79905
81186,39,1,2,,79906
81187,23,7,1,,79906
81188,39,1,1,,79907
81189,39,1,1,,79908
81190,39,1,1,,79909
81191,23,7,2,,79909
81192,39,8,2,,79910
81193,39,1,2,,79911
81194,39,1,1,,79912
81195,39,1,2,,79913
81196,39,1,1,,79914
81197,39,1,1,,79915
81198,39,1,2,,79916
81199,39,1,1,,79917
81200,39,1,2,,79918
81201,39,3,1,,79919
81202,39,3,1,,79920
81203,39,1,1,,79921
81204,39,1,1,,79922
81205,23,7,1,,79922
81206,60,,1,,79923
81207,39,1,1,,79924
81208,39,1,1,,79925
81209,39,1,1,,79926
81210,39,3,1,,79927
81211,23,5,1,,79928
81212,23,5,1,,79929
81213,39,1,1,,79930
81214,39,1,1,,79931
81215,39,1,1,,79932
81216,23,7,1,,79932
81217,39,1,2,,79933
81218,39,1,2,,79934
81219,39,1,1,,79935
81220,39,3,1,,79936
81221,39,1,1,,79937
81222,39,1,1,,79938
81223,39,1,1,,79939
81224,39,3,1,,79940
81225,23,5,1,,79941
81226,39,1,1,,79942
81227,60,,1,,79943
81228,39,1,1,,79944
81229,11,,1,,79945
81230,39,1,2,,79946
81231,39,1,2,,79947
81232,39,1,1,,79948
81233,23,5,1,,79949
81234,39,1,1,,79950
81235,39,1,3,,79951
81236,39,1,2,,79952
81237,39,1,2,,79953
81238,23,7,1,,79953
81239,39,3,1,,79954
81240,39,1,1,,79955
81241,23,7,1,,79955
81242,39,1,1,,79956
81243,39,1,2,,79957
81244,39,1,2,,79958
81245,39,1,1,,79959
81246,39,1,2,,79960
81247,23,7,1,,79961
81248,23,7,1,,79960
81249,39,1,3,,79962
81250,23,5,2,,79962
81251,39,1,1,,79963
81252,39,1,1,,79964
81253,39,1,2,,79965
81254,39,1,1,,79966
81255,39,1,1,,79967
81256,39,1,1,,79968
81257,39,1,1,,79969
81258,39,1,1,,79970
81259,39,1,1,,79971
81260,39,1,1,,79972
81261,39,1,1,,79973
81262,39,1,1,,79974
81263,39,1,1,,79975
81264,39,1,1,,79976
81265,39,1,2,,79977
81266,39,1,1,,79978
81267,39,1,1,,79979
81268,36,,1,,79977
81269,36,,1,,79978
81270,36,,5,,79979
81271,39,1,1,,79980
81272,36,,5,,79980
81273,39,1,1,,79981
81274,39,1,3,,79982
81275,39,1,3,,79983
81276,39,1,1,,79984
81277,39,1,1,,79985
81278,39,1,1,,79986
81279,39,1,1,,79987
81280,39,1,1,,79988
81281,23,7,1,,79988
81282,39,1,2,,79989
81283,39,1,2,,79990
81284,39,1,3,,79991
81285,39,1,1,,79992
81286,39,1,1,,79993
81287,39,1,1,,79994
81288,39,1,2,,79995
81289,39,1,2,,79996
81290,39,1,2,,79997
81291,39,1,2,,79998
81292,39,1,1,,79999
81293,39,3,1,,80000
81294,39,3,1,,80001
81295,39,1,2,,80002
81296,39,1,2,,80003
81297,39,1,1,,80004
81298,39,1,2,,80005
81299,39,1,1,,80006
81300,39,1,2,,80007
81301,39,1,1,,80008
81302,39,1,1,,80009
81303,23,7,1,,80009
81304,39,1,1,,80010
81305,39,1,1,,80011
81306,39,1,1,,80012
81307,39,1,1,,80013
81308,39,1,2,,80014
81309,39,1,1,,80015
81310,23,7,1,,80015
81311,39,1,1,,80016
81312,39,1,1,,80017
81313,23,7,2,,80017
81314,39,8,3,,80018
81315,39,8,1,,80019
81316,39,1,1,,80020
81317,39,3,1,,80021
81318,39,1,3,,80022
81319,39,1,2,,80023
81320,39,1,2,,80024
81321,39,1,2,,80025
81322,39,1,2,,80026
81323,39,1,1,,80027
81324,39,1,2,,80028
81325,39,1,2,,80029
81326,39,1,1,,80030
81327,39,1,1,,80031
81328,39,1,1,,80032
81329,39,1,1,,80033
81330,39,1,1,,80034
81331,39,3,1,,80035
81332,39,1,1,,80036
81333,23,7,1,,80036
81334,39,1,1,,80037
81335,39,,1,,80038
81336,23,7,1,,80037
81337,39,1,2,,80039
81338,39,1,1,,80040
81339,39,1,2,,80041
81340,39,1,2,,80042
81341,23,7,1,,80042
81342,39,1,1,,80043
81343,39,1,2,,80044
81344,39,1,2,,80045
81345,23,7,1,,80045
81346,39,3,1,,80046
81347,39,1,2,,80047
81348,23,7,1,,80048
81349,39,1,2,,80049
81350,23,7,2,,80049
81351,39,3,1,,80050
81352,39,3,1,,80051
81353,39,1,1,,80052
81354,39,1,1,,80053
81355,39,1,1,,80054
81356,39,1,2,,80055
81357,23,7,2,,80055
81358,39,1,2,,80056
81359,39,1,1,,80057
81360,39,1,2,,80058
81361,39,1,3,,80059
81362,23,5,1,,80059
81363,39,1,2,,80060
81364,39,1,1,,80061
81365,39,1,2,,80062
81366,39,1,1,,80063
81367,39,1,1,,80064
81368,39,1,3,,80065
81369,39,3,1,,80066
81370,39,1,2,,80067
81371,23,7,1,,80067
81372,39,1,2,,80068
81373,39,1,2,,80069
81374,39,3,1,,80070
81375,39,1,4,,80071
81376,39,1,2,,80072
81377,39,1,1,,80073
81378,60,,1,,80074
81379,39,1,1,,80075
81380,39,1,1,,80076
81381,39,3,1,,80077
81382,39,1,2,,80078
81383,39,3,1,,80079
81384,22,,1,,80080
81385,39,3,1,,80081
81386,39,1,1,,80082
81387,39,1,1,,80083
81388,23,7,2,,80083
81389,23,5,1,,80084
81390,39,1,1,,80085
81391,39,1,2,,80086
81392,39,1,2,,80087
81393,39,1,1,,80088
81394,39,1,1,,80089
81395,23,7,1,,80089
81396,39,1,2,,80090
81397,39,1,1,,80091
81398,39,1,2,,80092
81399,39,3,1,,80093
81400,39,1,1,,80094
81401,39,3,1,,80095
81402,39,3,1,,80096
81403,39,1,1,,80097
81404,39,1,1,,80098
81405,39,1,1,,80099
81406,39,1,1,,80100
81407,39,1,1,,80101
81408,39,1,1,,80102
81409,39,1,1,,80103
81410,39,1,1,,80104
81411,39,1,1,,80105
81412,23,5,1,,80106
81413,39,1,2,,80107
81414,39,1,1,,80108
81415,39,3,1,,80109
81416,39,1,1,,80110
81417,39,1,1,,80111
81418,39,1,1,,80112
81419,39,1,1,,80113
81420,39,1,1,,80114
81421,39,1,1,,80115
81422,39,1,1,,80116
81423,39,1,1,,80117
81424,23,7,1,,80117
81425,39,1,1,,80118
81426,39,1,1,,80119
81427,39,1,1,,80120
81428,39,1,1,,80121
81429,39,1,2,,80122
81430,39,3,1,,80123
81431,39,3,1,,80124
81432,39,3,1,,80125
81433,23,5,1,,80126
81434,39,1,1,,80127
81435,39,1,1,,80128
81436,39,1,1,,80129
81437,39,1,2,,80130
81438,39,1,1,,80131
81439,39,1,2,,80132
81440,39,1,1,,80133
81441,39,1,1,,80134
81442,39,1,1,,80135
81443,39,1,1,,80136
81444,36,1,1,,80137
81445,60,,1,,80138
81446,36,,3,,80139
81447,39,1,2,,80140
81448,39,1,1,,80141
81449,39,1,1,,80142
81450,39,1,1,,80143
81451,39,1,1,,80144
81452,39,1,1,,80145
81453,39,1,2,,80146
81454,39,1,1,,80147
81455,39,1,1,,80148
81456,39,1,1,,80149
81457,39,1,1,,80150
81458,39,1,2,,80151
81459,39,1,1,,80152
81460,39,1,1,,80153
81461,39,1,1,,80154
81462,39,1,1,,80155
81463,39,1,1,,80156
81464,39,1,1,,80157
81465,39,1,1,,80158
81466,39,1,2,,80159
81467,39,1,2,,80160
81468,39,1,2,,80161
81469,23,5,1,,80162
81470,39,1,1,,80163
81471,39,3,1,,80164
81472,39,3,1,,80165
81473,39,1,1,,80166
81474,39,1,1,,80167
81475,39,1,1,,80168
81476,39,1,1,,80169
81477,39,1,1,,80170
81478,39,3,1,,80171
81479,23,7,1,,80172
81480,11,,1,,80173
81481,36,,5,,80174
81482,39,1,1,,80175
81483,39,1,1,,80176
81484,39,1,2,,80177
81485,39,1,1,,80178
81486,39,1,1,,80179
81487,39,1,1,,80180
81488,39,1,1,,80181
81489,39,1,1,,80182
81490,39,1,1,,80183
81491,39,1,2,,80184
81492,39,1,1,,80185
81493,39,1,3,,80186
81494,39,1,1,,80187
81495,39,1,2,,80188
81496,23,5,1,,80188
81497,39,1,3,,80189
81498,39,3,1,,80190
81499,39,1,2,,80191
81500,39,4,1,,80192
81501,39,3,1,,80193
81502,39,1,2,,80194
81503,39,1,1,,80195
81504,39,1,1,,80196
81505,39,1,1,,80197
81506,39,1,1,,80198
81507,39,1,2,,80199
81508,39,1,1,,80200
81509,23,7,1,,80200
81510,60,,1,,80201
81511,39,1,1,,80202
81512,60,,1,,80203
81513,23,7,1,,80204
81514,39,1,1,,80205
81515,39,1,1,,80206
81516,39,3,1,,80207
81517,39,3,1,,80208
81518,39,1,1,,80209
81519,39,1,1,,80210
81520,39,1,1,,80211
81521,39,1,2,,80212
81522,39,1,1,,80213
81523,39,1,3,,80214
81524,39,1,3,,80215
81525,23,7,2,,80216
81526,39,1,1,,80217
81527,39,1,1,,80218
81528,39,1,1,,80219
81529,39,1,1,,80220
81530,39,1,1,,80221
81531,39,1,2,,80222
81532,39,1,2,,80223
81533,39,3,1,,80224
81534,39,1,1,,80225
81535,39,1,1,,80226
81536,60,,1,,80227
81537,23,5,1,,80228
81538,39,3,1,,80229
81539,39,1,1,,80230
81540,39,1,1,,80231
81541,39,1,2,,80232
81542,39,1,2,,80233
81543,39,1,1,,80234
81544,39,1,1,,80235
81545,23,7,1,,80235
81546,39,1,1,,80236
81547,39,1,1,,80237
81548,39,1,1,,80238
81549,39,1,1,,80239
81550,39,1,1,,80240
81551,23,7,1,,80240
81552,23,7,1,,80241
81553,39,1,1,,80242
81554,39,3,1,,80243
81555,39,1,1,,80244
81556,39,1,1,,80245
81557,23,7,1,,80245
81558,39,1,1,,80246
81559,39,3,1,,80247
81560,39,1,1,,80248
81561,23,5,1,,80249
81562,39,3,1,,80250
81563,23,7,1,,80251
81564,39,1,1,,80252
81565,39,1,3,,80253
81566,39,1,1,,80254
81567,23,7,2,,80254
81568,39,1,2,,80255
81569,39,1,2,,80256
81570,23,7,1,,80257
81571,39,1,2,,80258
81572,39,1,1,,80259
81573,39,1,2,,80260
81574,39,1,1,,80261
81575,39,1,2,,80262
81576,39,1,2,,80263
81577,39,1,2,,80264
81578,39,3,1,,80265
81579,39,1,1,,80266
81580,39,1,1,,80267
81581,39,1,1,,80268
81582,39,1,1,,80269
81583,39,1,1,,80270
81584,23,7,1,,80270
81585,39,1,1,,80271
81586,39,1,1,,80272
81587,23,7,1,,80272
81588,39,1,2,,80273
81589,39,1,1,,80274
81590,23,7,1,,80274
81591,39,1,1,,80275
81592,39,1,1,,80276
81593,39,1,1,,80277
81594,23,7,1,,80277
81595,39,1,2,,80278
81596,39,1,1,,80279
81597,39,1,2,,80280
81598,39,1,1,,80281
81599,39,1,2,,80282
81600,39,1,1,,80283
81601,39,1,1,,80284
81602,39,1,3,,80285
81603,39,1,1,,80286
81604,39,1,1,,80287
81605,39,1,1,,80288
81606,39,1,1,,80289
81607,39,1,1,,80290
81608,39,1,2,,80291
81609,39,1,2,,80292
81610,39,1,2,,80293
81611,39,1,2,,80294
81612,39,1,1,,80295
81613,39,1,1,,80296
81614,23,7,1,,80296
81615,39,1,1,,80297
81616,39,1,1,,80298
81617,23,7,1,,80298
81618,39,1,3,,80299
81619,39,3,1,,80300
81620,39,1,1,,80301
81621,23,5,1,,80302
81622,39,1,1,,80303
81623,39,3,1,,80304
81624,39,1,1,,80305
81625,39,1,1,,80306
81626,23,7,1,,80306
81627,23,5,1,,80307
81628,39,1,1,,80308
81629,39,1,1,,80309
81630,23,7,1,,80309
81631,39,1,1,,80310
81632,39,1,1,,80311
81633,39,1,1,,80312
81634,23,7,1,,80312
81635,39,1,1,,80313
81636,39,1,1,,80314
81637,23,7,1,,80314
81638,39,1,2,,80315
81639,39,3,1,,80316
81640,39,1,2,,80317
81641,39,3,1,,80318
81642,39,3,1,,80319
81643,39,1,1,,80320
81644,39,1,1,,80321
81645,39,1,1,,80322
81646,39,1,2,,80323
81647,39,1,1,,80324
81648,39,1,1,,80325
81649,39,1,2,,80326
81650,60,,1,,80327
81651,60,,1,,80328
81652,39,1,1,,80329
81653,39,1,1,,80330
81654,39,1,1,,80331
81655,39,1,1,,80332
81656,39,1,1,,80333
81657,39,1,1,,80334
81658,39,1,1,,80335
81659,23,5,1,,80336
81660,39,1,1,,80337
81661,60,,1,,80338
81662,39,1,1,,80339
81663,39,,1,,80340
81664,39,1,1,,80341
81665,39,1,1,,80342
81666,39,1,1,,80343
81667,39,1,1,,80344
81668,39,3,1,,80345
81669,39,3,1,,80346
81670,60,,1,,80347
81671,39,1,2,,80348
81673,23,7,1,,80348
81674,39,1,1,,80349
81675,39,1,1,,80350
81676,39,1,1,,80351
81677,36,,1,,80352
81678,36,,4,,80353
81679,36,,2,,80354
81680,39,1,1,,80355
81681,39,1,1,,80356
81682,39,1,2,,80357
81683,39,1,2,,80358
81684,39,3,1,,80359
81685,39,1,2,,80360
81686,39,1,3,,80361
81687,39,1,2,,80362
81688,60,,1,,80363
81689,39,1,1,,80364
81690,39,1,1,,80365
81691,39,1,2,,80366
81692,39,1,1,,80367
81693,39,1,2,,80368
81694,39,1,1,,80369
81695,39,1,2,,80370
81696,39,1,3,,80371
81697,39,1,1,,80372
81698,23,5,1,,80373
81699,39,3,1,,80374
81700,39,3,1,,80375
81701,39,1,1,,80376
81702,39,1,2,,80377
81703,39,3,1,,80378
81704,60,,1,,80379
81705,39,1,2,,80380
81706,39,3,1,,80381
81707,39,1,1,,80382
81708,39,1,1,,80383
81709,39,1,1,,80384
81710,39,1,1,,80385
81711,39,1,1,,80386
81712,39,1,1,,80387
81713,39,1,1,,80388
81714,39,1,1,,80389
81715,39,1,1,,80390
81716,39,1,1,,80391
81717,39,1,2,,80392
81718,39,1,1,,80393
81719,23,7,1,,80393
81720,39,1,1,,80394
81721,39,1,1,,80395
81722,39,3,1,,80396
81723,39,3,1,,80397
81724,39,3,1,,80398
81725,39,1,1,,80399
81726,39,3,1,,80400
81727,39,1,1,,80401
81728,39,1,1,,80402
81729,39,3,1,,80403
81730,39,1,1,,80404
81731,39,,1,,80405
81732,39,3,1,,80406
81733,39,1,2,,80407
81734,39,1,1,,80408
81735,39,3,1,,80409
81736,39,3,1,,80410
81737,36,,2,,80411
81738,39,1,1,,80412
81739,39,1,1,,80413
81740,39,1,1,,80414
81741,39,1,1,,80415
81742,39,1,1,,80416
81743,39,1,1,,80417
81744,39,1,1,,80418
81745,39,1,1,,80419
81746,39,1,1,,80420
81747,39,1,1,,80421
81748,39,1,1,,80422
81749,39,1,1,,80423
81750,39,1,1,,80424
81751,39,1,1,,80425
81752,39,1,1,,80426
81753,39,1,1,,80427
81754,39,1,1,,80428
81755,39,1,1,,80429
81756,39,1,1,,80430
81757,39,1,1,,80431
81758,39,1,2,,80432
81759,39,1,1,,80433
81760,39,1,1,,80434
81761,39,1,2,,80435
81762,39,1,1,,80436
81763,39,1,1,,80437
81764,39,1,1,,80438
81765,39,1,1,,80439
81766,39,1,2,,80440
81767,39,1,1,,80441
81768,39,1,1,,80442
81769,39,1,1,,80443
81770,39,1,1,,80444
81771,39,1,1,,80445
81772,39,1,1,,80446
81773,39,1,1,,80447
81774,39,1,1,,80448
81775,39,,1,,80449
81776,39,,1,,80450
81777,39,,1,,80451
81778,39,1,1,,80452
81779,39,,1,,80453
81780,39,1,1,,80454
81781,39,,1,,80455
81782,39,,1,,80456
81783,39,1,2,,80457
81784,39,1,2,,80458
81785,39,1,1,,80459
81786,39,1,1,,80460
81787,39,1,1,,80461
81788,39,1,1,,80462
81789,39,1,1,,80463
81790,39,1,1,,80464
81791,39,1,1,,80465
81792,39,1,1,,80466
81793,39,1,1,,80467
81794,39,1,1,,80468
81795,39,1,1,,80469
81796,39,1,2,,80470
81797,39,1,1,,80471
81798,23,7,1,,80471
81799,39,1,1,,80472
81800,39,1,1,,80473
81801,39,1,1,,80474
81802,39,1,1,,80475
81803,39,1,1,,80476
81804,39,1,1,,80477
81805,39,1,1,,80478
81806,39,1,1,,80479
81807,39,1,2,,80480
81808,39,1,1,,80481
81809,39,1,1,,80482
81810,39,1,1,,80483
81811,39,1,2,,80484
81812,39,1,1,,80485
81813,39,1,1,,80486
81814,39,1,1,,80487
81815,39,1,1,,80488
81816,39,1,1,,80489
81817,39,1,2,,80490
81818,39,1,1,,80491
81819,39,1,2,,80492
81820,39,1,1,,80493
81821,39,1,2,,80494
81822,39,1,1,,80495
81823,39,1,1,,80496
81824,39,1,1,,80497
81825,39,1,1,,80498
81826,39,1,2,,80499
81827,39,1,1,,80500
81828,39,1,1,,80501
81829,39,1,1,,80502
81830,39,1,1,,80503
81831,39,1,1,,80504
81832,39,1,1,,80505
81833,39,1,1,,80506
81834,39,1,1,,80507
81835,39,1,1,,80508
81836,39,1,1,,80509
81837,39,1,1,,80510
81838,39,1,3,,80511
81839,39,1,2,,80512
81840,39,1,1,,80513
81841,39,1,1,,80514
81842,39,1,1,,80515
81843,39,1,1,,80516
81844,39,1,1,,80517
81845,39,1,1,,80518
81846,39,1,1,,80519
81847,39,1,1,,80520
81848,39,1,2,,80521
81849,39,1,1,,80522
81850,39,1,1,,80523
81851,39,1,2,,80524
81852,39,1,1,,80525
81853,39,1,1,,80526
81854,39,1,1,,80527
81855,39,1,1,,80528
81856,39,1,1,,80529
81857,39,1,1,,80530
81858,39,1,1,,80531
81859,39,1,1,,80532
81860,39,1,1,,80533
81861,39,1,1,,80534
81862,39,1,2,,80535
81863,39,1,2,,80536
81864,39,1,1,,80537
81865,39,1,2,,80538
81866,39,1,1,,80539
81867,39,1,1,,80540
81868,39,1,1,,80541
81869,39,1,1,,80542
81870,39,1,1,,80543
81871,39,1,1,,80544
81872,23,5,1,,80545
81873,39,1,1,,80546
81874,23,7,2,,80546
81875,39,1,1,,80547
81876,39,1,1,,80548
81877,39,1,1,,80549
81878,39,1,2,,80550
81879,39,1,1,,80551
81880,39,1,1,,80552
81881,39,1,2,,80553
81882,39,1,2,,80554
81883,39,1,1,,80555
81884,39,1,1,,80556
81885,39,1,1,,80557
81886,39,1,1,,80558
81887,39,1,1,,80559
81888,39,1,1,,80560
81889,39,1,2,,80561
81890,39,1,1,,80562
81891,39,1,1,,80563
81892,39,1,1,,80564
81893,39,1,1,,80565
81894,39,1,1,,80566
81895,23,5,1,,80567
81896,39,1,1,,80568
81897,39,1,1,,80569
81898,39,1,1,,80570
81899,39,1,1,,80571
81900,39,1,1,,80572
81901,39,1,1,,80573
81902,39,1,1,,80574
81903,39,1,1,,80575
81904,39,1,1,,80576
81905,39,1,1,,80577
81906,39,1,1,,80578
81907,39,1,1,,80579
81908,23,7,1,,80579
81909,39,1,1,,80580
81910,39,1,1,,80581
81911,39,1,1,,80582
81912,39,1,1,,80583
81913,39,1,1,,80584
81914,39,1,1,,80585
81915,39,1,1,,80586
81916,39,1,2,,80587
81917,39,1,1,,80588
81918,39,1,1,,80589
81919,39,1,1,,80590
81920,39,1,1,,80591
81921,39,1,1,,80592
81922,39,1,1,,80593
81923,39,1,1,,80594
81924,39,1,1,,80595
81925,39,1,1,,80596
81926,39,1,1,,80597
81927,39,1,1,,80598
81928,39,1,1,,80599
81929,39,1,1,,80600
81930,39,1,1,,80601
81931,39,1,1,,80602
81932,39,1,2,,80603
81933,39,1,1,,80604
81934,39,1,2,,80605
81935,39,1,1,,80606
81936,39,1,1,,80607
81937,39,1,1,,80608
81938,39,1,1,,80609
81939,39,1,1,,80610
81940,39,1,1,,80611
81941,39,1,2,,80612
81942,39,1,1,,80613
81943,39,1,1,,80614
81944,39,1,2,,80615
81945,39,1,1,,80616
81946,39,1,1,,80617
81947,39,1,1,,80618
81948,39,1,1,,80619
81949,39,1,1,,80620
81950,39,1,1,,80621
81951,39,1,1,,80622
81952,39,1,1,,80623
81953,39,1,1,,80624
81954,39,1,1,,80625
81955,39,1,1,,80626
81956,39,1,1,,80627
81957,39,1,1,,80628
81958,39,1,1,,80629
81959,39,1,1,,80630
81960,39,1,1,,80631
81961,39,1,1,,80632
81962,39,1,1,,80633
81963,39,1,1,,80634
81964,39,1,1,,80635
81965,39,1,1,,80636
81966,39,1,1,,80637
81967,39,1,2,,80638
81968,39,3,1,,80639
81969,39,3,1,,80640
81970,39,3,2,,80641
81971,39,1,2,,80642
81972,39,1,1,,80643
81973,39,1,2,,80644
81974,23,7,1,,80644
81975,39,1,1,,80645
81976,39,1,2,,80646
81977,39,1,2,,80647
81978,39,1,1,,80648
81979,39,1,2,,80649
81980,23,7,1,,80649
81981,39,1,1,,80650
81982,39,1,1,,80651
81983,23,5,1,,80652
81984,23,7,1,,80653
81985,39,1,1,,80654
81986,39,1,1,,80655
81987,39,1,2,,80656
81988,39,1,1,,80657
81989,39,1,2,,80658
81990,39,3,1,,80659
81991,39,3,1,,80660
81992,60,,1,,80661
81993,39,1,1,,80662
81994,39,1,1,,80663
81995,39,3,1,,80664
81996,39,1,1,,80665
81997,39,3,1,,80666
81998,39,1,1,,80667
81999,39,1,2,,80668
82000,39,1,2,,80669
82001,60,,1,,80670
82002,39,1,3,,80671
82003,39,3,1,,80672
82004,39,3,1,,80673
82005,39,1,1,,80674
82006,39,1,2,,80675
82007,39,1,2,,80676
82008,39,1,1,,80677
82009,39,1,2,,80678
82010,23,5,1,,80679
82011,39,3,1,,80680
82012,39,3,1,,80681
82013,23,5,1,,80682
82014,39,1,1,,80683
82015,36,,1,,80684
82016,36,,2,,80685
82017,36,,1,,80686
82018,39,1,1,,80687
82019,39,1,1,,80688
82020,23,5,1,,80688
82021,39,1,1,,80689
82022,39,1,1,,80690
82023,39,1,1,,80691
82024,39,3,1,,80692
82025,39,1,2,,80693
82026,39,1,1,,80694
82027,23,7,1,,80694
82028,39,1,2,,80695
82029,39,1,1,,80696
82030,39,1,2,,80697
82031,39,1,1,,80698
82033,23,7,1,,80698
82034,39,1,1,,80699
82035,23,7,1,,80699
82036,39,1,1,,80700
82037,39,3,1,,80701
82038,39,1,2,,80702
82039,23,7,1,,80702
82040,39,1,2,,80703
82042,23,7,1,,80703
82043,39,1,2,,80704
82044,39,1,1,,80705
82045,39,1,2,,80706
82046,39,1,2,,80707
82047,39,1,1,,80708
82048,39,1,1,,80709
82049,39,1,1,,80710
82050,23,7,1,,80710
82051,39,1,1,,80711
82052,39,1,1,,80712
82053,23,7,1,,80712
82054,39,1,1,,80713
82055,23,7,1,,80713
82056,23,5,1,,80714
82057,39,1,2,,80715
82058,39,1,4,,80716
82059,39,3,1,,80717
82060,39,1,4,,80718
82061,39,3,1,,80719
82062,39,1,1,,80720
82063,39,1,1,,80721
82064,39,3,1,,80722
82065,39,3,1,,80723
82066,23,5,1,,80724
82067,39,1,1,,80725
82068,39,1,1,,80726
82069,39,1,1,,80727
82070,23,5,1,,80727
82071,11,,1,,80728
82072,39,1,1,,80729
82073,11,,1,,80730
82074,39,3,1,,80731
82075,60,,1,,80732
82076,39,1,1,,80733
82077,39,1,2,,80734
82078,39,1,2,,80735
82079,39,1,1,,80736
82080,39,1,1,,80737
82081,39,1,2,,80738
82082,39,1,2,,80739
82083,23,5,1,,80740
82084,23,7,1,,80741
82085,39,1,1,,80742
82086,39,1,1,,80743
82087,39,1,1,,80744
82088,39,1,1,,80745
82089,39,1,1,,80746
82090,39,1,1,,80747
82091,39,1,1,,80748
82092,39,1,1,,80749
82093,39,1,1,,80750
82094,39,1,1,,80751
82095,39,1,3,,80752
82096,39,1,1,,80753
82097,39,1,2,,80754
82098,39,1,2,,80755
82099,39,1,2,,80756
82100,39,1,2,,80757
82101,39,3,1,,80758
82102,39,1,2,,80759
82103,23,5,1,,80759
82104,39,1,2,,80760
82105,39,1,3,,80761
82106,39,3,1,,80762
82107,39,1,1,,80763
82108,23,5,1,,80764
82109,39,1,2,,80765
82110,39,1,1,,80766
82111,39,1,1,,80767
82112,23,5,1,,80767
82113,39,1,1,,80768
82114,39,1,1,,80769
82115,39,1,1,,80770
82116,39,1,2,,80771
82117,39,1,1,,80772
82118,39,3,1,,80773
82119,39,3,1,,80774
82120,39,3,1,,80775
82121,39,1,1,,80776
82122,11,,1,,80777
82123,39,1,1,,80778
82124,39,1,1,,80779
82125,39,1,1,,80780
82126,39,1,1,,80781
82127,60,1,1,,80782
82128,60,,1,,80783
82129,60,,1,,80784
82130,60,,1,,80785
82131,60,,1,,80786
82132,39,1,1,,80787
82133,39,1,2,,80788
82134,39,3,1,,80789
82135,39,1,1,,80790
82136,39,1,1,,80791
82137,23,7,1,,80791
82138,39,1,1,,80792
82139,39,1,1,,80793
82141,23,7,1,,80793
82142,39,1,2,,80794
82143,39,3,1,,80795
82144,39,1,1,,80796
82145,39,1,2,,80797
82146,39,3,1,,80798
82147,39,1,2,,80799
82148,39,1,1,,80800
82149,39,1,1,,80801
82150,39,1,1,,80802
82151,39,1,1,,80803
82152,23,7,1,,80803
82153,60,,1,,80804
82154,39,1,2,,80805
82155,39,1,1,,80806
82156,39,1,1,,80807
82157,39,1,1,,80808
82158,39,1,1,,80809
82159,39,1,2,,80810
82160,39,1,1,,80811
82161,39,1,2,,80812
82162,39,1,2,,80813
82163,39,1,2,,80814
82164,39,1,2,,80815
82165,39,1,1,,80816
82166,39,1,2,,80817
82167,39,1,2,,80818
82168,39,1,2,,80819
82169,39,1,5,,80820
82170,39,1,1,,80821
82171,23,7,1,,80821
82172,39,1,1,,80822
82173,39,1,1,,80823
82174,39,1,3,,80824
82175,39,1,2,,80825
82176,39,1,3,,80826
82177,39,3,1,,80827
82178,39,1,1,,80828
82179,39,1,1,,80829
82180,23,5,1,,80829
82181,39,3,1,,80830
82182,39,1,1,,80831
82183,39,1,2,,80832
82184,39,1,1,,80833
82185,39,1,2,,80834
82186,39,1,1,,80835
82187,39,1,1,,80836
82188,39,1,1,,80837
82189,39,1,3,,80838
82190,39,1,1,,80839
82191,39,1,1,,80840
82192,39,3,1,,80841
82193,60,,1,,80842
82194,39,1,1,,80843
82195,39,1,2,,80844
82196,39,1,2,,80845
82197,23,7,1,,80845
82198,39,1,2,,80846
82199,23,7,1,,80846
82200,39,1,1,,80847
82201,39,3,1,,80848
82202,39,1,1,,80849
82203,39,1,1,,80850
82204,39,1,1,,80851
82205,39,1,1,,80852
82206,23,7,1,,80852
82207,39,1,2,,80853
82208,39,3,1,,80854
82209,39,1,2,,80855
82210,39,1,1,,80856
82211,23,7,1,,80856
82212,39,1,2,,80857
82213,39,3,1,,80858
82214,39,3,1,,80859
82215,39,1,1,,80860
82216,23,7,1,,80860
82217,39,3,1,,80861
82218,39,1,1,,80862
82219,39,1,1,,80863
82220,39,1,4,,80864
82221,39,1,1,,80865
82222,39,1,1,,80866
82223,39,1,1,,80867
82224,39,1,1,,80868
82225,39,1,2,,80869
82226,39,1,2,,80870
82227,23,7,1,,80870
82228,39,1,2,,80871
82229,23,7,1,,80871
82230,39,1,1,,80872
82231,39,1,2,,80873
82232,23,7,1,,80873
82233,39,1,3,,80874
82234,39,1,2,,80875
82236,23,7,1,,80875
82237,39,1,2,,80876
82238,39,1,2,,80877
82239,39,1,2,,80878
82240,23,7,1,,80878
82241,39,1,2,,80879
82242,39,1,2,,80880
82243,39,3,2,,80881
82244,39,1,1,,80882
82245,39,3,1,,80883
82246,39,1,1,,80884
82247,60,,1,,80885
82248,60,,1,,80886
82249,39,1,1,,80887
82250,39,1,1,,80888
82251,23,7,1,,80888
82252,39,1,1,,80889
82253,23,5,1,,80889
82254,39,3,1,,80890
82255,39,1,1,,80891
82256,39,1,2,,80892
82257,39,1,1,,80893
82258,39,1,1,,80894
82259,39,1,1,,80895
82260,39,1,1,,80896
82261,39,1,1,,80897
82262,39,1,1,,80898
82263,39,1,1,,80899
82264,39,1,2,,80900
82265,23,7,1,,80900
82266,39,1,1,,80901
82267,39,1,2,,80902
82268,39,1,2,,80903
82269,39,1,2,,80904
82270,39,1,1,,80905
82271,39,1,2,,80906
82272,39,1,1,,80907
82273,39,1,2,,80908
82274,39,1,2,,80909
82275,39,1,1,,80910
82276,39,3,1,,80911
82277,39,1,1,,80912
82278,39,1,2,,80913
82279,39,1,2,,80914
82280,39,1,2,,80915
82281,39,1,1,,80916
82282,39,1,1,,80917
82283,39,1,1,,80918
82284,39,3,1,,80919
82285,39,1,2,,80920
82286,39,1,1,,80921
82287,39,1,1,,80922
82288,39,1,2,,80923
82289,39,1,1,,80924
82290,39,1,1,,80925
82291,39,1,1,,80926
82292,39,1,1,,80927
82293,39,1,2,,80928
82294,39,1,2,,80929
82295,39,1,1,,80930
82296,39,1,1,,80931
82297,39,3,1,,80932
82298,39,1,2,,80933
82299,39,1,1,,80934
82300,39,1,1,,80935
82301,39,1,1,,80936
82302,39,1,1,,80937
82303,39,1,1,,80938
82304,39,1,1,,80939
82305,39,1,3,,80940
82306,39,1,1,,80941
82307,39,1,2,,80942
82308,39,1,1,,80943
82309,39,1,2,,80944
82310,39,3,1,,80945
82311,39,3,1,,80946
82312,39,1,1,,80947
82313,39,1,1,,80948
82314,39,1,1,,80949
82315,39,3,1,,80950
82316,39,1,2,,80951
82317,39,1,2,,80952
82318,60,,1,,80953
82319,39,1,1,,80954
82320,39,3,1,,80955
82321,39,1,1,,80956
82322,39,1,1,,80957
82323,23,7,1,,80957
82324,23,5,1,,80958
82325,39,1,1,,80959
82326,39,1,1,,80960
82327,39,1,1,,80961
82328,23,7,1,,80961
82329,39,1,1,,80962
82330,39,1,1,,80963
82331,39,1,2,,80964
82332,39,1,1,,80965
82333,39,1,1,,80966
82334,39,1,2,,80967
82335,39,1,1,,80968
82336,23,5,1,,80968
82337,39,1,2,,80969
82338,23,7,1,,80969
82339,39,1,2,,80970
82340,39,1,2,,80971
82341,39,1,1,,80972
82342,39,1,1,,80973
82343,39,1,2,,80974
82344,39,1,2,,80975
82345,39,1,1,,80976
82346,39,1,1,,80977
82347,39,1,3,,80978
82348,39,1,1,,80979
82349,39,1,2,,80980
82350,39,1,2,,80981
82351,23,7,1,,80981
82352,39,3,1,,80982
82353,39,,2,,80983
82354,60,,1,,80984
82355,39,1,1,,80985
82356,39,3,1,,80986
82357,39,1,2,,80987
82358,39,1,1,,80988
82359,23,7,1,,80989
82360,39,1,1,,80990
82361,39,3,1,,80991
82362,39,1,1,,80992
82363,23,7,1,,80992
82364,39,3,1,,80993
82365,39,1,1,,80994
82366,39,1,2,,80995
82367,39,1,1,,80996
82368,39,1,1,,80997
82369,39,1,1,,80998
82370,39,1,2,,80999
82371,39,1,1,,81000
82372,39,1,1,,81001
82373,39,1,1,,81002
82374,39,1,2,,81003
82375,39,1,2,,81004
82376,60,,1,,81005
82377,39,1,2,,81006
82378,36,,1,,81007
82379,55,,1,,81008
82380,39,1,1,,81009
82381,39,3,1,,81010
82382,39,1,1,,81011
82383,39,1,2,,81012
82384,39,1,2,,81013
82385,39,1,1,,81014
82386,39,1,2,,81015
82387,39,6,3,,81016
82388,39,6,1,,81017
82389,39,6,2,,81018
82390,39,6,3,,81019
82391,39,6,3,,81020
82392,39,6,2,,81021
82393,39,6,3,,81022
82394,39,6,2,,81023
82395,39,6,3,,81024
82396,39,6,3,,81025
82397,39,6,3,,81026
82398,39,6,5,,81027
82399,39,6,1,,81028
82400,39,6,2,,81029
82401,39,1,1,,81030
82402,23,5,1,,81031
82403,39,1,1,,81032
82404,39,1,1,,81033
82405,39,1,1,,81034
82406,39,1,1,,81035
82407,39,1,1,,81036
82408,39,1,1,,81037
82409,39,1,2,,81038
82410,39,1,2,,81039
82411,39,1,1,,81040
82412,23,5,1,,81040
82413,23,5,1,,81041
82414,60,,1,,81042
82415,39,1,1,,81043
82416,39,1,1,,81044
82417,39,1,1,,81045
82418,39,1,1,,81046
82419,39,1,1,,81047
82420,39,1,1,,81048
82421,39,1,1,,81049
82422,39,1,1,,81050
82423,23,5,1,,81051
82424,39,1,2,,81052
82425,39,1,1,,81053
82426,39,1,1,,81054
82427,39,1,1,,81055
82428,39,1,1,,81056
82429,39,3,1,,81057
82430,23,5,1,,81058
82431,23,7,1,,81059
82432,39,1,1,,81060
82433,23,7,1,,81060
82434,39,1,1,,81061
82436,23,7,1,,81061
82437,36,,1,,81062
82438,36,,2,,81063
82439,23,5,1,,81064
82440,39,1,2,,81065
82441,23,5,1,,81066
82442,39,1,1,,81067
82443,39,1,1,,81068
82444,39,1,1,,81069
82445,39,1,1,,81070
82446,39,1,1,,81071
82447,39,1,1,,81072
82448,39,1,1,,81073
82449,39,1,1,,81074
82450,39,1,1,,81075
82451,39,1,2,,81076
82452,23,5,1,,81077
82453,23,7,1,,81078
82454,39,1,1,,81078
82455,39,1,1,,81079
82456,39,1,1,,81080
82457,39,1,1,,81081
82458,39,1,1,,81082
82459,22,,1,,81083
82460,39,1,1,,81084
82461,23,5,1,,81084
82462,23,5,1,,81085
82463,39,1,1,,81086
82464,39,1,1,,81087
82465,39,1,1,,81088
82466,23,5,1,,81089
82467,39,1,1,,81090
82468,39,1,1,,81091
82469,39,1,2,,81092
82470,39,1,2,,81093
82471,39,1,2,,81094
82472,39,1,1,,81095
82473,39,1,1,,81096
82474,39,1,1,,81097
82475,39,1,1,,81098
82476,39,1,1,,81099
82477,23,5,1,,81100
82478,39,1,1,,81101
82479,39,1,1,,81102
82480,39,1,1,,81103
82481,23,7,1,,81103
82482,39,1,1,,81104
82483,39,1,1,,81105
82484,39,1,1,,81106
82485,39,1,1,,81107
82486,39,1,1,,81108
82487,39,3,1,,81109
82488,39,3,1,,81110
82489,39,3,1,,81111
82490,39,1,1,,81112
82491,39,3,1,,81113
82492,23,7,1,,81114
82493,39,1,1,,81115
82494,23,5,1,,81116
82495,22,,1,,81117
82496,22,,1,,81118
82497,39,1,1,,81119
82498,39,1,1,,81120
82499,39,1,1,,81121
82500,39,3,1,,81122
82501,39,3,1,,81123
82502,39,1,1,,81124
82503,39,3,1,,81125
82504,39,3,1,,81126
82505,23,7,1,,81127
82506,39,1,1,,81128
82507,23,7,1,,81128
82508,39,3,1,,81129
82509,39,3,1,,81130
82510,39,3,1,,81131
82511,39,3,1,,81132
82512,39,1,1,,81133
82513,23,5,1,,81134
82514,39,1,1,,81135
82515,39,1,1,,81136
82516,39,1,1,,81137
82517,39,3,1,,81138
82518,39,1,1,,81139
82519,39,3,1,,81140
82520,39,1,1,,81141
82521,39,3,1,,81142
82522,39,3,1,,81143
82523,39,1,1,,81144
82524,39,1,2,,81145
82525,39,1,1,,81146
82526,43,,1,,81147
82527,39,1,1,,81148
82528,39,1,1,,81149
82529,23,,1,in backpack,81149
82530,39,1,1,,81150
82531,23,7,1,,81151
82532,39,3,1,,81152
82533,39,3,1,,81153
82534,39,1,2,,81154
82535,39,1,1,,81155
82536,39,1,1,,81156
82537,39,1,1,,81157
82538,23,7,1,,81158
82539,39,1,1,,81159
82540,23,5,1,,81160
82541,39,3,1,,81161
82542,39,1,1,,81162
82543,23,7,3,,81162
82544,39,1,1,,81163
82545,23,7,1,,81163
82546,39,1,1,,81164
82547,39,1,1,,81165
82548,39,1,1,,81166
82549,39,1,1,,81167
82550,39,1,1,,81168
82551,39,1,2,,81169
82552,23,5,1,,81169
82553,39,1,1,,81170
82554,39,1,2,,81171
82555,39,1,2,,81172
82556,39,1,2,,81173
82557,23,7,1,,81173
82558,39,1,1,,81174
82559,39,1,2,,81175
82560,39,1,2,,81176
82561,39,1,2,,81177
82562,39,1,1,,81178
82563,39,1,2,,81179
82564,39,3,1,,81180
82565,23,5,1,,81181
82566,39,1,1,,81182
82567,39,1,1,,81183
82568,39,1,1,,81184
82569,39,1,1,,81185
82570,39,1,1,,81186
82571,39,3,1,,81187
82572,60,,1,,81188
82573,80,,2,,81189
82574,39,1,1,,81190
82575,39,1,1,,81191
82576,39,1,1,,81192
82577,39,1,1,,81193
82578,23,5,1,,81194
82579,39,1,1,,81195
82580,60,,1,,81196
82581,60,,1,,81197
82582,60,,1,,81198
82583,60,,1,,81199
82584,60,,1,,81200
82585,60,,1,,81201
82586,60,,1,,81202
82587,60,,1,,81203
82588,60,,1,,81204
82589,60,,1,,81205
82590,60,,1,,81206
82591,60,,1,,81207
82592,60,,1,,81208
82593,60,,1,,81209
82594,60,,1,,81210
82595,60,,1,,81211
82596,60,,1,,81212
82597,60,,1,,81213
82598,60,,1,,81214
82599,60,,1,,81215
82600,60,,1,,81216
82601,60,,1,,81217
82602,60,,1,,81218
82603,60,,1,,81219
82604,60,,1,,81220
82605,60,,1,,81221
82606,60,,1,,81222
82607,60,,1,,81223
82608,60,,1,,81224
82609,60,,1,,81225
82610,60,,1,,81226
82611,60,,1,,81227
82612,60,,1,,81228
82613,60,,1,,81229
82614,60,,1,,81230
82615,60,,1,,81231
82616,60,,1,,81232
82617,60,,1,,81233
82618,60,,1,,81234
82619,60,,1,,81235
82620,60,,1,,81236
82621,60,,1,,81237
82622,60,,1,,81238
82623,60,,1,,81239
82624,60,,1,,81240
82625,60,,1,,81241
82626,60,,1,,81242
82627,60,,1,,81243
82628,60,,1,,81244
82629,60,,1,,81245
82630,60,,1,,81246
82631,60,,1,,81247
82632,60,,1,,81248
82633,60,,1,,81249
82634,60,,1,,81250
82635,60,,1,,81251
82636,60,,1,,81252
82637,60,,1,,81253
82638,60,,1,,81254
82639,60,,1,,81255
82640,60,,1,,81256
82641,60,,1,,81257
82642,60,,1,,81258
82643,60,,1,,81259
82644,60,,1,,81260
82645,60,,1,,81261
82646,60,,1,,81262
82647,60,,1,,81263
82648,60,,1,,81264
82649,60,,1,,81265
82650,60,,1,,81266
82651,60,,1,,81267
82652,60,,1,,81268
82653,60,,1,,81269
82654,60,,1,,81270
82655,60,,1,,81271
82656,39,6,1,,81272
82657,39,6,2,,81273
82658,39,6,1,,81274
82659,13,,1,,81275
82660,36,,1,,81276
82661,36,,1,,81277
82662,50,,1,,81278
82663,50,,1,,81279
82664,50,,1,,81280
82665,83,,1,,81281
82666,36,,1,,81282
82667,36,,1,,81283
82668,36,,1,,81284
82669,36,,1,,81285
82670,36,,1,,81286
82671,36,,1,,81287
82672,36,,1,,81288
82673,55,,1,,81289
82674,36,,1,,81290
82675,36,,1,,81291
82676,36,,1,,81292
82677,39,6,1,,81293
82678,39,6,3,,81294
82679,39,6,1,,81295
82680,39,6,1,,81296
82681,39,6,1,,81297
82682,39,6,1,,81298
82683,39,6,2,,81299
82684,39,6,2,,81300
82685,55,,1,,81301
82686,23,5,1,,81302
82687,39,1,1,,81303
82688,23,5,1,,81303
82689,39,3,1,,81304
82690,39,1,4,,81305
82691,23,7,1,,81305
82692,23,5,1,,81306
82693,39,1,4,,81307
82694,39,1,3,,81308
82695,23,5,2,,81309
82696,39,3,1,,81310
82697,23,5,1,,81311
82698,39,3,1,,81312
82699,39,1,3,,81313
82700,39,1,3,,81314
82701,23,5,1,,81314
82702,39,1,3,,81315
82703,23,5,1,,81315
82704,39,1,2,,81316
82705,23,5,1,,81316
82706,39,1,1,,81317
82707,39,1,2,,81318
82708,39,1,3,,81319
82709,39,1,2,,81320
82710,39,1,2,,81321
82711,39,1,2,,81322
82712,39,1,2,,81323
82713,39,1,2,,81324
82714,39,1,2,,81325
82715,39,1,2,,81326
82716,39,1,2,,81327
82717,39,1,2,,81328
82718,39,1,2,,81329
82719,23,7,1,,81329
82720,39,1,2,,81330
82721,39,1,1,,81331
82722,23,5,1,,81331
82723,23,5,1,,81332
82724,39,1,1,,81333
82725,39,1,1,,81334
82726,39,6,1,,81335
82727,39,6,1,,81336
82728,39,6,1,,81337
82729,39,6,1,,81338
82730,39,6,1,,81339
82731,39,6,1,,81340
82732,39,6,3,,81341
82733,39,6,4,,81342
82734,39,6,1,,81343
82735,39,6,2,,81344
82736,39,6,2,,81345
82737,39,6,1,,81346
82738,39,6,1,,81347
82739,39,6,1,,81348
82740,39,6,1,,81349
82741,39,6,1,,81350
82742,39,6,1,,81351
82743,39,6,1,,81352
82744,39,6,2,,81353
82745,39,6,2,,81354
82746,39,6,1,,81355
82747,39,6,2,,81356
82748,39,6,1,,81357
82749,39,6,1,,81358
82750,36,,1,,81359
82751,60,,1,,81360
82752,36,,1,,81361
82753,36,,1,,81362
82754,36,,2,,81363
82755,36,,1,,81364
82756,36,,1,,81365
82757,36,,1,,81366
82758,36,,1,,81367
82759,36,,1,,81368
82760,36,,1,,81369
82761,36,,1,,81370
82762,39,6,1,,81371
82763,39,6,1,,81372
82764,39,6,1,,81373
82765,39,6,1,,81374
82766,39,6,1,,81375
82767,60,,1,,78519
82768,39,6,3,,81376
82769,39,6,2,,81377
82770,39,6,1,,81378
82771,60,,1,,81379
82772,60,,1,,81380
82773,60,,1,,81381
82774,60,,1,,81382
82775,60,,1,,81383
82776,60,,1,,81384
82777,60,,1,,81385
82778,60,,1,,81386
82779,60,,1,,81387
82780,60,,1,,81388
82781,60,,1,,81389
82782,60,,1,,81390
82783,60,,1,,81391
82784,60,,1,,81392
82785,60,,1,,81393
82786,60,,1,,81394
82787,60,,1,,81395
82788,60,,1,,81396
82789,60,,1,,81397
82790,60,,1,,81398
82791,60,,1,,81399
82792,60,,1,,81400
82793,60,,1,,81401
82794,60,,1,,81402
82795,60,,1,,81403
82796,60,,1,,81404
82797,60,,1,,81405
82798,60,,1,,81406
82799,60,,1,,81407
82800,60,,1,,81408
82801,60,,1,,81409
82802,60,,1,,81410
82803,60,,1,,81411
82804,60,,1,,81412
82805,60,,1,,81413
82806,60,,1,,81414
82807,60,,1,,81415
82808,36,,1,,81416
82809,36,,1,,81417
82810,36,,1,,81418
82811,60,,1,,81419
82812,60,,1,,81420
82813,60,,1,,81421
82814,60,,1,,81422
82815,36,,1,,81423
82816,60,,1,,81424
82817,36,,1,,81425
82818,60,,1,,81426
82819,60,,1,,81427
82820,60,,1,,81428
82821,60,,1,,81429
82822,36,,1,,81430
82823,60,,1,,81431
82824,60,,1,,81432
82825,60,,1,,81433
82826,60,,1,,81434
82827,60,,1,,81435
82828,60,,1,,81436
82829,60,,1,,81437
82830,60,,1,,81438
82831,60,,1,,81439
82832,60,,1,,81440
82833,60,,1,,81441
82834,60,,1,,81442
82835,60,,1,,81443
82836,60,,1,,81444
82837,60,,1,,81445
82838,60,,1,,81446
82839,60,,1,,81447
82840,60,,1,,81448
82841,60,,1,,81449
82842,60,,1,,81450
82843,60,,1,,81451
82844,60,,1,,81452
82845,60,,1,,81453
82846,60,,1,,81454
82847,60,,1,,81455
82848,60,,1,,81456
82849,60,,1,,81457
82850,36,,1,,81458
82851,60,,1,,81459
82852,60,,1,,81460
82853,60,,1,,81461
82854,60,,1,,81462
82855,60,,1,,81463
82856,60,,1,,81464
82857,60,,1,,81465
82858,36,,1,,81466
82859,60,,1,,81467
82860,60,,1,,81468
82861,60,,1,,81469
82862,60,,1,,81470
82863,60,,1,,81471
82864,60,,1,,81472
82865,60,,1,,81473
82866,60,,1,,81474
82867,60,,1,,81475
82868,60,,1,,81476
82869,60,,1,,81477
82870,60,,1,,81478
82871,60,,1,,81479
82872,60,,1,,81480
82873,60,,1,,81481
82874,60,,1,,81482
82875,60,,1,,81483
82876,60,,1,,81484
82877,60,,1,,81485
82878,60,,1,,81486
82879,60,,1,,81487
82880,60,,1,,81488
82881,60,,1,,81489
82882,60,,1,,81490
82883,60,,1,,81491
82884,60,,1,,81492
82885,60,,1,,81493
82886,60,,1,,81494
82887,60,,1,,81495
82888,60,,1,,81496
82889,60,,1,,81497
82890,60,,1,,81498
82891,60,,1,,81499
82892,60,,1,,81500
82893,60,,1,,81501
82894,60,,1,,81502
82895,60,,1,,81503
82896,60,,1,,81504
82897,60,,1,,81505
82898,60,,1,,81506
82899,60,,1,,81507
82900,60,,1,,81508
82901,60,,1,,81509
82902,60,,1,,81510
82903,60,,1,,81511
82904,60,,1,,81512
82905,60,,1,,81513
82906,60,,1,,81514
82907,60,,1,,81515
82908,60,,1,,81516
82909,60,,1,,81517
82910,60,,1,,81518
82911,60,,1,,81519
82912,60,,1,,81520
82913,60,,1,,81521
82914,60,,1,,81522
82915,60,,1,,81523
82916,60,,1,,81524
82917,60,,1,,81525
82918,60,,1,,81526
82919,60,,1,,81527
82920,60,,1,,81528
82921,60,,1,,81529
82922,60,,1,,81530
82923,60,,1,,81531
82924,60,,1,,81532
82925,60,,1,,81533
82926,60,,1,,81534
82927,60,,1,,81535
82928,60,,1,,81536
82929,60,,1,,81537
82930,60,,1,,81538
82931,60,,1,,81539
82932,60,,1,,81540
82933,60,,1,,81541
82934,60,,1,,81542
82935,60,,1,,81543
82936,60,,1,,81544
82937,60,,1,,81545
82938,60,,1,,81546
82939,60,,1,,81547
82940,60,,1,,81548
82941,60,,1,,81549
82942,60,,1,,81550
82943,60,,1,,81551
82944,60,,1,,81552
82945,60,,1,,81553
82946,60,,1,,81554
82947,60,,1,,81555
82948,60,,1,,81556
82949,60,,1,,81557
82950,60,,1,,81558
82951,60,,1,,81559
82952,60,,1,,81560
82953,60,,1,,81561
82954,60,,1,,81562
82955,60,,1,,81563
82956,60,,1,,81564
82957,60,,1,,81565
82958,60,,1,,81566
82959,60,,1,,81567
82960,60,,1,,81568
82961,60,,1,,81569
82962,60,,1,,81570
82963,60,,1,,81571
82964,60,,1,,81572
82965,60,,1,,81573
82966,60,,1,,81574
82967,60,,1,,81575
82968,60,,1,,81576
82969,60,,1,,81577
82970,60,,1,,81578
82971,60,,1,,81579
82972,60,,1,,81580
82973,60,,1,,81581
82974,60,,1,,81582
82975,60,,1,,81583
82976,49,,1,,81584
82977,60,,1,,81585
82978,39,6,1,,81586
82979,39,6,1,,81587
82980,36,,1,,81588
82981,36,,1,,81589
82982,36,,1,,81590
82983,36,,1,,81591
82984,36,,1,,81592
82985,36,,1,,81593
82986,36,,1,,81594
82987,36,,1,,81595
82988,36,,1,,81596
82989,36,,1,,81597
82990,36,,1,,81598
82991,39,6,1,,81599
82992,39,6,1,,81600
82993,39,6,1,,81601
82994,39,6,1,,81602
82995,39,6,1,,81603
82996,39,6,1,,81604
82997,39,6,3,,81605
82998,39,6,1,,81606
82999,39,6,1,,81607
83000,39,6,1,,81608
83001,39,6,1,,81609
83002,39,6,1,,81610
83003,39,6,1,,81611
83004,39,6,1,,81612
83005,39,6,1,,81613
83006,39,6,3,,81614
83007,39,6,1,,81615
83008,39,6,1,,81616
83009,39,6,3,,81617
83010,39,6,2,,81618
83011,39,6,1,,81619
83012,39,6,1,,81620
83013,39,6,4,,81621
83014,39,6,1,,81622
83015,39,6,4,,81623
83016,39,6,3,,81624
83017,39,6,4,,81625
83018,39,6,4,,81626
83019,39,6,5,,81627
83020,39,6,3,,81628
83021,39,1,1,,81629
83022,39,1,1,,81630
83023,39,1,2,,81631
83024,39,1,1,,81632
83025,60,,1,,81633
83026,39,1,1,,81634
83027,43,,1,,81635
83028,39,3,1,,81636
83029,39,1,1,,81637
83030,23,7,1,,81637
83031,39,1,2,,81638
83032,39,1,1,,81639
83033,23,7,1,,81639
83034,39,1,1,,81640
83035,39,1,2,,81641
83036,23,7,1,,81642
83037,39,1,1,,81643
83038,23,5,1,,81644
83039,39,1,1,,81645
83040,39,1,1,,81646
83041,23,7,1,,81646
83042,39,1,2,,81647
83043,39,1,1,,81648
83044,23,7,1,,81648
83045,39,1,1,,81649
83046,39,1,1,,81650
83047,39,1,1,,81651
83048,23,7,1,,81651
83049,39,1,2,,81652
83050,39,1,1,,81653
83051,23,7,1,,81654
83052,39,1,2,,81655
83053,39,1,2,,81656
83054,39,1,2,,81657
83055,39,1,1,,81658
83056,23,7,1,,81658
83057,23,7,1,,81659
83058,39,1,1,,81660
83059,39,1,2,,81661
83060,39,1,1,,81662
83061,23,7,1,,81662
83062,39,1,1,,81663
83063,39,1,3,,81664
83064,39,1,2,,81665
83065,39,3,1,,81666
83066,39,3,1,,81667
83067,39,1,1,,81668
83068,39,1,2,,81669
83069,39,1,1,,81670
83070,39,1,1,,81671
83071,39,1,1,,81672
83072,60,1,1,,81673
83073,23,5,1,,81674
83074,39,1,1,,81675
83075,60,,1,,81676
83076,39,1,1,,81677
83077,39,1,1,,81678
83078,39,1,1,,81679
83079,60,,1,,81680
83080,23,5,1,,81681
83081,23,5,1,,81682
83082,39,1,2,,81683
83083,23,5,1,,81684
83084,39,1,1,,81685
83085,23,7,1,,81685
83086,39,3,1,,81686
83087,39,1,2,,81687
83088,39,1,1,,81688
83089,23,7,1,,81689
83090,39,1,2,,81690
83091,39,1,2,,81691
83092,39,1,1,,81692
83093,39,1,1,,81693
83094,39,1,1,,81694
83095,39,1,2,,81695
83096,23,5,1,,81696
83097,11,,1,,81697
83098,39,1,1,,81698
83099,39,1,1,,81699
83100,39,1,2,,81700
83102,23,7,1,,81700
83103,39,1,1,,81701
83104,39,1,1,,81702
83105,39,3,1,,81703
83106,39,3,1,,81704
83107,39,3,1,,81705
83108,39,1,1,,81706
83109,39,1,1,,81707
83110,23,7,1,,81707
83111,39,1,1,,81708
83112,39,1,1,,81709
83113,23,7,1,,81710
83114,39,3,1,,81711
83115,39,3,1,,81712
83116,39,3,1,,81713
83117,60,,1,,81714
83118,39,3,1,,81715
83119,39,1,1,,81716
83120,39,,1,,81717
83121,39,1,1,,81718
83122,39,1,1,,81719
83123,39,1,1,,81720
83124,23,7,1,,81720
83125,39,1,1,,81721
83126,39,1,2,,81722
83127,39,1,2,,81723
83128,39,1,2,,81724
83129,39,1,1,,81725
83130,39,1,2,,81726
83131,23,7,1,,81726
83132,39,1,1,,81727
83133,39,1,2,,81728
83134,39,1,1,,81729
83135,39,1,2,,81730
83136,39,1,2,,81731
83137,39,1,2,,81732
83138,23,7,2,,81732
83139,39,1,1,,81733
83140,39,1,2,,81734
83141,39,1,3,,81735
83142,23,7,1,,81735
83143,39,1,2,,81736
83144,39,3,1,,81737
83145,60,,1,,81738
83146,39,1,1,,81739
83147,39,1,1,,81740
83148,39,4,1,,81741
83149,23,7,1,,81742
83150,39,3,1,,81743
83151,39,1,1,,81744
83152,39,1,2,,81745
83153,39,1,2,,81746
83154,39,1,1,,81747
83155,39,1,1,,81748
83156,39,3,1,,81749
83157,39,3,1,,81750
83158,39,1,1,,81751
83159,23,7,1,,81752
83160,39,1,2,,81753
83161,23,7,1,,81753
83162,39,1,2,,81754
83163,39,3,1,,81755
83164,11,,1,,81756
83165,11,,1,,81757
83166,23,7,1,,81758
83167,39,1,2,,81759
83168,39,1,1,,81760
83169,39,1,1,,81761
83170,39,1,1,,81762
83171,39,1,1,,81763
83172,39,1,1,,81764
83173,39,1,1,,81765
83174,39,1,1,,81766
83175,39,1,1,,81767
83176,39,1,1,,81768
83177,39,1,1,,81769
83178,39,1,1,,81770
83179,39,1,2,,81771
83180,39,1,1,,81772
83181,39,1,1,,81773
83182,39,1,2,,81774
83183,39,1,2,,81775
83184,23,7,2,,81775
83185,39,1,1,,81776
83186,39,1,1,,81777
83187,39,1,2,,81778
83188,39,1,1,,81779
83189,23,5,1,,81779
83190,39,1,1,,81780
83191,39,3,1,,81781
83192,60,,1,,81782
83193,39,1,2,,81783
83194,39,1,2,,81784
83195,39,1,1,,81785
83196,39,1,1,,81786
83197,39,1,2,,81787
83198,39,3,1,,81788
83199,39,1,2,,81789
83200,39,1,2,,81790
83201,39,1,1,,81791
83202,39,1,1,,81792
83203,39,1,1,,81793
83204,23,7,1,,81793
83205,39,3,1,,81794
83206,39,3,1,,81795
83207,43,,1,,81796
83208,11,,1,,81797
83209,43,,1,,81798
83210,39,1,1,,81799
83211,39,1,1,,81800
83212,39,1,1,,81801
83213,39,3,1,,81802
83214,39,1,1,,81803
83215,39,1,2,,81804
83216,39,1,1,,81805
83217,39,1,1,,81806
83218,39,1,1,,81807
83219,39,1,1,,81808
83220,60,,1,,81809
83221,39,1,1,,81810
83222,39,1,1,,81811
83223,60,,1,,81812
83224,39,3,1,,81813
83225,23,5,1,,81814
83226,39,1,1,,81815
83227,23,7,1,,81815
83228,39,1,1,,81816
83229,39,1,1,,81817
83230,23,5,1,,81817
83231,39,1,1,,81818
83232,39,1,1,,81819
83233,39,1,1,,81820
83234,39,1,2,,81821
83235,39,1,1,,81822
83236,23,7,1,,81823
83237,39,1,1,,81824
83238,39,1,1,,81825
83239,39,1,2,,81826
83240,39,1,1,,81827
83241,39,1,3,,81828
83242,39,1,1,,81829
83243,39,1,2,,81830
83244,39,1,1,,81831
83245,39,1,1,,81832
83246,39,1,1,,81833
83247,39,1,4,,81834
83248,39,1,2,,81835
83249,23,7,1,,81835
83250,39,1,2,,81836
83251,39,1,1,,81837
83252,39,1,2,,81838
83253,39,1,1,,81839
83254,23,7,1,,81839
83255,39,1,1,,81840
83256,39,1,1,,81841
83257,39,1,1,,81842
83258,60,,1,,81843
83259,39,1,1,,81844
83260,60,,1,,81845
83261,39,1,1,,81846
83262,39,1,1,,81847
83263,39,1,1,,81848
83264,60,,1,,81849
83265,39,3,1,,81850
83266,39,1,1,,81851
83267,39,1,1,,81852
83268,39,1,1,,81853
83269,39,3,1,,81854
83270,39,3,1,,81855
83271,39,1,2,,81856
83272,39,1,1,,81857
83273,39,1,1,,81858
83274,39,1,1,,81859
83275,39,1,2,,81860
83276,39,1,1,,81861
83277,39,1,1,,81862
83278,39,1,1,,81863
83279,39,1,1,,81864
83280,39,1,1,,81865
83281,39,1,1,,81866
83282,39,1,1,,81867
83283,39,1,1,,81868
83284,39,1,1,,81869
83285,39,1,2,,81870
83286,23,7,1,,81870
83287,39,1,2,,81871
83288,39,1,1,,81872
83289,55,,1,,81873
83290,39,1,2,,81874
83291,39,1,2,,81875
83292,39,1,1,,81876
83293,39,1,2,,81877
83294,39,1,2,,81878
83295,39,3,1,,81879
83296,39,1,1,,81880
83297,39,1,1,,81881
83298,39,1,1,,81882
83299,39,1,2,,81883
83300,23,5,1,,81884
83301,39,1,1,,81885
83302,23,7,1,,81885
83303,39,1,1,,81886
83304,39,3,1,,81887
83305,55,,1,,81888
83306,39,1,2,,81889
83307,39,3,1,,81890
83308,39,3,1,,81891
83309,39,1,1,,81892
83310,60,,1,,81893
83311,60,,1,,81894
83312,39,3,1,,81895
83313,39,3,1,,81896
83314,39,3,1,,81897
83315,39,1,1,,81898
83316,39,1,2,,81899
83317,39,3,1,,81900
83318,39,1,1,,81901
83319,39,1,2,,81902
83320,39,1,2,,81903
83321,23,7,1,,81903
83322,39,1,1,,81904
83323,39,1,1,,81905
83324,39,1,1,,81906
83325,23,7,1,,81906
83326,39,3,1,,81907
83327,39,1,1,,81908
83328,39,1,3,,81909
83329,39,1,2,,81910
83330,39,4,1,,81911
83331,39,1,2,,81912
83332,39,1,1,,81913
83333,39,1,1,,81914
83334,39,1,2,,81915
83335,39,1,2,,81916
83336,39,1,1,,81917
83337,39,1,1,,81918
83338,39,3,1,,81919
83339,39,4,2,,81920
83340,39,1,3,,81921
83341,39,1,2,,81922
83342,39,1,1,,81923
83343,39,1,1,,81924
83344,23,7,1,,81924
83345,23,7,1,,81925
83346,39,1,1,,81926
83347,39,1,1,,81927
83348,39,3,1,,81928
83349,60,,1,,81929
83350,39,1,1,,81930
83351,39,1,2,,81931
83352,39,3,1,,81932
83353,39,3,1,,81933
83354,39,1,2,,81934
83355,39,1,2,,81935
83356,23,7,1,,81936
83357,39,1,2,,81937
83358,39,1,1,,81938
83359,36,,1,,81939
83360,39,1,1,,81940
83361,39,1,1,,81941
83362,39,3,1,,81942
83363,39,1,1,,81943
83364,39,1,1,,81944
83365,39,3,1,,81945
83366,23,7,1,,81946
83367,39,1,1,,81947
83368,39,1,1,,81948
83369,39,3,1,,81949
83370,39,1,1,,81950
83371,39,1,1,,81951
83372,39,1,1,,81952
83373,39,1,1,,81953
83374,39,1,1,,81954
83375,39,1,1,,81955
83376,60,,1,,81956
83377,39,1,1,,81957
83378,23,7,1,,81957
83379,39,1,1,,81958
83380,39,1,1,,81959
83381,39,3,1,,81960
83382,39,3,1,,81961
83383,39,1,1,,81962
83384,39,1,1,,81963
83385,39,1,1,,81964
83386,39,1,2,,81965
83387,39,1,1,,81966
83388,39,3,1,,81967
83389,39,1,1,,81968
83390,39,1,2,,81969
83391,39,3,1,,81970
83392,39,1,1,,81971
83393,39,3,1,,81972
83394,39,3,1,,81973
83395,39,1,2,,81974
83397,23,7,1,,81974
83398,39,1,2,,81975
83399,39,3,1,,81976
83400,39,3,1,,81977
83401,39,1,1,,81978
83402,23,7,1,,81978
83403,39,1,1,,81979
83404,39,1,1,,81980
83405,39,3,1,,81981
83406,39,1,2,,81982
83407,39,1,1,,81983
83408,39,1,3,,81984
83409,23,7,1,,81985
83410,39,1,2,,81986
83411,39,1,2,,81987
83412,39,1,2,,81988
83413,39,1,1,,81989
83414,39,3,1,,81990
83415,39,3,1,,81991
83416,39,1,1,,81992
83417,39,1,1,,81993
83418,39,1,1,,81994
83419,39,1,4,,81995
83420,39,3,1,,81996
83421,39,1,2,,81997
83422,39,1,1,,81998
83423,39,1,1,,81999
83424,39,1,1,,82000
83425,39,1,1,,82001
83426,39,1,1,,82002
83427,23,7,2,,82002
83428,39,1,1,,82003
83429,39,1,1,,82004
83430,39,1,1,,82005
83431,39,3,1,,82006
83432,39,3,1,,82007
83433,39,3,1,,82008
83434,39,3,1,,82009
83435,39,3,1,,82010
83436,39,1,1,,82011
83437,39,3,1,,82012
83438,39,1,1,,82013
83439,39,1,1,,82014
83440,39,1,2,,82015
83441,39,1,2,,82016
83442,39,3,1,,82017
83447,39,6,1,,82199
83448,39,6,1,,82200
83449,39,6,1,,82201
83450,39,6,1,,82202
83451,39,6,2,,82203
83452,39,6,1,,82204
83453,39,6,1,,82205
83454,39,6,2,,82206
83455,50,,1,,82207
83456,39,6,3,,82208
83457,39,6,2,,82209
83458,39,6,1,,82210
83459,60,,1,,82211
83460,39,6,1,,82212
83461,39,6,2,,82213
83462,39,6,1,,82214
83463,13,,1,,82215
83464,36,,1,,82216
83465,36,,1,,82217
83466,50,,1,,82218
83467,50,,1,,82219
83468,50,,1,,82220
83469,83,,1,,82221
83470,36,,1,,82222
83471,36,,1,,82223
83472,36,,1,,82224
83473,36,,1,,82225
83474,36,,1,,82226
83475,36,,1,,82227
83476,36,,1,,82228
83477,55,,1,,82229
83478,36,,1,,82230
83479,36,,1,,82231
83480,36,,1,,82232
83481,39,1,1,,82233
83482,39,6,4,,82234
83483,39,6,1,,82235
83484,39,6,1,,82236
83485,39,6,1,,82237
83486,39,6,1,,82238
83487,39,6,1,,82239
83488,39,6,1,,82240
83489,39,6,1,,82241
83490,39,6,1,,82242
83491,39,6,1,,82243
83492,39,6,1,,82244
83493,39,6,2,,82245
83494,39,6,2,,82246
83495,39,6,2,,82247
83496,39,6,2,,82248
83497,36,,1,,82249
83498,36,,1,,82250
83499,36,,1,,82251
83500,36,,1,,82252
83501,36,,1,,82253
83502,36,,2,,82254
83503,36,,1,,82255
83504,36,,1,,82256
83505,83,,1,,82257
83506,36,,1,,82258
83507,36,,1,,82259
83508,36,,1,,82260
83509,36,,1,,82261
83510,83,,1,,82262
83511,39,6,2,,82263
83512,39,6,1,,82264
83513,39,6,1,,82265
83514,39,6,1,,82266
83515,39,6,1,,82267
83516,39,6,1,,82268
83517,39,6,1,,82269
83518,39,6,1,,82270
83519,39,6,2,,82271
83520,39,6,1,,82272
83521,83,,1,,82273
83522,83,,1,,82274
83523,60,,1,,82275
83524,39,6,2,,82276
83525,39,6,1,,82277
83526,39,6,1,,82278
83527,39,6,1,,82279
83528,60,,1,,82280
83529,60,,1,,82281
83530,39,6,1,,82282
83531,39,6,1,,82283
83532,39,6,1,,82284
83533,83,,1,,82285
83534,36,,1,,82286
83535,83,,1,,82287
83536,83,,1,,82288
83537,39,6,1,,82289
83538,39,6,1,,82290
83539,23,,1,,82291
83540,23,,1,,82292
83541,39,6,1,,82293
83542,60,,1,,82294
83543,23,,1,,82295
83544,23,,1,,82296
83545,39,6,1,,82297
83546,39,6,1,,82298
83547,60,,1,,82299
83548,23,7,2,,82300
83549,23,7,1,,82301
83550,39,6,1,,82302
83551,39,6,1,,82303
83552,39,6,1,,82304
83553,39,6,1,,82305
83554,39,6,1,,82306
83555,39,6,1,,82307
83556,39,6,1,,82308
83557,39,6,1,,82309
83558,39,6,1,,82310
83559,39,6,1,,82311
83560,39,6,1,,82312
83561,39,6,1,,82313
83562,36,,1,,82314
83563,60,,1,,82315
83564,13,,1,,82316
83565,36,,1,,82317
83566,36,,1,,82318
83567,36,,1,,82319
83568,36,,1,,82320
83569,36,,1,,82321
83570,36,,1,,82322
83571,36,,1,,82323
83572,36,,1,,82324
83573,36,,1,,82325
83574,36,,1,,82326
83575,36,,1,,82327
83576,36,,1,,82328
83577,36,,2,,82329
96949,11,,1,,82064
96950,11,,1,,82065
96951,11,,1,,82066
96952,11,,1,,82067
96953,11,,1,,82068
96954,11,,1,,82069
96955,11,,1,,82070
96956,11,,1,,82071
96957,11,,1,,82072
96958,11,,1,,82073
96959,11,,1,,82074
96960,11,,1,,82075
96961,11,,1,,82076
96962,11,,1,,82077
96963,11,,1,,82078
96964,11,,1,,82079
96965,11,,1,,82080
96966,11,,1,,82081
96967,11,,1,,82082
96968,11,,1,,82083
96969,11,,1,,82084
96970,11,,1,,82085
96971,11,,1,,82086
96972,11,,1,,82087
96973,11,,1,,82088
96974,11,,1,,82089
96975,11,,1,,82090
96976,11,,1,,82091
96977,11,,1,,82092
96978,11,,1,,82093
96979,11,,1,,82094
96980,11,,1,,82095
96981,11,,1,,82096
96982,11,,1,,82097
96983,11,,1,,82098
96984,11,,1,,82099
96985,11,,1,,82100
96986,11,,1,,82101
96987,11,,1,,82102
96988,11,,1,,82103
96989,11,,1,,82104
96990,11,,1,,82105
96991,11,,1,,82106
96992,11,,1,,82107
96993,11,,1,,82108
96994,11,,1,,82109
96995,11,,1,,82110
96996,11,,1,,82111
96997,11,,1,,82112
96998,11,,1,,82113
96999,11,,1,,82114
97000,11,,1,,82115
97001,11,,1,,82116
97002,11,,1,,82117
97003,11,,1,,82118
97004,11,,1,,82119
97005,11,,1,,82120
97006,11,,1,,82121
97007,11,,1,,82122
97008,11,,1,,82123
97009,11,,1,,82124
97010,11,,1,,82125
97011,11,,1,,82126
97012,11,,1,,82127
97013,11,,1,,82128
97014,11,,1,,82129
97015,11,,1,,82130
97016,11,,1,,82131
97017,11,,1,,82132
97018,11,,1,,82133
97019,11,,1,,82134
97020,11,,1,,82135
97021,11,,1,,82136
97022,11,,1,,82137
97023,11,,1,,82138
97024,11,,1,,82139
97025,11,,1,,82140
97026,11,,1,,82141
97027,11,,1,,82142
97028,11,,1,,82143
97029,11,,1,,82144
97030,11,,1,,82145
97031,11,,1,,82146
97032,11,,1,,82147
97033,11,,1,,82148
97034,11,,1,,82149
97035,11,,1,,82150
97036,11,,1,,82151
97037,11,,1,,82152
97038,11,,1,,82153
97039,11,,1,,82154
97040,11,,1,,82155
97041,11,,1,,82156
97042,11,,1,,82157
97043,11,,1,,82158
97044,11,,1,,82159
97045,11,,1,,82160
97046,11,,1,,82161
97047,11,,1,,82162
97048,11,,1,,82163
97049,11,,1,,82164
97050,11,,1,,82165
97051,11,,1,,82166
97052,11,,1,,82167
97053,11,,1,,82168
97054,11,,1,,82169
97055,11,,1,,82170
97056,11,,1,,82171
97057,55,,1,,95293
97058,39,3,1,,95294
97059,39,1,1,,95295
97060,39,1,1,,95296
97061,36,,2,,95297
97062,39,3,1,,95298
97063,39,3,1,,95299
97064,39,3,1,,95300
97065,39,1,1,,95301
97066,39,1,2,,95302
97067,60,,1,,95303
97068,39,1,1,,95304
97069,23,7,1,,95304
97070,60,,1,,95305
97071,39,1,1,,95306
97072,39,1,1,,95307
97073,39,1,1,,95308
97074,39,1,1,,95309
97075,39,1,1,,95310
97076,39,1,1,,95311
97077,39,1,1,,95312
97078,39,1,1,,95313
97079,39,1,2,,95314
83578,60,,1,,82330
83579,60,,1,,82331
83580,60,,1,,82332
83581,60,,1,,82333
83582,39,6,1,,82334
83583,39,6,1,,82335
83584,39,6,1,,82336
83585,39,6,1,,82337
83586,39,6,1,,82338
83587,39,6,1,,82339
83588,39,6,1,,82340
83589,39,6,1,,82341
83590,39,6,1,,82342
83591,39,6,1,,82343
83592,39,6,1,,82344
83593,39,6,1,,82345
83594,39,6,1,,82346
83595,39,6,1,,82347
83596,39,6,1,,82348
83597,39,6,1,,82349
83598,39,6,1,,82350
83599,39,6,1,,82351
83600,39,6,1,,82352
83601,36,,2,,82353
83602,36,,1,,82354
83603,36,,1,,82355
83604,36,,1,,82356
83605,36,,1,,82357
83606,36,,1,,82358
83607,36,,1,,82359
83608,36,,1,,82360
83609,36,,1,,82361
83610,36,,1,,82362
83611,36,,1,,82363
83612,36,,1,,82364
83613,36,,1,,82365
83614,36,,1,,82366
83615,36,,1,,82367
83616,36,,1,,82368
83617,36,,1,,82369
83618,36,,1,,82370
83619,36,,1,,82371
83620,36,,1,,82372
83621,36,,1,,82373
83622,36,,1,,82374
83623,36,,1,,82375
83624,36,,1,,82376
83625,36,,1,,82377
83626,36,,1,,82378
83627,39,6,2,,82379
83628,39,6,2,,82380
83629,39,6,2,,82381
83630,39,6,4,,82382
83631,39,6,1,,82383
83632,39,6,1,,82384
83633,39,6,1,,82385
83634,39,6,1,,82386
83635,39,6,3,,82387
83636,39,6,4,,82388
83637,39,6,1,,82389
83638,39,6,2,,82390
83639,39,6,2,,82391
83640,39,6,2,,82392
83641,39,6,1,,82393
83642,39,6,1,,82394
83643,39,6,1,,82395
83644,39,6,1,,82396
83645,39,6,1,,82397
83646,39,6,3,,82398
83647,39,6,2,,82399
83648,39,6,2,,82400
83649,39,6,1,,82401
83650,39,6,2,,82402
83651,39,6,1,,82403
83652,39,6,1,,82404
83653,36,,1,,82405
83654,60,,1,,82406
83655,36,,1,,82407
83656,36,,1,,82408
83657,36,,2,,82409
83658,36,,1,,82410
83659,36,,1,,82411
83660,36,,1,,82412
83661,36,,1,,82413
83662,36,,1,,82414
83663,36,,1,,82415
83664,36,,1,,82416
83665,39,6,1,,82417
83666,39,6,1,,82418
83667,39,6,1,,82419
83668,39,6,1,,82420
83669,39,6,1,,82421
83670,39,6,1,,82422
83671,39,6,1,,82423
83672,39,6,1,,82424
83673,39,6,1,,82425
83674,36,,2,,82426
83675,60,,1,,82427
83676,39,6,4,,82428
83677,39,6,3,,82429
83678,39,6,1,,82430
83679,39,6,2,,82431
83680,39,6,1,,82433
83681,39,6,2,,82434
83682,39,6,2,,82435
83683,39,6,2,,82436
83684,39,6,2,,82437
83685,39,6,1,,82438
83686,39,6,1,,82439
83687,39,6,2,,82440
83688,39,6,2,,82441
83689,39,6,2,,82442
83690,39,6,2,,82443
83691,39,6,2,,82444
83692,39,6,2,,82445
83693,39,6,1,,82446
83694,39,6,1,,82447
83695,39,6,1,,82448
83696,39,6,1,,82449
83697,39,6,1,,82450
83698,36,,1,,82451
83699,36,,1,,82452
83700,36,,1,,82453
83701,36,,1,,82454
83702,36,,1,,82455
83703,36,,1,,82456
83704,36,,1,,82457
83705,36,,1,,82458
83706,36,,1,,82459
83707,36,,1,,82460
83708,36,,1,,82461
83709,60,,1,,82462
83710,39,6,1,,82463
83711,39,6,2,,82464
83712,39,6,2,,82465
83713,39,6,1,,82466
83714,39,6,1,,82467
83715,39,6,1,,82468
83716,39,6,1,,82469
83717,39,6,1,,82432
83718,39,6,1,,82470
83719,39,6,1,,82471
83720,39,6,1,,82472
83721,39,6,1,,82473
83722,39,6,1,,82474
83723,39,6,1,,82475
83724,39,6,1,,82476
83725,36,,1,,82477
83726,36,,1,,82478
83727,36,,1,,82479
83728,39,6,1,,82480
83729,39,6,2,,82481
83730,39,6,1,,82482
83731,39,6,1,,82483
83732,39,6,1,,82484
83733,39,6,1,,82485
83734,39,6,1,,82486
83735,60,,1,,82487
83736,60,,1,,82488
83737,60,,1,,82489
83738,39,6,1,,82490
83739,39,6,1,,82491
83740,39,6,1,,82492
83741,39,6,1,,82507
83742,39,6,1,,82508
83743,39,6,1,,82509
83744,39,6,1,,82493
83745,39,6,1,,82494
83746,39,6,1,,82495
83747,39,6,1,,82496
83748,39,6,1,,82497
83749,39,6,1,,82498
83750,39,6,1,,82499
83751,39,6,1,,82500
83752,39,6,1,,82501
83753,39,6,1,,82502
83754,60,,1,,82503
83755,39,6,1,,82504
83756,39,6,1,,82505
83757,39,6,1,,82506
83758,60,,1,,82510
83759,39,6,1,,82511
83760,55,,1,,82512
83761,36,,1,,82513
83762,36,,1,,82514
83763,36,,1,,82515
83764,60,,1,,82516
83765,60,,1,,82517
83766,60,,1,,82518
83767,60,,1,,82519
83768,60,,1,,82520
83769,60,,1,,82521
83770,60,,1,,82522
83771,60,,1,,82523
83772,60,,1,,82524
83773,60,,1,,82525
83774,60,,1,,82526
83775,60,,1,,82527
83776,60,,1,,82528
83777,60,,1,,82529
83778,60,,1,,82530
83779,60,,1,,82531
83780,60,,1,,82532
83781,60,,1,,82533
83782,60,,1,,82534
83783,36,,1,,82535
83784,60,,1,,82536
83785,60,,1,,82537
83786,36,,1,,82538
83787,60,,1,,82539
83788,60,,1,,82540
83789,60,,1,,82541
83790,60,,1,,82542
83791,60,,1,,82543
83792,60,,1,,82544
83793,60,,1,,82545
83794,60,,1,,82546
83795,55,,1,,82547
83796,60,,1,,82548
83797,60,,1,,82549
83798,60,,1,,82550
83799,60,,1,,82551
83800,60,,1,,82552
83801,60,,1,,82553
83802,60,,1,,82554
83803,60,,1,,82555
83804,60,,1,,82556
83805,60,,1,,82557
83806,60,,1,,82558
83807,60,,1,,82559
83808,60,,1,,82560
83809,60,,1,,82561
83810,60,,1,,82562
83811,60,,1,,82563
83812,60,,1,,82564
83813,60,,1,,82565
83814,60,,1,,82566
83815,60,,1,,82567
83816,60,,1,,82568
83817,60,,1,,82569
83818,60,,1,,82570
83819,60,,1,,82571
83820,60,,1,,82572
83821,60,,1,,82573
83822,60,,1,,82574
83823,60,,1,,82575
83824,60,,1,,82576
83825,60,,1,,82577
83826,60,,1,,82578
83827,60,,1,,82579
83828,60,,1,,82580
83829,60,,1,,82581
83830,60,,1,,82582
83831,60,,1,,82583
83832,60,,1,,82584
83833,60,,1,,82585
83834,60,,1,,82586
83835,60,,1,,82587
83836,60,,1,,82588
83837,60,,1,,82589
83838,60,,1,,82590
83839,60,,1,,82591
88292,39,1,2,,86985
88293,39,3,2,,86986
88294,39,1,1,,86987
88295,39,1,1,,86988
88296,23,5,2,,86988
88297,39,1,2,,86989
88298,39,1,2,,86990
88299,39,1,1,,86991
88300,39,1,2,,86992
88301,39,1,1,,86993
88302,39,1,1,,86994
88303,39,1,4,,86995
88304,39,1,4,,86996
88305,39,1,3,,86997
88306,39,3,1,,86998
88307,39,3,1,,86999
88308,39,1,1,,87000
88309,80,,1,,87001
88310,39,1,1,,87002
88311,36,,1,,87003
88312,39,1,1,,87004
88313,39,3,1,,87005
88314,39,3,1,,87006
88315,39,1,1,,87007
88316,39,1,1,,87008
88317,39,3,1,,87009
88318,39,3,1,,87010
88319,39,4,1,,87011
88320,23,5,1,,87012
88321,39,3,1,,87013
88322,23,5,1,,87014
88323,39,1,1,,87015
88324,39,1,1,,87016
88325,23,7,1,,87016
88326,39,3,1,,87017
88327,39,1,1,,87018
88328,39,1,1,,87019
88329,23,7,1,,87019
88330,39,1,1,,87020
88331,23,7,1,,87020
88332,23,5,1,,87021
88333,39,3,1,,87022
88334,39,3,1,,87023
88335,39,1,1,,87024
88336,39,1,1,,87025
88337,39,1,1,,87026
88338,23,7,1,,87026
88339,39,1,3,,87027
88340,39,1,1,,87028
88341,39,1,1,,87029
88342,23,5,1,,87029
88343,39,1,1,,87030
88344,39,3,1,,87031
88345,39,1,1,,87032
88346,23,7,2,,87032
88347,69,,1,,87033
88348,39,1,1,,87034
88349,39,1,1,,87035
88350,39,1,2,,87036
88351,69,,1,,87037
88352,39,3,1,,87038
88353,39,3,1,,87039
88354,39,1,1,,87040
88355,39,1,1,,87041
88356,39,1,1,,87042
88357,39,1,1,,87043
88358,39,1,1,,87044
88359,39,1,1,,87045
88360,39,1,1,,87046
88361,39,1,1,,87047
88362,39,1,1,,87048
88363,39,1,1,,87049
88364,39,1,1,,87050
88365,39,1,1,,87051
88366,39,1,1,,87052
88367,39,1,1,,87053
88368,39,1,1,,87054
88369,39,1,1,,87055
88370,39,1,2,,87056
88371,39,1,2,,87057
88372,39,1,2,,87058
88373,39,1,1,,87059
88374,39,1,2,,87060
88375,39,1,1,,87061
88376,39,1,1,,87062
88377,39,1,2,,87063
88378,39,1,1,,87064
88379,39,1,1,,87065
88380,39,1,1,,87066
88381,39,1,1,,87067
88382,39,1,1,,87068
88383,39,1,1,,87069
88384,39,1,2,,87070
88385,39,1,2,,87071
88386,39,1,2,,87072
88387,39,3,1,,87073
88388,60,,1,,87074
88389,60,,1,,87075
88390,60,,1,,87076
88391,60,,1,,87077
88392,60,,1,,87078
88393,60,,1,,87079
88394,60,,1,,87080
88395,60,,1,,87081
88396,60,,1,,87082
88397,60,,1,,87083
88398,60,,1,,87084
88399,60,,1,,87085
88400,60,,1,,87086
88401,60,,1,,87087
88402,60,,1,,87088
88403,60,,1,,87089
88404,60,,1,,87090
88405,39,3,1,,87091
88406,39,1,1,,87092
88407,39,1,1,,87093
88408,39,1,1,,87094
88409,39,3,1,,87095
88410,39,1,1,,87096
88411,23,5,1,,87097
88412,39,1,1,,87098
88413,23,5,1,,87099
88414,39,1,1,,87100
88415,39,1,1,,87101
88416,39,1,2,,87102
88417,23,7,2,,87102
88418,39,1,2,,87103
88419,39,1,1,,87104
88420,39,3,1,,87105
88421,69,,1,,87106
88422,69,,1,,87107
88423,39,3,1,,87108
88424,39,1,2,,87109
88425,23,7,1,,87109
88426,39,3,1,,87110
88427,39,3,1,,87111
88428,39,1,1,,87112
88429,36,,1,,87113
88430,60,,1,,87114
88431,39,1,1,,87115
88432,39,1,1,,87116
88433,23,7,1,,87116
88434,39,3,1,,87117
88435,39,3,1,,87118
88436,39,4,1,,87119
88437,39,3,1,,87120
88438,39,3,1,,87121
88439,39,1,1,,87122
88440,39,1,1,,87123
88441,39,3,1,,87124
88442,39,3,1,,87125
88443,39,1,1,,87126
88444,23,5,1,,87127
88445,23,5,2,,87128
88446,39,1,2,,87129
88447,23,7,2,,87129
88448,39,1,2,,87130
88449,23,7,2,,87130
88450,39,1,2,,87131
88451,23,7,2,,87131
88452,39,1,1,,87132
88453,39,3,1,,87133
88454,39,1,1,,87134
88455,39,1,1,,87135
88456,39,1,1,,87136
88457,39,1,1,,87137
88458,23,5,1,,87138
88459,39,1,1,,87139
88460,60,,1,,87140
88461,60,,1,,87141
88462,60,,1,,87142
88463,60,,1,,87143
88464,36,,1,,87144
88465,36,,1,,87145
88466,39,1,2,,87146
88467,60,,1,,87147
88468,60,,1,,87148
88469,39,3,1,,87149
88470,60,,1,,87150
88471,39,3,1,,87151
88472,39,1,1,,87152
88473,39,3,1,,87153
88474,39,3,1,,87154
88475,39,3,1,,87155
88476,39,3,1,,87156
88477,39,1,1,,87157
88478,39,1,1,,87158
88479,23,7,1,,87158
88480,39,1,1,,87159
88481,39,1,1,,87160
88482,23,5,1,,87161
88483,39,1,1,,87162
88484,39,1,1,,87163
88485,39,1,1,,87164
88486,39,1,1,,87165
88487,39,1,2,,87166
88488,39,3,1,,87167
88489,23,5,1,,87168
88490,39,1,2,,87169
88491,23,7,1,,87169
88492,39,3,1,,87170
88493,39,1,1,,87171
88494,23,7,1,,87171
88495,39,3,1,,87172
88496,60,,1,,87173
88497,60,,1,,87174
88498,60,,1,,87175
88499,60,,1,,87176
88500,60,,1,,87177
88501,60,,1,,87178
88502,60,,1,,87179
88503,60,,1,,87180
88504,60,,1,,87181
88505,60,,1,,87182
88506,60,,1,,87183
88507,60,,1,,87184
88508,60,,1,,87185
88509,60,,1,,87186
88510,60,,1,,87187
88511,60,,1,,87188
88512,60,,1,,87189
88513,60,,1,,87190
88514,60,,1,,87191
88515,60,,1,,87192
88516,60,,1,,87193
88517,60,,1,,87194
88518,60,,1,,87195
88519,60,,1,,87196
88520,60,,1,,87197
88521,60,,1,,87198
88522,60,,1,,87199
88523,60,,1,,87200
88524,60,,1,,87201
88525,39,1,1,,87202
88526,60,,1,,87203
88527,60,,1,,87204
88528,39,3,1,,87205
88529,39,3,1,,87206
88530,39,1,2,,87207
88531,39,3,1,,87208
88532,39,1,1,,87209
88533,39,3,1,,87210
88534,39,1,1,,87211
88535,39,1,2,,87212
88536,60,,1,,87213
88537,60,,1,,87214
88538,60,,1,,87215
88539,60,,1,,87216
88540,60,,1,,87217
88541,60,,1,,87218
88542,60,,1,,87219
88543,60,,1,,87220
88544,60,,1,,87221
88545,60,,1,,87222
88546,39,1,1,,87223
88547,39,3,1,,87224
88548,60,,1,,87225
88549,80,,1,,87226
88550,39,1,1,,87227
88551,60,,1,,87228
88552,60,,1,,87229
88553,60,,1,,87230
88554,60,,1,,87231
88555,60,,1,,87232
88556,60,,1,,87233
88557,60,,1,,87234
88558,60,,1,,87235
88559,60,,1,,87236
88560,60,,1,,87237
88561,60,,1,,87238
88562,60,,1,,87239
88563,60,,1,,87240
88564,60,,1,,87241
88565,60,,1,,87242
88566,60,,1,,87243
88567,60,,1,,87244
88568,60,,1,,87245
88569,60,,1,,87246
88570,60,,1,,87247
88571,60,,1,,87248
88572,60,,1,,87249
88573,60,,1,,87250
88574,60,,1,,87251
88575,60,,1,,87252
88576,60,,1,,87253
88577,60,,1,,87254
88578,39,3,1,,87255
88579,39,3,1,,87256
88580,39,3,1,,87257
88581,39,1,1,,87258
88582,23,5,1,,87259
88583,39,3,1,,87260
88584,39,1,1,,87261
88585,39,1,1,,87262
88586,39,1,2,,87263
88587,23,7,1,,87263
88588,39,1,2,,87264
88589,39,1,2,,87265
88590,69,,1,,87267
88591,36,,1,,87268
88592,36,,3,,87269
88593,36,,1,,87270
88594,36,,1,,87271
88595,36,,1,,87272
88596,39,1,1,,87273
88597,23,7,1,,87273
88598,23,7,1,,87274
88599,23,5,1,,87275
88600,39,1,2,,87276
88601,36,,1,,87277
88602,39,1,1,,87278
88603,39,1,1,,87279
88604,23,7,2,,87279
88605,39,1,1,,87280
88606,23,7,2,,87280
88607,39,1,2,,87281
88608,23,7,1,,87281
88609,39,1,1,,87282
88610,39,3,1,,87283
88611,39,1,1,,87284
88612,39,3,1,,87285
88613,39,3,2,,87286
88614,39,3,2,,87287
88615,39,3,2,,87288
88616,39,1,1,,87289
88617,23,7,2,,87289
88618,39,3,1,,87290
88619,39,1,1,,87291
88620,39,3,1,,87292
88621,39,3,1,,87293
88622,39,1,3,,87294
88623,39,1,1,,87295
88624,23,7,1,,87295
88625,39,4,2,,87296
88626,39,1,1,,87297
88627,39,1,1,,87298
88628,39,1,1,,87299
88629,39,1,1,,87300
88630,23,7,1,,87300
88631,39,3,1,,87301
88632,39,3,1,,87302
88633,39,3,1,,87303
88634,39,3,1,,87304
88635,39,3,1,,87305
88636,39,1,2,,87306
88637,39,1,2,,87307
88638,39,1,1,,87308
88639,39,1,2,,87309
88640,23,7,1,,87309
88641,39,1,1,,87310
88642,23,7,1,,87310
88643,39,1,1,,87311
88644,22,,2,,87312
88645,22,,1,,87313
88646,36,,1,,87314
88647,36,,1,,87315
88648,39,1,1,,87316
88649,60,,1,,87317
88650,36,,1,,87318
88651,39,1,1,,87319
88652,39,1,1,,87320
88653,39,1,1,,87321
88654,39,1,1,,87322
88655,39,3,1,,87323
88656,39,3,1,,87324
88657,39,1,1,,87325
88658,39,1,1,,87326
88659,39,1,1,,87327
88660,39,1,1,,87328
88661,23,7,1,,87328
88662,23,7,1,,87329
88663,39,1,1,,87330
88664,39,3,2,,87331
88665,39,1,2,,87332
88666,39,1,2,,87333
88667,39,1,2,,87334
88668,39,1,1,,87335
88669,39,1,2,,87336
88670,23,7,1,,87336
88671,39,1,1,,87337
88672,23,7,1,,87337
88673,39,1,1,,87338
88674,39,1,1,,87339
88675,23,7,1,,87340
88676,39,3,1,,87341
88677,39,1,1,,87342
88678,60,,1,,87343
88679,39,1,1,,87344
88680,11,,1,,87345
88681,39,3,2,,87346
88682,39,1,1,,87347
88683,39,1,1,,87348
88684,39,3,1,,87349
88685,39,1,1,,87350
88686,23,7,1,,87350
88687,39,1,2,,87351
88689,23,7,1,,87351
88690,39,1,2,,87352
88691,39,3,1,,87353
88692,39,,1,,87354
88693,39,3,1,,87355
88694,39,3,1,,87356
88695,39,3,1,,87357
88696,39,3,1,,87358
88697,39,1,1,,87359
88698,39,1,1,,87360
88699,39,1,2,,87361
88700,39,1,1,,87362
88701,39,3,1,,87363
88702,39,3,1,,87364
88703,60,,1,,87365
88704,60,,1,,87366
88705,39,1,1,,87367
88706,60,,1,,87368
88707,39,4,1,,87369
88708,39,3,1,,87370
88709,60,,1,,87371
88710,60,,1,,87372
88711,60,,1,,87373
88712,60,,1,,87374
88713,60,,1,,87375
88714,60,,1,,87376
88715,60,,1,,87377
88716,60,,1,,87378
88717,23,5,1,,87379
88718,39,3,1,,87380
88719,39,3,2,,87381
88720,39,1,2,,87382
88721,39,3,1,,87383
88722,39,3,1,,87384
88723,60,,1,,87385
88724,60,,1,,87386
88725,60,,1,,87387
88726,60,,1,,87388
88727,60,,1,,87389
88728,60,,1,,87390
88729,60,,1,,87391
88730,60,,1,,87392
88731,60,,1,,87393
88732,60,,1,,87394
88733,60,,1,,87395
88734,60,,1,,87396
88735,60,,1,,87397
88736,60,,1,,87398
88737,60,,1,,87399
88738,60,,1,,87400
88739,60,,1,,87401
88740,60,,1,,87402
88741,60,,1,,87403
88742,60,,1,,87404
88743,60,,1,,87405
88744,60,,1,,87406
88745,60,,1,,87407
88746,60,,1,,87408
88747,60,,1,,87409
88748,60,,1,,87410
88749,60,,1,,87411
88750,60,,1,,87412
88751,60,,1,,87413
88752,60,,1,,87414
88753,60,,1,,87415
88754,60,,1,,87416
88755,60,,1,,87417
88756,60,,1,,87418
88757,60,,1,,87419
88758,60,,1,,87420
88759,60,,1,,87421
88760,60,,1,,87422
88761,60,,1,,87423
88762,60,,1,,87424
88763,60,,1,,87425
88764,60,,1,,87426
88765,60,,1,,87427
88766,60,,1,,87428
88767,60,,1,,87429
88768,60,,1,,87430
88769,60,,1,,87431
88770,60,,1,,87432
88771,60,,1,,87433
88772,60,,1,,87434
88773,60,,1,,87435
88774,60,,1,,87436
88775,60,,1,,87437
88776,60,,1,,87438
88777,60,,1,,87439
88778,60,,1,,87440
88779,60,,1,,87441
88780,60,,1,,87442
88781,60,,1,,87443
88782,60,,1,,87444
88783,60,,1,,87445
88784,60,,1,,87446
88785,60,,1,,87447
88786,60,,1,,87448
88787,60,,1,,87449
88788,60,,1,,87450
88789,60,,1,,87451
88790,60,,1,,87452
88791,60,,1,,87453
88792,60,,1,,87454
88793,60,,1,,87455
88794,60,,1,,87456
88795,60,,1,,87457
88796,60,,1,,87458
88797,60,,1,,87459
88798,60,,1,,87460
88799,60,,1,,87461
88800,60,,1,,87462
88801,60,,1,,87463
88802,60,,1,,87464
88803,60,,1,,87465
88804,60,,1,,87466
88805,60,,1,,87467
88806,60,,1,,87468
88807,60,,1,,87469
88808,60,,1,,87470
88809,60,,1,,87471
88810,60,,1,,87472
88811,60,,1,,87473
88812,60,,1,,87474
88813,60,,1,,87475
88814,60,,1,,87476
86591,39,3,1,,85341
86592,36,,1,,85342
86593,39,1,1,,85343
86594,39,1,1,,85344
86595,39,1,1,,85345
86596,69,,1,,85346
86597,69,,1,,85347
86598,39,3,1,,85348
86599,39,1,1,,85349
86600,39,1,1,,85350
86601,23,7,1,,85350
86602,39,1,1,,85351
86603,39,1,1,,85352
86604,23,7,1,,85352
86605,39,1,1,,85353
86606,39,1,1,,85354
86607,39,1,1,,85355
86608,39,1,2,,85356
86609,39,4,2,,85357
86610,39,4,2,,85358
86611,39,4,1,,85359
86612,39,4,1,,85360
86613,39,1,3,,85361
86614,39,1,1,,85362
86615,39,3,1,,85363
86616,39,3,1,,85364
86617,39,3,1,,85365
86618,39,1,2,,85366
86619,39,1,1,,85367
86620,39,1,1,,85368
86621,39,1,1,,85369
86622,39,1,2,,85370
86623,39,1,2,,85371
86624,39,1,1,,85372
86625,60,1,1,,85373
86626,22,,1,,85374
86627,39,1,1,,85375
86628,39,1,1,,85376
86629,39,1,1,,85377
86630,39,1,1,,85378
86631,39,1,1,,85379
86632,39,3,1,,85380
86633,36,,1,,85381
86634,39,1,1,,85382
86635,36,,1,,85383
86636,39,1,1,,85384
86637,39,3,1,,85385
86638,39,1,2,,85386
86639,39,3,1,,85387
86640,39,1,4,,85388
86641,39,1,1,,85389
86642,39,1,1,,85390
86643,39,1,1,,85391
86644,39,1,1,,85392
86645,39,3,1,,85393
86646,39,3,2,,85394
86647,39,3,2,,85395
86648,39,3,1,,85396
86649,39,1,1,,85397
86650,39,1,1,,85398
86651,36,,1,,85399
86652,39,1,1,,85400
86653,39,1,1,,85401
86654,39,1,1,,85402
86655,39,1,1,,85403
86656,39,1,1,,85404
86657,39,1,1,,85405
86658,39,1,2,,85406
86659,39,1,2,,85407
86660,39,1,1,,85408
86661,39,1,1,,85409
86662,69,,1,,85410
86663,39,1,1,,85411
86664,69,,1,,85412
86665,39,3,1,,85413
86666,39,1,1,,85414
86667,39,1,1,,85415
86668,39,1,2,,85416
86669,39,3,1,,85417
86670,39,1,1,,85418
86671,39,1,1,,85419
86672,23,5,1,,85420
86673,23,5,1,,85421
86674,23,5,1,,85422
86675,39,1,1,,85423
86676,39,3,1,,85424
86677,39,3,2,,85425
86678,36,,1,,85426
86679,39,1,1,,85427
86680,23,7,1,,85427
86681,39,48,1,,85428
86682,39,48,1,,85429
86683,39,1,1,,85430
86684,39,1,1,,85431
86685,39,48,1,,85432
86686,39,48,1,,85433
86687,39,3,1,,85434
86688,39,3,2,,85435
86689,39,3,1,,85436
86690,39,1,1,,85437
86691,39,1,1,,85438
86692,39,1,1,,85439
86693,39,1,1,,85440
86694,39,1,1,,85441
86695,39,6,1,,85442
86696,39,6,1,,85443
86697,39,6,1,,85444
86698,39,6,2,,85445
86699,69,,1,,85446
86700,69,,1,,85447
86701,39,1,1,,85448
86702,39,1,1,,85449
86703,39,1,2,,85450
86704,39,3,1,,85451
86705,39,3,1,,85452
86706,39,3,1,,85453
86707,39,1,1,,85454
86708,39,1,1,,85455
86709,60,,1,,85456
86710,39,1,1,,85457
86711,39,1,1,,85458
86712,39,1,1,,85459
86713,39,1,1,,85460
86714,39,1,1,,85461
86715,39,1,1,,85462
86716,39,1,2,,85463
86717,39,4,1,,85464
86718,39,4,1,,85465
86719,39,4,1,,85466
86720,39,1,1,,85467
86721,11,,1,,85468
86722,39,3,1,,85469
86723,39,1,1,,85470
86724,39,1,1,,85471
86725,39,3,1,,85472
86726,39,1,1,,85473
86727,39,1,1,,85474
86728,39,1,1,,85475
86729,22,,1,,85476
86730,39,1,2,,85477
86731,39,1,1,,85478
86732,39,1,1,,85479
86733,39,1,1,,85480
86734,39,3,1,,85481
86735,39,1,2,,85482
86736,39,1,1,,85483
86737,39,1,1,,85484
86738,39,3,2,,85485
86739,39,1,1,,85486
86740,39,3,1,,85487
86741,39,1,1,,85488
86742,39,1,1,,85489
86743,39,48,1,,85490
86744,39,48,1,,85491
86745,39,48,1,,85492
86746,39,48,1,,85493
86747,39,1,1,,85494
86748,39,1,2,,85495
86749,39,1,1,,85496
86750,39,1,2,,85497
86751,23,5,1,,85497
86752,39,1,2,,85498
86753,23,5,1,,85498
86754,39,3,1,,85499
86755,59,,1,,85500
86756,39,8,1,,85501
86757,39,1,1,,85502
86758,39,1,1,,85503
86759,39,1,1,,85504
86760,23,5,1,,85504
86761,39,1,1,,85505
86762,39,1,1,,85506
86763,39,1,1,,85507
86764,69,,1,,85508
86765,39,1,1,,85509
86766,69,,1,,85510
86767,39,1,1,,85511
86768,39,1,1,,85512
86769,39,1,1,,85513
86770,39,1,2,,85514
86771,39,1,1,,85515
86772,36,,1,,85516
86773,39,1,1,,85517
86774,39,3,2,,85518
86775,60,,1,,85519
86776,39,3,1,,85520
86777,39,3,1,,85521
86778,39,3,2,,85522
86779,39,3,1,,85523
86780,39,,1,,85524
86781,39,3,1,,85525
86782,39,3,1,,85526
86783,39,3,2,,85527
86784,39,3,2,,85528
86785,39,3,1,,85529
86786,39,3,2,,85530
86787,39,3,2,,85531
86788,39,3,3,,85532
86789,39,3,3,,85533
86790,39,3,1,,85534
86791,39,1,1,,85535
86792,39,1,1,,85536
86793,39,1,1,,85537
86794,39,1,1,,85538
86795,39,1,1,,85539
86796,39,1,1,,85540
86797,39,1,1,,85541
86798,39,1,1,,85542
86799,39,1,1,,85543
86800,39,1,1,,85544
86801,39,1,1,,85545
86802,39,1,1,,85546
86803,39,1,1,,85547
86804,36,1,1,,85548
86805,39,1,1,,85549
86806,39,1,1,,85550
86807,39,1,1,,85551
86808,39,1,1,,85552
86809,39,3,1,,85553
86810,39,1,1,,85554
86811,39,1,1,,85555
86812,39,1,1,,85556
86813,39,1,1,,85557
86814,39,1,2,,85558
86815,39,1,1,,85559
86816,39,1,1,,85560
86817,39,1,1,,85561
86818,39,3,1,,85562
86819,39,1,2,,85563
86820,23,5,1,,85563
86821,23,5,1,,85564
86822,39,3,1,,85565
86823,36,,1,,85566
86824,36,,1,,85567
86825,23,7,1,,85568
86826,39,1,1,,85569
86827,39,1,2,,85570
86828,39,1,1,,85571
86829,39,1,1,,85572
86830,39,1,1,,85573
86831,39,1,2,,85574
86832,39,1,2,,85575
86833,39,3,1,,85576
86834,23,5,1,,85577
86835,39,3,1,,85578
86836,39,1,2,,85579
86837,39,1,1,,85580
86838,23,5,1,,85580
86839,39,1,2,,85581
86840,39,1,2,,85582
86841,39,1,1,,85583
86842,23,7,1,,85583
86843,39,1,1,,85584
86844,39,1,2,,85585
86845,39,1,1,,85586
86846,39,3,1,,85587
86847,39,3,1,,85588
86848,39,3,1,,85589
86849,39,4,1,,85590
86850,39,1,2,,85591
86851,39,1,1,,85592
86852,39,3,1,,85593
86853,39,1,1,,85594
86854,39,1,1,,85595
86855,39,1,1,,85596
86856,39,1,1,,85597
86857,39,1,1,,85598
86858,39,1,1,,85599
86859,39,1,1,,85600
86860,39,1,1,,85601
86861,39,1,1,,85602
86862,39,1,2,,85603
86863,39,1,1,,85604
86864,39,1,1,,85605
86865,39,1,1,,85606
86866,39,1,1,,85607
86867,39,1,1,,85608
86868,39,3,1,,85609
86869,39,3,1,,85610
86870,39,3,1,,85611
86871,39,3,2,,85612
86872,39,3,1,,85613
86873,39,1,1,,85614
86874,39,1,1,,85615
86875,39,1,1,,85616
86876,39,1,2,,85617
86877,39,1,1,,85618
86878,59,,1,,85619
86879,69,,1,,85620
86880,69,,1,,85621
86881,39,3,1,,85622
86882,36,,1,,85623
86883,36,,1,,85624
86884,39,1,1,,85625
86885,13,,1,,85626
86886,39,1,1,,85627
86887,39,1,1,,85628
86888,60,,1,,85629
86889,60,,1,,85630
86890,39,1,1,,85631
86891,60,,1,,85632
86892,60,,1,,85633
86893,69,,1,,85634
86894,69,,1,,85635
86895,39,1,1,,85636
86896,39,1,1,,85637
86897,39,1,1,,85638
86898,39,1,1,,85639
86899,39,1,1,,85640
86900,39,1,2,,85641
86901,39,1,1,,85642
86902,39,1,1,,85643
86903,39,1,1,,85644
86904,39,1,1,,85645
86905,39,1,1,,85646
86906,39,1,2,,85647
86907,39,1,1,,85648
86908,39,1,1,,85649
86909,44,,1,,85650
86910,39,1,2,,85651
86911,39,1,2,,85652
86912,39,1,1,,85653
86913,39,1,1,,85654
86914,39,1,1,,85655
86915,23,7,1,,85655
86916,39,1,1,,85656
86917,39,1,1,,85657
86918,39,1,1,,85658
86919,23,7,1,,85658
86920,23,5,1,,85659
86921,39,1,1,,85660
86922,39,1,1,,85661
86923,39,1,1,,85662
86924,39,1,1,,85663
86925,39,1,1,,85664
86926,60,3,1,,85665
86927,55,,1,bird maybe dove,85666
86928,39,1,1,,85667
86929,39,1,2,,85668
86930,39,1,2,,85669
86931,39,1,2,,85670
86932,39,1,1,,85671
86933,39,1,2,,85672
86934,39,1,2,,85673
86935,39,1,1,,85674
86936,39,1,1,,85675
86937,23,7,1,,85676
86938,39,1,1,,85677
86939,39,1,1,,85678
86940,39,1,1,,85679
86941,39,3,1,,85680
86942,39,1,2,,85681
86943,39,1,1,,85682
86944,23,7,1,,85682
86945,39,1,2,,85683
86946,39,3,1,,85684
86947,60,,1,,85685
86948,39,1,1,,85686
86949,39,1,2,,85687
86950,39,1,2,,85688
86951,39,3,1,,85689
86952,39,1,2,,85690
86953,39,1,1,,85691
86954,39,1,1,,85692
86955,39,1,1,,85693
86956,39,1,1,,85694
86957,39,1,1,,85695
86958,39,1,1,,85696
86959,39,1,1,,85697
86960,39,1,1,,85698
86961,39,1,2,,85699
86962,39,1,1,,85700
86963,39,1,1,,85701
86964,39,3,1,,85702
86965,39,1,1,,85703
86966,23,7,1,,85703
86967,39,1,1,,85704
86968,39,1,1,,85705
86969,39,1,1,,85706
86970,39,1,1,,85707
86971,39,1,1,,85708
86972,39,1,1,,85709
86973,39,1,1,,85710
86974,39,1,2,,85711
86975,39,3,1,,85712
86976,39,1,1,,85713
86977,39,1,1,,85714
86978,39,1,1,,85715
86979,39,1,1,,85716
86980,39,1,1,,85717
86981,39,1,1,,85718
86982,39,3,1,,85719
86983,39,1,1,,85720
86984,39,1,1,,85721
86985,39,4,1,,85722
86986,39,3,1,,85723
86987,39,3,2,,85724
86988,39,3,2,,85725
86989,39,1,1,,85726
86990,39,1,2,,85727
86991,36,,1,,85728
86992,36,,2,,85729
86993,36,,1,,85730
86994,39,1,1,,85731
86995,39,1,1,,85732
86996,39,1,1,,85733
86997,39,1,1,,85734
86998,39,1,1,,85735
86999,39,1,1,,85736
87000,39,1,1,,85737
87001,39,1,1,,85738
87002,39,1,1,,85739
87003,39,1,1,,85740
87004,39,1,1,,85741
87005,69,1,1,,85742
87006,39,48,1,,85743
87007,39,48,1,,85744
87008,39,48,1,,85745
87009,39,48,1,,85746
87010,39,48,1,,85747
87011,39,48,1,,85748
87012,39,48,1,,85749
87013,69,,1,,85750
87014,39,1,1,,85751
87015,22,,1,,85752
87016,39,1,1,,85753
87017,39,1,1,,85754
87018,39,1,1,,85755
87019,23,5,1,,85755
87020,39,1,1,,85756
87021,39,3,1,,85757
87022,39,1,1,,85758
87023,23,7,1,,85758
87024,23,5,1,,85759
87025,39,1,1,,85760
87026,39,1,1,,85761
87027,39,3,1,,85762
87028,39,1,4,,85763
87029,39,1,1,,85764
87030,39,1,1,,85765
87031,39,1,1,,85766
87032,39,1,1,,85767
87033,39,1,1,,85768
87034,39,1,1,,85769
87035,39,1,2,,85770
87036,39,1,1,,85771
87037,39,1,2,,85772
87038,39,3,1,,85773
87039,39,3,1,,85774
87040,39,1,1,,85775
87041,59,,1,,85776
87042,39,1,1,,85777
87043,39,1,1,,85778
87044,39,1,1,,85779
87045,39,1,2,,85780
87046,39,1,1,,85781
87047,39,1,1,,85782
87048,36,,1,,85783
87049,39,1,1,,85784
87050,39,1,1,,85785
87051,39,1,1,,85786
87052,39,3,2,,85787
87053,39,1,2,,85788
87054,39,1,1,,85789
87055,39,1,1,,85790
87056,39,1,1,,85791
87057,39,1,1,,85792
87058,39,1,1,,85793
87059,39,1,1,,85794
87060,39,1,1,,85795
87061,39,1,1,,85796
87062,39,3,1,,85797
87063,39,1,1,,85798
87064,39,1,1,,85799
87065,39,1,1,,85800
87066,39,1,1,,85801
87067,39,1,1,,85802
87068,39,1,1,,85803
87069,60,,1,,85804
87070,39,1,1,,85805
87071,39,3,1,,85806
87072,39,3,1,,85807
87073,39,1,1,,85808
87074,39,1,1,,85809
87075,39,1,1,,85810
87076,60,,1,,85811
87077,39,1,1,,85812
87078,23,7,1,,85812
87079,23,7,1,,85813
87080,39,1,1,,85814
87081,39,1,1,,85815
87082,39,1,1,,85816
87083,39,4,1,,85817
87084,39,3,1,,85818
87085,60,,1,,85819
87086,60,,1,,85820
87087,60,,1,,85821
87088,39,1,1,,85822
87089,39,1,1,,85823
87090,39,1,1,,85824
87092,23,5,1,,85824
87093,23,5,1,,85825
87094,39,1,1,,85826
87095,39,1,1,,85827
87096,39,1,1,,85828
87097,39,1,1,,85829
87098,39,1,1,,85830
87099,39,1,1,,85831
87100,39,1,1,,85832
87101,39,1,1,,85833
87102,39,1,1,,85834
87103,39,1,1,,85835
87104,39,1,1,,85836
87105,39,1,1,,85328
87106,39,1,2,,85329
87107,39,1,1,,85330
87108,39,6,1,,85331
87109,36,,1,,85332
87110,39,1,1,,85837
87111,39,1,1,,85838
87112,39,1,1,,85839
87113,39,1,1,,85840
87114,39,1,1,,85841
83840,60,,1,,82592
83841,60,,1,,82593
83842,60,,1,,82594
83843,60,,1,,82595
83844,60,,1,,82596
83845,60,,1,,82597
83846,60,,1,,82598
83847,60,,1,,82599
83848,60,,1,,82600
83849,60,,1,,82601
83850,60,,1,,82602
83851,60,,1,,82603
83852,60,,1,,82604
83853,60,,1,,82605
83854,60,,1,,82606
83855,60,,1,,82607
83856,60,,1,,82608
83857,60,,1,,82609
83858,60,,1,,82610
83859,60,,1,,82611
83860,60,,1,,82612
83861,60,,1,,82613
83862,36,,1,,82614
83863,36,,1,,82615
83864,36,,1,,82616
83865,36,,1,,82617
83866,36,,1,,82618
83867,36,,1,,82619
83868,36,,1,,82620
83869,36,,1,,82621
83870,36,,1,,82622
83871,36,,1,,82623
83872,36,,1,,82624
83873,39,6,1,,82625
83874,39,6,1,,82626
83875,39,6,1,,82627
83876,39,6,1,,82628
83877,60,,1,,82629
83878,60,,1,,82630
83879,36,,1,,82631
83880,39,6,1,,82632
83881,39,6,1,,82633
83882,39,6,1,,82634
83883,39,6,1,,82635
83884,39,6,1,,82636
83885,39,6,1,,82637
83886,39,6,1,,82638
83887,39,6,1,,82639
83888,39,6,3,,82640
83889,39,6,5,,82641
83890,39,6,2,,82642
83891,39,6,3,,82643
83892,39,6,5,,82644
83893,39,6,5,,82645
83894,39,6,6,,82646
83895,39,6,7,,82647
83896,60,,1,,82648
83897,60,,1,,82649
83898,60,,1,,82650
83899,60,,1,,82651
83900,60,,1,,82652
83901,60,,1,,82653
83902,60,,1,,82654
83903,39,6,1,,82655
83904,39,6,1,,82656
83905,39,6,1,,82657
83906,39,6,1,,82658
83907,60,,1,,82659
83908,39,6,1,,82660
83909,60,,1,,82661
83910,39,6,1,,82662
83911,60,,1,,82663
83912,39,6,2,,82664
83913,60,,1,,82665
83914,60,,1,,82666
83915,60,,1,,82667
83916,60,,1,,82668
83917,60,,1,,82669
83918,60,,1,,82670
83919,60,,1,,82671
83920,60,,1,,82672
83921,60,,1,,82673
83922,60,,1,,82674
83923,60,,1,,82675
83924,60,,1,,82676
83925,60,,1,,82677
83926,60,,1,,82678
83927,60,,1,,82679
83928,60,,1,,82680
83929,60,,1,,82681
83930,60,,1,,82682
83931,60,,1,,82683
83932,60,,1,,82684
83933,60,,1,,82685
83934,60,,1,,82686
83935,60,,1,,82687
83936,60,,1,,82688
83937,60,,1,,82689
83938,60,,1,,82690
83939,60,,1,,82691
83940,60,,1,,82692
83941,60,,1,,82693
83942,60,,1,,82694
83943,60,,1,,82695
83944,60,,1,,82696
83945,60,,1,,82697
83946,60,,1,,82698
83947,60,,1,,82699
83948,60,,1,,82700
83949,60,,1,,82701
83950,60,,1,,82702
83951,60,,1,,82703
83952,60,,1,,82704
83953,60,,1,,82705
83954,60,,1,,82706
83955,60,,1,,82707
83956,60,,1,,82708
83957,60,,1,,82709
83958,60,,1,,82710
83959,60,,1,,82711
83960,60,,1,,82712
83961,60,,1,,82713
83962,60,,1,,82714
83963,60,,1,,82715
83964,60,,1,,82716
83965,60,,1,,82717
83966,60,,1,,82718
83967,60,,1,,82719
83968,60,,1,,82720
83969,60,,1,,82721
83970,60,,1,,82722
87115,39,1,2,,85842
87116,39,1,1,,85843
87117,39,1,1,,85844
87118,39,1,1,,85845
87119,39,1,1,,85846
87120,39,1,1,,85847
87121,39,1,1,,85848
87122,39,1,1,,85849
87123,39,1,1,,85850
87124,39,1,1,,85851
87125,39,1,1,,85852
87126,39,1,1,,85853
87127,39,1,1,,85854
87128,39,1,1,,85855
87129,39,1,1,,85856
87130,39,1,1,,85857
87131,39,1,1,,85858
87132,39,1,2,,85859
87133,39,1,2,,85860
87134,39,1,1,,85861
87135,39,1,3,,85862
87136,39,1,1,,85863
87137,60,,1,,85864
87138,39,1,1,,85865
87139,39,1,1,,85866
87140,39,1,1,,85867
87141,39,1,1,,85868
87142,39,1,1,,85869
87143,39,1,1,,85870
87144,39,1,1,,85871
87145,39,1,2,,85872
87146,39,1,1,,85873
87147,39,1,1,,85874
87148,39,1,2,,85875
87149,39,1,2,,85876
87150,39,1,1,,85877
87151,39,1,1,,85878
87152,39,1,3,,85879
87153,39,1,1,,85880
87154,39,1,1,,85881
87155,39,1,1,,85882
87156,39,1,2,,85883
87157,39,1,1,,85884
87158,39,1,2,,85885
87159,39,1,1,,85886
87160,39,1,1,,85887
87161,39,1,1,,85888
87162,39,1,3,,85889
87163,39,1,3,,85890
87164,39,1,1,,85891
87165,39,1,1,,85892
87166,39,1,1,,85893
87167,39,1,1,,85894
87168,39,1,1,,85895
87169,39,1,2,,85896
87170,39,1,1,,85897
87171,39,1,2,,85898
87172,60,,1,,85899
87173,39,1,1,,85900
87174,39,1,1,,85901
87175,39,1,2,,85902
87176,39,1,1,,85903
87177,39,1,2,,85904
87178,60,,1,,85905
87179,39,1,1,,85906
87180,39,1,1,,85907
87181,39,1,1,,85908
87182,39,1,2,,85909
87183,39,1,1,,85910
87184,39,1,1,,85911
87185,39,1,2,,85912
87186,39,1,1,,85913
87187,39,1,1,,85914
87188,39,1,1,,85915
87189,39,1,4,,85916
87190,39,1,2,,85917
87191,39,1,1,,85918
87192,39,1,2,,85919
87193,39,1,1,,85920
87194,39,1,1,,85921
87195,39,1,1,,85922
87196,39,1,1,,85923
87197,60,1,1,,85924
87198,39,1,1,,85925
87199,39,1,2,,85926
87200,39,1,1,,85927
87201,39,1,1,,85928
87202,39,1,1,,85929
87203,39,1,1,,85930
87204,39,1,2,,85931
87205,39,1,1,,85932
87206,39,1,1,,85933
87207,39,1,1,,85934
87208,39,1,1,,85935
87209,60,1,1,,85936
87210,39,1,2,,85937
87211,39,1,1,,85938
87212,39,1,2,,85939
87213,39,1,2,,85940
87214,39,1,1,,85941
87215,39,1,1,,85942
87216,39,1,1,,85943
87217,39,1,1,,85944
87218,39,1,1,,85945
87219,39,1,1,,85946
87220,39,1,2,,85947
87221,39,1,1,,85948
87222,39,1,1,,85949
87223,39,1,2,,85950
87224,23,7,2,,85950
87225,39,1,1,,85951
87226,39,1,1,,85952
87227,39,4,2,,85953
87228,39,4,1,,85954
87229,39,1,2,,85955
87230,39,1,1,,85956
87231,23,5,1,,85956
87232,39,1,1,,85957
87233,39,1,1,,85958
87234,39,1,1,,85959
87235,39,1,1,,85960
87236,39,3,1,,85961
87237,39,1,1,,85962
87238,39,1,1,,85963
87239,39,4,2,,85964
87240,39,4,2,,85965
87241,39,3,1,,85966
87242,60,,1,,85967
87243,60,,1,,85968
87244,60,,1,,85969
87245,60,,1,,85970
87246,60,,1,,85971
87247,60,,1,,85972
87248,60,,1,,85973
87249,36,,1,,85974
87250,36,,1,,85975
87251,39,1,1,,85976
87252,23,7,1,,85976
87253,39,1,1,,85977
87254,23,5,1,,85977
87255,39,1,1,,85978
87256,39,1,1,,85979
87257,39,1,1,,85980
87258,39,1,2,,85981
87259,39,1,1,,85982
87260,39,1,2,,85983
87261,39,4,2,,85984
87262,39,4,1,,85985
87263,39,1,1,,85986
87264,39,3,1,,85987
87265,39,3,1,,85988
87266,60,,1,,85989
87267,39,1,1,,85990
87268,60,,1,,85991
87269,39,1,1,,85992
87270,39,1,1,,85993
87271,39,1,1,,85994
87272,39,1,1,,85995
87273,39,1,1,,85996
87274,39,1,2,,85997
87275,36,,1,,85998
87276,39,3,1,,85999
87277,39,3,1,,86000
87278,60,,1,,86001
87279,60,,1,,86002
87280,60,,1,,86003
87281,39,1,1,,86004
87282,39,1,2,,86005
87283,39,1,2,,86006
87284,39,1,2,,86007
87285,60,,1,,86008
87286,60,,1,,86009
87287,60,,1,,86010
87288,60,,1,,86011
87289,60,,1,,86012
87290,60,,1,,86013
87291,60,,1,,86014
87292,60,,1,,86015
87293,60,,1,,86016
87294,60,,1,,86017
87295,60,,1,,86018
87296,60,,1,,86019
87297,60,,1,,86020
87298,60,,1,,86021
87299,60,,1,,86022
87300,60,,1,,86023
87301,60,,1,,86024
87302,60,,1,,86025
87303,60,,1,,86026
87304,60,,1,,86027
87305,60,,1,,86028
87306,60,,1,,86029
87307,60,,1,,86030
87308,39,1,1,,86031
87309,23,7,1,,86031
87310,23,7,1,,86032
87311,39,1,1,,86033
87312,39,3,1,,86034
87313,39,3,1,,86035
87314,60,,1,,86036
87315,60,,1,,86037
87316,60,,1,,86038
87317,36,,1,,86039
87318,39,1,1,,86040
87319,39,1,1,,86041
87320,39,1,1,,86042
87321,39,3,1,,86043
87322,39,1,1,,86044
87323,39,3,1,,86045
87324,39,3,1,,86046
87325,39,1,1,,86047
87326,39,1,2,,86048
87327,39,4,1,,86049
87328,60,,1,,86050
87329,60,,1,,86051
87330,60,,1,,86052
87331,60,,1,,86053
87332,60,,1,,86054
87333,60,,1,,86055
87334,60,,1,,86056
87335,60,,1,,86057
87336,60,,1,,86058
87337,60,,1,,86059
87338,60,,1,,86060
87339,60,,1,,86061
87340,60,,1,,86062
87341,60,,1,,86063
87342,60,,1,,86064
87343,60,,1,,86065
87344,60,,1,,86066
87345,60,,1,,86067
87346,60,,1,,86068
87347,44,,1,,86069
87348,39,1,1,,86070
87349,39,1,1,,86071
87350,39,1,1,,86072
87351,39,3,1,,86073
87352,39,,1,,86074
87353,39,3,1,,86075
87354,55,,1,,86076
87355,39,1,1,,86077
87356,39,3,1,,86078
87357,39,3,1,,86079
87358,60,,1,,86080
87359,60,,1,,86081
87360,60,,1,,86082
87361,60,,1,,86083
87362,60,,1,,86084
87363,60,,1,,86085
87364,60,,1,,86086
87365,60,,1,,86087
87366,60,,1,,86088
87367,22,,1,,86089
87368,60,,1,,86090
87369,39,1,1,,86091
87370,39,1,2,,86092
87371,39,1,2,,86093
87372,39,1,1,,86094
87373,39,1,1,,86095
87374,23,5,1,,86096
87375,23,,1,,86097
87376,23,,1,,86098
87377,23,7,2,,86099
87378,23,7,2,,86100
87379,23,7,2,,86101
87380,39,6,1,,86102
87381,39,6,1,,86103
87382,39,6,1,,86104
87383,60,,1,,86105
87384,39,3,1,,86127
87385,39,1,1,,86128
87386,39,1,1,,86129
87387,39,1,1,,86130
87388,36,,1,,86131
87389,60,,1,,86132
87390,69,,1,,86133
87391,39,3,1,,86134
87392,69,,1,,86135
87393,39,1,1,,86136
87394,39,1,1,,86137
87395,23,7,1,,86137
87396,23,7,1,,86138
87397,39,1,1,,86139
87398,69,,1,,86140
87399,60,,1,,86141
87400,60,,1,,86142
87401,60,,1,,86143
87402,69,,1,,86144
87403,36,,1,,86145
87404,39,,2,,86146
87405,39,1,1,,86147
87406,13,,1,,86148
87407,39,3,1,,86149
87408,13,,1,,86150
87409,39,3,1,,86151
87410,39,1,1,,86152
87411,39,1,1,,86153
87412,39,1,1,,86154
87413,39,1,1,,86155
87414,39,1,1,,86156
87415,60,,1,,86157
87416,60,,1,,86158
87417,60,,1,,86159
87418,39,1,1,,86160
87419,39,1,1,,86161
87420,60,,1,,86162
87421,55,,1,,86163
87422,13,,1,,86164
87423,39,1,1,,86165
87424,39,1,1,,86166
87425,39,1,1,,86167
87426,39,1,1,,86168
87427,39,1,1,,86169
87428,39,1,1,,86170
87429,39,1,1,,86171
87430,39,3,1,,86172
87431,60,,1,,86173
87432,60,,1,,86174
87433,60,,1,,86175
87434,60,,1,,86176
87435,60,,1,,86177
87436,60,,1,,86178
87437,69,,1,,86179
87438,39,1,1,,86180
87439,69,,1,,86181
87440,60,,1,,86182
87441,60,,1,,86183
87442,60,,1,,86184
87443,60,,1,,86185
87444,60,,1,,86186
87445,60,,1,,86187
87446,60,,1,,86188
87447,60,,1,,86189
87448,60,,1,,86190
87449,60,,1,,86191
87450,60,,1,,86192
87451,60,,1,,86193
87452,69,,1,,86194
87453,69,,1,,86195
87454,60,,1,,86196
87455,60,,1,,86197
87456,60,,1,,86198
87457,60,,1,,86199
87458,39,48,1,,86200
87459,39,48,1,,86201
87460,39,3,1,,86202
87461,39,1,1,,86203
87462,39,1,1,,86204
87463,39,3,1,,86205
87464,39,1,2,,86206
87465,39,1,1,,86207
87466,13,,1,,86208
87467,39,48,1,,86209
87468,60,,1,,86210
87469,60,,1,,86211
87470,60,,1,,86212
87471,69,,1,,86213
87472,60,,1,,86214
87473,60,,1,,86215
87474,60,,1,,86216
87475,60,,1,,86217
87476,60,,1,,86218
87477,60,,1,,86219
87478,60,,1,,86220
87479,60,,1,,86221
87480,60,,1,,86223
87481,60,,1,,86224
87482,39,48,1,,86225
87483,60,,1,,86226
87484,60,,1,,86227
87485,60,,1,,86228
87486,60,,1,,86229
87487,60,,1,,86230
87488,60,,1,,86231
87489,60,,1,,86232
87490,60,,1,,86233
87491,69,,1,,86234
87492,69,,1,,86235
87493,39,1,1,,86236
87494,39,1,1,,86237
87495,60,,1,,86238
87496,69,,1,,86239
87497,39,48,1,\,86240
87498,60,,1,,86241
87499,39,48,1,,86242
87500,60,,1,,86243
87501,69,,1,,86244
87502,60,,1,,86245
87503,60,,1,,86246
87504,60,,1,,86247
87505,60,,1,,86248
87506,60,,1,,86249
87507,59,,2,,86250
83971,60,,1,,82723
83972,60,,1,,82724
83973,60,,1,,82725
83974,60,,1,,82726
83975,60,,1,,82727
83976,60,,1,,82728
83977,60,,1,,82729
83978,60,,1,,82730
83979,60,,1,,82731
83980,60,,1,,82732
83981,60,,1,,82733
83982,60,,1,,82734
83983,60,,1,,82735
83984,60,,1,,82736
83985,60,,1,,82737
83986,60,,1,,82738
83987,60,,1,,82739
83988,60,,1,,82740
83989,60,,1,,82741
83990,60,,1,,82742
83991,60,,1,,82743
83992,60,,1,,82744
83993,60,,1,,82745
83994,60,,1,,82746
83995,60,,1,,82747
83996,60,,1,,82748
83997,60,,1,,82749
83998,60,,1,,82750
83999,60,,1,,82751
84000,60,,1,,82752
84001,60,,1,,82753
84002,60,,1,,82754
84003,60,,1,,82755
84004,60,,1,,82756
84005,60,,1,,82757
84006,60,,1,,82758
84007,60,,1,,82759
84008,60,,1,,82760
84009,60,,1,,82761
84010,60,,1,,82762
84011,60,,1,,82763
84012,60,,1,,82764
84013,60,,1,,82765
84014,60,,1,,82766
84015,60,,1,,82767
84016,60,,1,,82768
84017,60,,1,,82769
84018,60,,1,,82770
84019,60,,1,,82771
84020,60,,1,,82772
84021,60,,1,,82773
84022,60,,1,,82774
84023,60,,1,,82775
84024,60,,1,,82776
84025,60,,1,,82777
84026,60,,1,,82778
84027,60,,1,,82779
84028,60,,1,,82780
84029,60,,1,,82781
84030,60,,1,,82782
84031,60,,1,,82783
84032,60,,1,,82784
84033,60,,1,,82785
84034,60,,1,,82786
84035,60,,1,,82787
84036,60,,1,,82788
84037,60,,1,,82789
84038,60,,1,,82790
84039,60,,1,,82791
84040,60,,1,,82792
84041,60,,1,,82793
84042,60,,1,,82794
84043,60,,1,,82795
84044,60,,1,,82796
84045,60,,1,,82797
84046,60,,1,,82798
84047,60,,1,,82799
84048,60,,1,,82800
84049,60,,1,,82801
84050,60,,1,,82802
84051,60,,1,,82803
84052,60,,1,,82804
84053,60,,1,,82805
84054,60,,1,,82806
84055,60,,1,,82807
84056,60,,1,,82808
84057,60,,1,,82809
84058,60,,1,,82810
84059,60,,1,,82811
84060,60,,1,,82812
84061,60,,1,,82813
84062,60,,1,,82814
84063,60,,1,,82815
84064,60,,1,,82816
84065,60,,1,,82817
84066,60,,1,,82818
84067,60,,1,,82819
84068,60,,1,,82820
84069,60,,1,,82821
84070,60,,1,,82822
84071,60,,1,,82823
84072,60,,1,,82824
84073,60,,1,,82825
84074,60,,1,,82826
84075,60,,1,,82827
84076,60,,1,,82828
84077,60,,1,,82829
84078,60,,1,,82830
84079,60,,1,,82831
84080,60,,1,,82832
84081,60,,1,,82833
84082,60,,1,,82834
84083,60,,1,,82835
84084,60,,1,,82836
84085,60,,1,,82837
84086,60,,1,,82838
84087,60,,1,,82839
84088,60,,1,,82840
84089,60,,1,,82841
84090,60,,1,,82842
84091,60,,1,,82843
84092,60,,1,,82844
84093,60,,1,,82845
84094,60,,1,,82846
84095,60,,1,,82847
84096,60,,1,,82848
84097,60,,1,,82849
84098,60,,1,,82850
84099,60,,1,,82851
84100,60,,1,,82852
84101,60,,1,,82853
84102,60,,1,,82854
84103,60,,1,,82855
84104,60,,1,,82856
84105,60,,1,,82857
84106,60,,1,,82858
84107,60,,1,,82859
84108,60,,1,,82860
84109,60,,1,,82861
84110,60,,1,,82862
84111,60,,1,,82863
84112,60,,1,,82864
84113,60,,1,,82865
84114,60,,1,,82866
84115,60,,1,,82867
84116,60,,1,,82868
84117,60,,1,,82869
84118,60,,1,,82870
84119,60,,1,,82871
84120,60,,1,,82872
84121,60,,1,,82873
84122,60,,1,,82874
84123,60,,1,,82875
84124,60,,1,,82876
84125,60,,1,,82877
84126,60,,1,,82878
84127,60,,1,,82879
84128,60,,1,,82880
84129,60,,1,,82881
84130,60,,1,,82882
84131,60,,1,,82883
84132,60,,1,,82884
84133,60,,1,,82885
84134,60,,1,,82886
84135,60,,1,,82887
84136,60,,1,,82888
84137,60,,1,,82889
84138,60,,1,,82890
84139,60,,1,,82891
84140,60,,1,,82892
84141,60,,1,,82893
84142,60,,1,,82894
84143,60,,1,,82895
84144,60,,1,,82896
84145,60,,1,,82897
84146,60,,1,,82898
84147,60,,1,,82899
84148,60,,1,,82900
84149,60,,1,,82901
84150,60,,1,,82902
84151,60,,1,,82903
84152,60,,1,,82904
84153,60,,1,,82905
84154,60,,1,,82906
84155,60,,1,,82907
84156,60,,1,,82908
84157,60,,1,,82909
84158,60,,1,,82910
84159,60,,1,,82911
84160,60,,1,,82912
84161,60,,1,,82913
84162,60,,1,,82914
84163,60,,1,,82915
84164,60,,1,,82916
84165,60,,1,,82917
84166,36,,2,,82918
84167,36,,2,,82919
84168,36,,1,,82920
84169,36,,1,,82921
84170,60,,1,,82922
84171,60,,1,,82923
84172,60,,1,,82924
84173,60,,1,,82925
84174,60,,1,,82926
84175,60,,1,,82927
84176,60,,1,,82928
84177,60,,1,,82929
84178,60,,1,,82930
84179,60,,1,,82931
84180,60,,1,,82932
84181,60,,1,,82933
84182,60,,1,,82934
84183,60,,1,,82935
84184,60,,1,,82936
84185,60,,1,,82937
84186,60,,1,,82938
84187,60,,1,,82939
84188,60,,1,,82940
84189,60,,1,,82941
84190,60,,1,,82942
84191,60,,1,,82943
84192,60,,1,,82944
84193,60,,1,,82945
84194,60,,1,,82946
84195,60,,1,,82947
84196,60,,1,,82948
84197,60,,1,,82949
84198,60,,1,,82950
84199,60,,1,,82951
84200,60,,1,,82952
84201,60,,1,,82953
84202,60,,1,,82954
84203,60,,1,,82955
84204,60,,1,,82956
84205,60,,1,,82957
84206,60,,1,,82958
84207,60,,1,,82959
84208,60,,1,,82960
84209,60,,1,,82961
84210,60,,1,,82962
84211,60,,1,,82963
84212,60,,1,,82964
84213,60,,1,,82965
84214,60,,1,,82966
84215,60,,1,,82967
84216,60,,1,,82968
84217,60,,1,,82969
84218,60,,1,,82970
84219,60,,1,,82971
84220,60,,1,,82972
84221,60,,1,,82973
84222,60,,1,,82974
84223,60,,1,,82975
84224,60,,1,,82976
84225,60,,1,,82977
84226,60,,1,,82978
84227,60,,1,,82979
84228,60,,1,,82980
84229,60,,1,,82981
84230,60,,1,,82982
84231,60,,1,,82983
84232,60,,1,,82984
89340,39,3,1,,87996
89341,39,1,1,,87997
89342,39,1,1,,87998
89343,39,1,2,,87999
89344,39,3,1,,88000
89345,39,1,1,,88001
89346,39,1,1,,88002
89347,23,5,1,,88003
89348,23,5,1,,88004
89349,23,5,1,,88005
89350,39,1,1,,88006
89351,39,3,1,,88007
89352,39,3,2,,88008
89353,36,40,1,,88009
89354,39,1,1,,88010
89356,23,7,1,,88010
89357,39,48,1,,88011
89358,39,48,1,,88012
89359,39,1,1,,88013
89360,39,1,1,,88014
89361,39,48,1,,88015
89362,39,48,1,,88016
89363,39,3,1,,88017
89364,39,3,2,,88018
89365,39,3,1,,88019
89366,39,1,1,,88020
89367,39,1,1,,88021
89368,39,1,1,,88022
89369,39,1,1,,88023
89370,39,1,1,,88024
89371,39,6,1,,88025
89372,39,6,1,,88026
89373,39,6,1,,88027
89374,39,6,1,,88028
89375,69,,1,,88029
89376,69,,1,,88030
89377,39,1,1,,88031
89378,39,1,1,,88032
89379,39,1,2,,88033
89380,39,3,1,,88034
89381,39,3,1,,88035
89382,39,3,1,,88036
89383,39,1,1,,88037
89384,39,1,1,,88038
89385,60,,1,,88039
89386,39,1,1,,88040
89387,39,1,1,,88041
89388,39,1,1,,88042
89389,23,5,1,,88042
89390,39,1,1,,88043
89391,39,1,1,,88044
89392,39,1,1,,88045
89393,39,1,2,,88046
89394,39,4,1,,88047
89395,39,4,1,,88048
89396,39,4,1,,88049
89397,39,1,1,,88050
89398,39,3,1,,88051
89399,39,3,1,,88052
89400,39,1,1,,88053
89401,23,7,1,,88053
89402,39,1,1,,88054
89403,39,3,1,,88055
89404,39,1,1,,88056
89405,39,1,1,,88057
89406,39,1,1,,88058
89407,22,,1,,88059
89408,39,1,2,,88060
89409,39,1,1,,88061
89410,39,1,1,,88062
89411,39,1,1,,88063
89412,39,3,1,,88064
89413,39,1,2,,88065
89414,39,1,1,,88066
89415,39,1,1,,88067
89416,39,3,2,,88068
89417,39,1,1,,88069
89418,39,3,1,,88070
89419,39,1,1,,88071
89420,39,1,1,,88072
89421,39,48,2,,88073
89422,39,48,1,,88074
89423,39,48,1,,88075
89424,39,48,1,,88076
89425,39,1,1,,88077
89426,39,1,2,,88078
89427,39,1,1,,88079
89428,23,7,1,,88079
89429,39,1,2,,88080
89431,23,5,1,,88080
89432,39,1,2,,88081
89433,23,7,1,,88081
89434,39,3,1,,88082
89435,59,,1,,88083
89436,39,8,1,,88084
89437,39,1,1,,88085
89438,39,1,1,,88086
89439,39,1,1,,88087
89440,23,5,1,,88087
89441,39,1,1,,88088
89442,39,1,1,,88089
89443,39,1,1,,88090
89444,69,1,1,,88091
89445,39,1,1,,88092
89446,69,,1,,88093
89447,39,1,1,,88094
89448,39,1,1,,88095
89449,39,1,1,,88096
89450,39,1,2,,88097
89451,39,1,1,,88098
89452,36,1,1,,88099
89453,39,1,1,,88100
89454,39,3,2,,88101
89455,60,,1,,88102
89456,39,3,1,,88103
89457,39,3,1,,88104
89458,39,3,2,,88105
89459,39,3,1,,88106
89460,39,3,1,,88107
89461,39,3,1,,88108
89462,39,3,1,,88109
89463,39,3,2,,88110
89464,39,3,2,,88111
89465,39,3,1,,88112
89466,39,3,2,,88113
89467,39,3,2,,88114
89468,39,3,2,,88115
89469,39,3,2,,88116
89470,39,3,1,,88117
89471,39,1,1,,88118
89472,39,1,1,,88119
89473,39,1,1,,88120
89474,39,1,1,,88121
89475,39,1,1,,88122
89476,39,1,1,,88123
89477,39,1,1,,88124
89478,39,1,1,,88125
89479,39,1,1,,88126
89480,39,1,1,,88127
89481,39,1,1,,88128
89482,39,1,1,,88129
89483,39,1,1,,88130
89484,36,1,1,,88131
89485,39,1,1,,88132
89486,39,1,1,,88133
89487,39,1,1,,88134
89488,39,1,1,,88135
89489,39,3,1,,88136
89490,39,1,1,,88137
89491,39,1,1,,88138
89492,39,1,1,,88139
89493,39,1,1,,88140
89494,39,1,2,,88141
89495,39,1,1,,88142
89496,39,1,1,,88143
89497,39,1,1,,88144
89498,39,3,1,,88145
89499,39,1,2,,88146
89500,23,7,1,,88146
89501,23,5,1,,88147
89502,39,3,1,,88148
89503,36,,1,,88149
89504,36,,1,,88150
89505,23,7,1,,88151
89506,39,1,1,,88152
89507,39,1,2,,88153
89508,39,1,1,,88154
89509,39,1,1,,88155
89510,39,1,1,,88156
89511,39,1,2,,88157
89512,39,1,2,,88158
89513,39,3,1,,88159
89514,23,5,1,,88160
89515,39,3,1,,88161
89516,39,1,2,,88162
89517,39,1,1,,88163
89518,23,7,1,,88163
89519,39,1,2,,88164
89520,39,1,2,,88165
89521,39,1,1,,88166
89522,23,7,1,,88166
89523,39,1,1,,88167
89524,39,1,2,,88168
89525,39,1,1,,88169
89526,39,3,1,,88170
89527,39,3,1,,88171
89528,39,3,1,,88172
89529,39,4,1,,88173
89530,39,1,2,,88174
89531,39,1,1,,88175
89532,39,3,1,,88176
89533,39,1,1,,88177
89534,39,1,1,,88178
89535,39,1,1,,88179
89536,39,1,1,,88180
89537,39,1,1,,88181
89538,39,1,1,,88182
89539,39,1,1,,88183
89540,39,1,1,,88184
89541,39,1,1,,88185
89542,39,1,2,,88186
89543,39,1,1,,88187
89544,39,1,1,,88188
89545,39,1,1,,88189
89546,39,1,1,,88190
89547,39,1,1,,88191
89548,39,3,1,,88192
89549,39,3,1,,88193
89550,39,3,1,,88194
89551,39,3,2,,88195
89552,39,3,1,,88196
89553,39,1,1,,88197
89554,39,1,1,,88198
89555,39,1,1,,88199
89556,39,1,2,,88200
89557,39,1,1,,88201
89558,59,,1,,88202
89559,69,,1,,88203
89560,69,,1,,88204
89561,39,3,1,,88205
89562,36,,1,,88206
89563,36,,1,,88207
89564,39,1,1,,88208
89565,13,,1,,88209
89566,39,1,1,,88210
89567,39,1,1,,88211
89568,60,1,1,,88212
89569,60,,1,,88213
89570,39,1,1,,88214
89571,60,,1,,88215
89572,60,,1,,88216
89573,69,,1,,88217
89574,69,,1,,88218
89575,39,1,1,,88219
89576,39,1,1,,88220
89577,39,1,1,,88221
89578,39,1,1,,88222
89579,39,1,1,,88223
89580,39,1,2,,88224
89581,39,1,1,,88225
89582,39,1,1,,88226
89583,39,1,1,,88227
89584,39,1,1,,88228
89585,39,1,1,,88229
89586,39,1,2,,88230
89587,39,1,1,,88231
89588,39,1,1,,88232
89589,44,,1,,88233
89590,39,1,2,,88234
89591,39,1,2,,88235
89592,39,1,1,,88236
89593,39,1,1,,88237
89594,39,1,1,,88238
89595,23,7,1,,88238
89596,39,1,1,,88239
89597,39,1,1,,88240
89598,39,1,1,,88241
89599,23,7,1,,88241
89600,23,5,1,,88242
89601,39,1,1,,88243
89602,39,1,1,,88244
89603,39,1,1,,88245
93142,43,,1,,92006
93143,39,3,1,,92007
93144,39,1,1,,92008
93145,39,1,2,,92009
93146,39,1,1,,92010
93147,23,7,1,,92010
93148,39,1,1,,92011
93149,39,1,2,,92012
93150,23,7,1,,92013
93151,39,1,1,,92014
93152,23,7,1,,92015
93153,39,1,1,,92016
93154,39,1,1,,92017
93156,23,7,1,,92017
93157,39,1,2,,92018
93158,39,1,1,,92019
93159,23,7,1,,92019
93160,39,1,1,,92020
93161,39,1,1,,92021
93162,39,1,1,,92022
93163,23,7,1,,92022
93164,39,1,2,,92023
93165,39,1,1,,92024
93166,23,7,1,,92025
93167,39,1,2,,92026
93168,39,1,2,,92027
93169,39,1,2,,92028
93170,39,1,1,,92029
93171,23,7,1,,92029
93172,23,7,1,,92030
93173,39,1,1,,92031
93174,39,1,2,,92032
93175,39,1,1,,92033
93176,23,7,1,,92033
93177,39,1,1,,92034
93178,39,1,3,,92035
93179,39,1,2,,92036
93180,39,3,1,,92037
93181,39,3,1,,92038
93182,39,1,1,,92039
93183,39,1,2,,92040
93184,39,1,1,,92041
93185,39,1,1,,92042
93186,39,1,1,,92043
93187,60,3,1,,92044
93188,23,5,1,,92045
93189,39,1,1,,92046
93190,60,,1,,92047
93191,39,1,1,,92048
93192,39,1,1,,92049
93193,39,1,1,,92050
93194,60,,1,,92051
93195,39,1,1,,91729
93196,23,5,1,,91730
93197,39,1,1,,91731
93198,39,1,1,,91732
93199,39,1,1,,91733
93200,39,1,1,,91734
93201,39,1,1,,91735
93202,39,1,1,,91736
93203,39,1,2,,91737
93204,39,1,2,,91738
93205,39,1,1,,91739
93206,23,7,1,,91739
93207,23,5,1,,91740
93208,60,,1,,91741
93209,39,1,1,,91742
93210,39,1,1,,91743
93211,39,1,1,,91744
93212,39,1,1,,91745
93213,39,1,1,,91746
93214,39,1,1,,91747
93215,39,1,1,,91748
93216,39,1,1,,91749
93217,23,5,1,,91750
93218,39,1,2,,91751
93219,39,1,1,,91752
93220,39,1,1,,91753
93221,39,1,1,,91754
93222,39,1,1,,91755
93223,39,3,1,,91756
93224,23,5,1,,91757
93225,23,7,1,,91758
93226,39,1,1,,91759
93227,23,7,1,,91759
93228,39,1,1,,91760
93229,23,7,1,,91760
93230,36,,1,,91761
93231,36,,2,,91762
93232,23,5,1,,91763
93233,39,1,2,,91764
93234,23,5,1,,91765
93235,39,1,1,,91766
93236,39,1,1,,91767
93237,39,1,1,,91768
93238,39,1,1,,91769
93239,39,1,1,,91770
93240,39,1,1,,91771
93241,39,1,1,,91772
93242,39,1,1,,91773
93243,39,1,1,,91774
93244,39,1,2,,91775
93245,23,7,1,,91776
93246,23,7,1,,91777
93247,39,1,1,,91778
93248,39,1,1,,91779
93249,39,1,1,,91780
93250,39,1,1,,91781
93251,22,,1,,91782
93252,39,1,1,,91783
93253,23,7,1,,91783
93254,23,5,1,,91784
93255,39,1,1,,91785
93256,39,1,1,,91786
93257,39,1,1,,91787
93258,23,7,1,,91788
93259,39,1,1,,91789
93260,39,1,1,,91790
93261,39,1,2,,91791
93262,39,1,2,,91792
93263,39,1,2,,91793
93264,39,1,1,,91794
93265,39,1,1,,91795
93266,39,1,1,,91796
93267,39,1,1,,91797
93268,39,1,1,,91798
93269,23,5,1,,91799
93270,39,1,1,,91800
93271,39,1,1,,91801
93272,39,1,1,,91802
93273,39,1,1,,91803
85805,60,,1,,84583
85806,60,,1,,84584
85807,60,,1,,84585
85808,60,,1,,84586
85809,60,,1,,84587
85810,60,,1,,84588
85811,36,,1,,84589
85812,60,,1,,84590
85813,60,,1,,84591
85814,60,,1,,84592
85815,60,,1,,84593
85816,60,,1,,84594
85817,60,,1,,84595
85818,60,,1,,84596
85819,60,,1,,84597
85820,60,,1,,84598
85821,60,,1,,84599
85822,60,,1,,84600
85823,60,,1,,84601
85824,60,,1,,84602
85825,60,,1,,84603
85826,60,,1,,84604
85827,60,,1,,84605
85828,60,,1,,84606
85829,60,,1,,84607
85830,60,,1,,84608
85831,60,,1,,84609
85832,60,,1,,84610
85833,60,,1,,84611
85834,60,,1,,84612
85835,60,,1,,84613
85836,60,,1,,84614
85837,60,,1,,84615
85838,60,,1,,84616
85839,60,,1,,84617
85840,60,,1,,84618
85841,60,,1,,84619
85842,60,,1,,84620
85843,60,,1,,84621
85844,60,,1,,84622
85845,60,,1,,84623
85846,60,,1,,84624
85847,60,,1,,84625
85848,60,,1,,84626
85849,60,,1,,84627
85850,60,,1,,84628
85851,60,,1,,84629
85852,60,,1,,84630
85853,60,,1,,84631
85854,60,,1,,84632
85855,60,,1,,84633
85856,60,,1,,84634
85857,60,,1,,84635
85858,60,,1,,84636
85859,60,,1,,84637
85860,60,,1,,84638
85861,60,,1,,84639
85862,60,,1,,84640
85863,60,,1,,84641
85864,60,,1,,84642
85865,60,,1,,84643
85866,60,,1,,84644
85867,60,,1,,84645
85868,60,,1,,84646
85869,60,,1,,84647
85870,60,,1,,84648
85871,60,,1,,84649
85872,60,,1,,84650
85873,60,,1,,84651
85874,60,,1,,84653
85875,60,,1,,84654
85876,60,,1,,84655
85877,60,,1,,84656
85878,60,,1,,84657
85879,60,,1,,84658
85880,60,,1,,84659
85881,60,,1,,84660
85882,60,,1,,84661
85883,60,,1,,84662
85884,60,,1,,84663
85885,60,,1,,84664
85886,60,,1,,84665
85887,60,,1,,84666
85888,60,,1,,84667
85889,60,,1,,84668
85890,60,,1,,84669
85891,60,,1,,84670
85892,60,,1,,84671
85893,60,,1,,84672
85894,60,,1,,84673
85895,60,,1,,84674
85896,60,,1,,84675
85897,60,,1,,84676
85898,60,,1,,84677
85899,60,,1,,84678
85900,60,,1,,84679
85901,60,,1,,84680
85902,60,,1,,84681
85903,60,,1,,84682
85904,60,,1,,84683
85905,60,,1,,84684
85906,60,,1,,84685
85907,60,,1,,84686
85908,60,,1,,84687
85909,60,,1,,84688
85910,60,,1,,84689
85911,60,,1,,84690
85912,60,,1,,84691
85913,60,,1,,84692
85914,60,,1,,84693
85915,60,,1,,84694
85916,60,,1,,84695
85917,60,,1,,84696
85918,60,,1,,84697
85919,60,,1,,84698
85920,60,,1,,84699
85921,60,,1,,84700
85922,60,,1,,84701
85923,60,,1,,84702
85924,60,,1,,84703
85925,60,,1,,84704
85926,60,,1,,84705
85927,60,,1,,84706
85928,49,,1,,84707
85929,60,,1,,84708
85930,39,6,1,,84709
85931,39,6,1,,84710
85932,60,,1,,83386
85933,60,,1,,84286
85934,36,,1,,84293
85935,60,,1,,84314
84233,60,,1,,82985
84234,60,,1,,82986
84235,60,,1,,82987
84236,60,,1,,82988
84237,60,,1,,82989
84238,60,,1,,82990
84239,60,,1,,82991
84240,60,,1,,82992
84241,60,,1,,82993
84242,60,,1,,82994
84243,60,,1,,82995
84244,60,,1,,82996
84245,60,,1,,82997
84246,60,,1,,82998
84247,60,,1,,82999
84248,60,,1,,83000
84249,60,,1,,83001
84250,60,,1,,83002
84251,60,,1,,83003
84252,60,,1,,83004
84253,60,,1,,83005
84254,60,,1,,83006
84255,60,,1,,83007
84256,60,,1,,83008
84257,60,,1,,83009
84258,60,,1,,83010
84259,60,,1,,83011
84260,60,,1,,83012
84261,60,,1,,83013
84262,60,,1,,83014
84263,60,,1,,83015
84264,60,,1,,83016
84265,60,,1,,83017
84266,60,,1,,83018
84267,60,,1,,83019
84268,60,,1,,83020
84269,60,,1,,83021
84270,60,,1,,83022
84271,60,,1,,83023
84272,60,,1,,83024
84273,60,,1,,83025
84274,60,,1,,83026
84275,60,,1,,83027
84276,60,,1,,83028
84277,60,,1,,83029
84278,60,,1,,83030
84279,60,,1,,83031
84280,60,,1,,83032
84281,60,,1,,83033
84282,60,,1,,83034
84283,60,,1,,83035
84284,60,,1,,83036
84285,60,,1,,83037
84286,60,,1,,83038
84287,60,,1,,83039
84288,60,,1,,83040
84289,60,,1,,83041
84290,60,,1,,83042
84291,60,,1,,83043
84292,60,,1,,83044
84293,60,,1,,83045
84294,60,,1,,83046
84295,60,,1,,83047
84296,60,,1,,83048
84297,60,,1,,83049
84298,60,,1,,83050
84299,60,,1,,83051
84300,60,,1,,83052
84301,60,,1,,83053
84302,60,,1,,83054
84303,60,,1,,83055
84304,60,,1,,83056
84305,60,,1,,83057
84306,60,,1,,83058
84307,60,,1,,83059
84308,60,,1,,83060
84309,60,,1,,83061
84310,60,,1,,83062
84311,60,,1,,83063
84312,60,,1,,83064
84313,60,,1,,83065
84314,60,,1,,83066
84315,60,,1,,83067
84316,60,,1,,83068
84317,60,,1,,83069
84318,60,,1,,83070
84319,60,,1,,83071
84320,60,,1,,83072
84321,60,,1,,83073
84322,60,,1,,83074
84323,60,,1,,83075
84324,60,,1,,83076
84325,60,,1,,83077
84326,60,,1,,83078
84327,60,,1,,83079
84328,60,,1,,83080
84329,60,,1,,83081
84330,60,,1,,83082
84331,60,,1,,83083
84332,60,,1,,83084
84333,60,,1,,83085
84334,60,,1,,83086
84335,60,,1,,83087
84336,60,,1,,83088
84337,60,,1,,83089
84338,60,,1,,83090
84339,60,,1,,83091
84340,60,,1,,83092
84341,60,,1,,83093
84342,60,,1,,83094
84343,60,,1,,83095
84344,60,,1,,83096
84345,60,,1,,83097
84346,60,,1,,83098
84347,60,,1,,83099
84348,60,,1,,83100
84349,60,,1,,83101
84350,60,,1,,83102
84351,60,,1,,83103
84352,60,,1,,83104
84353,60,,1,,83105
84354,60,,1,,83106
84355,60,,1,,83107
84356,60,,1,,83108
84357,60,,1,,83109
84358,60,,1,,83110
84359,60,,1,,83111
84360,60,,1,,83112
84361,60,,1,,83113
84362,60,,1,,83114
84363,60,,1,,83115
84364,60,,1,,83116
84365,60,,1,,83117
84366,60,,1,,83118
84367,60,,1,,83119
84368,60,,1,,83120
84369,60,,1,,83121
84370,60,,1,,83122
84371,60,,1,,83123
84372,60,,1,,83124
84373,60,,1,,83125
84374,60,,1,,83126
84375,60,,1,,83127
84376,60,,1,,83128
84377,60,,1,,83129
84378,60,,1,,83130
84379,60,,1,,83131
84380,60,,1,,83132
84381,60,,1,,83133
84382,60,,1,,83134
84383,60,,1,,83135
84384,60,,1,,83136
84385,60,,1,,83137
84386,60,,1,,83138
84387,60,,1,,83139
84388,60,,1,,83140
84389,60,,1,,83141
84390,60,,1,,83142
84391,60,,1,,83143
84392,60,,1,,83144
84393,60,,1,,83145
84394,60,,1,,83146
84395,60,,1,,83147
84396,60,,1,,83148
84397,60,,1,,83149
84398,60,,1,,83150
84399,60,,1,,83151
84400,60,,1,,83152
84401,60,,1,,83153
84402,60,,1,,83154
84403,60,,1,,83155
84404,60,,1,,83156
84405,60,,1,,83157
84406,60,,1,,83158
84407,60,,1,,83159
84408,60,,1,,83160
84409,60,,1,,83161
84410,60,,1,,83162
84411,60,,1,,83163
84412,60,,1,,83164
84413,60,,1,,83165
84414,60,,1,,83166
84415,60,,1,,83167
84416,60,,1,,83168
84417,60,,1,,83169
84418,60,,1,,83170
84419,60,,1,,83171
84420,60,,1,,83172
84421,60,,1,,83173
84422,60,,1,,83174
84423,60,,1,,83175
84424,60,,1,,83176
84425,60,,1,,83177
84426,60,,1,,83178
84427,60,,1,,83179
84428,60,,1,,83180
84429,60,,1,,83181
84430,60,,1,,83182
84431,60,,1,,83183
84432,60,,1,,83184
84433,60,,1,,83185
84434,60,,1,,83186
84435,60,,1,,83187
84436,60,,1,,83188
84437,60,,1,,83189
84438,60,,1,,83190
84439,60,,1,,83191
84440,60,,1,,83192
84441,60,,1,,83193
84442,60,,1,,83194
84443,60,,1,,83195
84444,60,,1,,83196
84445,60,,1,,83197
84446,60,,1,,83198
84447,60,,1,,83199
84448,60,,1,,83200
84449,60,,1,,83201
84450,60,,1,,83202
84451,60,,1,,83203
84452,60,,1,,83204
84453,60,,1,,83205
84454,60,,1,,83206
84455,60,,1,,83207
84456,60,,1,,83208
84457,60,,1,,83209
84458,60,,1,,83210
84459,60,,1,,83211
84460,60,,1,,83212
84461,60,,1,,83213
84462,60,,1,,83214
84463,60,,1,,83215
84464,60,,1,,83216
84465,60,,1,,83217
84466,60,,1,,83218
84467,60,,1,,83219
84468,60,,1,,83220
84469,60,,1,,83221
84470,60,,1,,83222
84471,60,,1,,83223
84472,60,,1,,83224
84473,60,,1,,83225
84474,60,,1,,83226
84475,60,,1,,83227
84476,60,,1,,83228
84477,60,,1,,83229
84478,60,,1,,83230
84479,60,,1,,83231
84480,60,,1,,83232
84481,60,,1,,83233
84482,60,,1,,83234
84483,60,,1,,83235
84484,60,,1,,83236
84485,60,,1,,83237
84486,60,,1,,83238
84487,60,,1,,83239
84488,60,,1,,83240
84489,60,,1,,83241
84490,60,,1,,83242
84491,60,,1,,83243
84492,60,,1,,83244
84493,60,,1,,83245
84494,60,,1,,83246
84495,60,,1,,83247
84496,60,,1,,83248
84497,60,,1,,83249
84498,60,,1,,83250
84499,60,,1,,83251
84500,60,,1,,83252
84501,60,,1,,83253
84502,60,,1,,83254
84503,60,,1,,83255
84504,60,,1,,83256
84505,60,,1,,83257
84506,60,,1,,83258
84507,60,,1,,83259
84508,60,,1,,83260
84509,60,,1,,83261
84510,60,,1,,83262
84511,60,,1,,83263
84512,60,,1,,83264
84513,60,,1,,83265
84514,60,,1,,83266
84515,60,,1,,83267
84516,60,,1,,83268
84517,60,,1,,83269
84518,60,,1,,83270
84519,60,,1,,83271
84520,60,,1,,83272
84521,60,,1,,83273
84522,60,,1,,83274
84523,60,,1,,83275
84524,60,,1,,83276
84525,60,,1,,83277
84526,60,,1,,83278
84527,60,,1,,83279
84528,60,,1,,83280
84529,60,,1,,83281
84530,60,,1,,83282
84531,60,,1,,83283
84532,60,,1,,83284
84533,60,,1,,83285
84534,60,,1,,83286
84535,60,,1,,83287
84536,60,,1,,83288
84537,60,,1,,83289
84538,60,,1,,83290
84539,60,,1,,83291
84540,60,,1,,83292
84541,60,,1,,83293
84542,60,,1,,83294
84543,60,,1,,83295
84544,60,,1,,83296
84545,60,,1,,83297
84546,60,,1,,83298
84547,60,,1,,83299
84548,60,,1,,83300
84549,60,,1,,83301
84550,60,,1,,83302
84551,60,,1,,83303
84552,60,,1,,83304
84553,60,,1,,83305
84554,60,,1,,83306
84555,60,,1,,83307
84556,60,,1,,83308
84557,60,,1,,83309
84558,60,,1,,83310
84559,60,,1,,83311
84560,60,,1,,83312
84561,60,,1,,83313
84562,60,,1,,83314
84563,60,,1,,83315
84564,60,,1,,83316
84565,60,,1,,83317
84566,60,,1,,83318
84567,60,,1,,83319
84568,60,,1,,83320
84569,60,,1,,83321
84570,60,,1,,83322
84571,60,,1,,83323
84572,60,,1,,83324
84573,60,,1,,83325
84574,60,,1,,83326
84575,60,,1,,83327
84576,60,,1,,83328
84577,60,,1,,83329
84578,60,,1,,83330
84579,60,,1,,83331
84580,60,,1,,83332
84581,60,,1,,83333
84582,60,,1,,83334
84583,60,,1,,83335
84584,60,,1,,83336
84585,60,,1,,83337
84586,60,,1,,83338
84587,60,,1,,83339
84588,60,,1,,83340
84589,60,,1,,83341
84590,60,,1,,83342
84591,60,,1,,83343
84592,60,,1,,83344
84593,60,,1,,83345
84594,60,,1,,83346
84595,60,,1,,83347
84596,60,,1,,83348
84597,60,,1,,83349
84598,60,,1,,83350
84599,60,,1,,83351
84600,60,,1,,83352
84601,60,,1,,83353
84602,60,,1,,83354
84603,60,,1,,83355
84604,60,,1,,83356
84605,60,,1,,83357
84606,60,,1,,83358
84607,60,,1,,83359
84608,60,,1,,83360
84609,60,,1,,83361
84610,60,,1,,83362
84611,60,,1,,83363
84612,60,,1,,83364
84613,60,,1,,83365
84614,60,,1,,83366
84615,60,,1,,83367
84616,60,,1,,83368
84617,60,,1,,83369
84618,60,,1,,83370
84619,60,,1,,83371
84620,60,,1,,83372
84621,60,,1,,83373
84622,60,,1,,83374
84623,60,,1,,83375
84624,60,,1,,83376
84625,60,,1,,83377
84626,60,,1,,83378
84627,60,,1,,83379
84628,60,,1,,83380
84629,60,,1,,83381
84630,60,,1,,83382
84631,60,,1,,83383
84632,60,,1,,83384
84633,60,,1,,83385
84634,60,,1,,83387
84635,60,,1,,83388
84636,60,,1,,83389
84637,60,,1,,83390
84638,60,,1,,83391
84639,60,,1,,83392
84640,60,,1,,83393
84641,60,,1,,83394
84642,60,,1,,83395
84643,60,,1,,83396
84644,60,,1,,83397
84645,60,,1,,83398
84646,60,,1,,83399
84647,60,,1,,83400
84648,60,,1,,83401
84649,60,,1,,83402
84650,60,,1,,83403
84651,60,,1,,83404
84652,60,,1,,83405
84653,60,,1,,83406
84654,60,,1,,83407
84655,60,,1,,83408
84656,60,,1,,83409
84657,60,,1,,83410
84658,60,,1,,83411
84659,60,,1,,83412
84660,60,,1,,83413
84661,60,,1,,83414
84662,60,,1,,83415
84663,60,,1,,83416
84664,60,,1,,83417
84665,60,,1,,83418
84666,60,,1,,83419
84667,60,,1,,83420
84668,60,,1,,83421
84669,60,,1,,83422
84670,60,,1,,83423
84671,60,,1,,83424
84672,60,,1,,83425
84673,60,,1,,83426
84674,60,,1,,83427
84675,60,,1,,83428
84676,60,,1,,83429
84677,60,,1,,83430
84678,60,,1,,83431
84679,60,,1,,83432
84680,60,,1,,83433
84681,60,,1,,83434
84682,60,,1,,83435
84683,60,,1,,83436
84684,60,,1,,83437
84685,60,,1,,83438
84686,60,,1,,83439
84687,60,,1,,83440
84688,36,,1,,83441
84689,60,,1,,83442
84690,36,,1,,83443
84691,36,,1,,83444
84692,36,,1,,83445
84693,60,,1,,83446
84694,60,,1,,83447
84695,60,,1,,83448
84696,60,,1,,83449
84697,60,,1,,83450
84698,60,,1,,83451
84699,60,,1,,83452
84700,60,,1,,83453
84701,60,,1,,83454
84702,60,,1,,83455
84703,60,,1,,83456
84704,60,,1,,83457
84705,60,,1,,83458
84706,60,,1,,83459
84707,60,,1,,83460
84708,60,,1,,83461
84709,60,,1,,83462
84710,60,,1,,83463
84711,60,,1,,83464
84712,60,,1,,83465
84713,60,,1,,83466
84714,60,,1,,83467
84715,60,,1,,83468
84716,60,,1,,83469
84717,60,,1,,83470
84718,60,,1,,83471
84719,60,,1,,83472
84720,60,,1,,83473
84721,60,,1,,83474
84722,60,,1,,83475
84723,60,,1,,83476
84724,60,,1,,83477
84725,60,,1,,83478
84726,60,,1,,83479
84727,60,,1,,83480
84728,60,,1,,83481
84729,60,,1,,83482
84730,60,,1,,83483
84731,60,,1,,83484
84732,60,,1,,83485
84733,60,,1,,83486
84734,60,,1,,83487
84735,60,,1,,83488
84736,60,,1,,83489
84737,60,,1,,83490
84738,60,,1,,83491
84739,60,,1,,83492
84740,60,,1,,83493
84741,60,,1,,83494
84742,60,,1,,83495
84743,60,,1,,83496
84744,60,,1,,83497
84745,60,,1,,83498
84746,60,,1,,83499
84747,60,,1,,83500
84748,60,,1,,83501
84749,60,,1,,83502
84750,36,,1,,83503
84751,60,,1,,83504
84752,60,,1,,83505
84753,60,,1,,83506
84754,60,,1,,83507
84755,60,,1,,83508
84756,60,,1,,83509
84757,60,,1,,83510
84758,60,,1,,83511
84759,60,,1,,83512
84760,60,,1,,83513
84761,60,,1,,83514
84762,60,,1,,83515
84763,60,,1,,83516
84764,60,,1,,83517
84765,60,,1,,83518
84766,60,,1,,83519
84767,60,,1,,83520
84768,60,,1,,83521
84769,60,,1,,83522
84770,60,,1,,83523
84771,60,,1,,83524
84772,60,,1,,83525
84773,60,,1,,83526
84774,60,,1,,83527
84775,60,,1,,83528
84776,60,,1,,83529
84777,60,,1,,83530
84778,60,,1,,83531
84779,60,,1,,83532
84780,60,,1,,83533
84781,60,,1,,83534
84782,60,,1,,83535
84783,60,,1,,83536
84784,60,,1,,83537
84785,60,,1,,83538
84786,60,,1,,83539
84787,60,,1,,83540
84788,60,,1,,83541
84789,60,,1,,83542
84790,60,,1,,83543
84791,60,,1,,83544
84792,60,,1,,83545
84793,60,,1,,83546
84794,60,,1,,83547
84795,60,,1,,83548
84796,60,,1,,83549
84797,60,,1,,83550
84798,60,,1,,83551
84799,60,,1,,83552
84800,60,,1,,83553
84801,60,,1,,83554
84802,60,,1,,83555
84803,60,,1,,83556
84804,60,,1,,83557
84805,60,,1,,83558
84806,60,,1,,83559
84807,60,,1,,83560
84808,60,,1,,83561
84809,60,,1,,83562
84810,60,,1,,83563
84811,60,,1,,83564
84812,60,,1,,83565
84813,60,,1,,83566
84814,60,,1,,83567
84815,60,,1,,83568
84816,60,,1,,83569
84817,60,,1,,83570
84818,60,,1,,83571
84819,60,,1,,83572
84820,60,,1,,83573
84821,60,,1,,83574
84822,60,,1,,83575
84823,60,,1,,83576
84824,60,,1,,83577
84825,60,,1,,83578
84826,60,,1,,83579
84827,60,,1,,83580
84828,60,,1,,83581
84829,60,,1,,83582
84830,60,,1,,83583
84831,60,,1,,83584
84832,60,,1,,83585
84833,60,,1,,83586
84834,60,,1,,83587
84835,60,,1,,83588
84836,60,,1,,83589
84837,60,,1,,83590
84838,60,,1,,83591
84839,60,,1,,83592
84840,60,,1,,83593
84841,60,,1,,83594
84842,60,,1,,83595
84843,60,,1,,83596
84844,60,,1,,83597
84845,60,,1,,83598
84846,60,,1,,83599
84847,60,,1,,83600
84848,60,,1,,83601
84849,60,,1,,83602
84850,60,,1,,83603
84851,60,,1,,83604
84852,60,,1,,83605
84853,60,,1,,83606
84854,60,,1,,83607
84855,60,,1,,83608
84856,60,,1,,83609
84857,60,,1,,83610
84858,60,,1,,83611
84859,60,,1,,83612
84860,60,,1,,83613
84861,60,,1,,83614
84862,60,,1,,83615
84863,60,,1,,83616
84864,60,,1,,83617
84865,60,,1,,83618
84866,60,,1,,83619
84867,60,,1,,83620
84868,60,,1,,83621
84869,60,,1,,83622
84870,60,,1,,83623
84871,60,,1,,83624
84872,60,,1,,83625
84873,60,,1,,83626
84874,60,,1,,83627
84875,60,,1,,83628
84876,60,,1,,83629
84877,60,,1,,83630
84878,60,,1,,83631
84879,60,,1,,83632
84880,60,,1,,83633
84881,60,,1,,83634
84882,60,,1,,83635
84883,60,,1,,83636
84884,60,,1,,83637
84885,60,,1,,83638
84886,60,,1,,83639
84887,60,,1,,83640
84888,60,,1,,83641
84889,60,,1,,83642
84890,60,,1,,83643
84891,60,,1,,83644
84892,60,,1,,83645
84893,60,,1,,83646
84894,60,,1,,83647
84895,60,,1,,83648
84896,60,,1,,83649
84897,60,,1,,83650
84898,60,,1,,83651
84899,60,,1,,83652
84900,60,,1,,83653
84901,60,,1,,83654
84902,60,,1,,83655
84903,60,,1,,83656
84904,60,,1,,83657
84905,36,,1,,83658
84906,60,,1,,83659
84907,60,,1,,83660
84908,60,,1,,83661
84909,60,,1,,83662
84910,60,,1,,83663
84911,60,,1,,83664
84912,36,,2,,83665
84913,36,,2,,83666
84914,36,,1,,83667
84915,36,,1,,83668
84916,36,,1,,83669
84917,60,,1,,83670
84918,60,,1,,83671
84919,60,,1,,83672
84920,60,,1,,83673
84921,36,,1,,83674
84922,36,,1,,83675
84923,36,,3,,83676
84924,36,,1,,83677
84925,36,,1,,83678
84926,60,,1,,83679
84927,36,,1,,83680
84928,36,,1,,83681
84929,60,,1,,83682
84930,60,,1,,83683
84931,43,,1,,83684
84932,59,,1,,83685
84933,60,,1,,83686
84934,60,,1,,83687
84935,60,,1,,83688
84936,60,,1,,83689
84937,60,,1,,83690
84938,60,,1,,83691
84939,60,,1,,83692
84940,60,,1,,83693
84941,60,,1,,83694
84942,60,,1,,83695
84943,60,,1,,83696
84944,60,,1,,83697
84945,60,,1,,83698
84946,60,,1,,83699
84947,60,,1,,83700
84948,60,,1,,83701
84949,60,,1,,83702
84950,60,,1,,83703
84951,60,,1,,83704
84952,60,,1,,83705
84953,60,,1,,83706
84954,60,,1,,83707
84955,60,,1,,83708
84956,60,,1,,83709
84957,60,,1,,83710
84958,60,,1,,83711
84959,60,,1,,83712
84960,60,,1,,83713
84961,60,,1,,83714
84962,60,,1,,83715
84963,60,,1,,83716
84964,60,,1,,83717
84965,60,,1,,83718
84966,60,,1,,83719
84967,60,,1,,83720
84968,60,,1,,83721
84969,60,,1,,83722
84970,60,,1,,83723
84971,60,,1,,83724
84972,60,,1,,83725
84973,60,,1,,83726
84974,60,,1,,83727
84975,60,,1,,83728
84976,60,,1,,83729
84977,60,,1,,83730
84978,60,,1,,83731
84979,60,,1,,83732
84980,60,,1,,83733
84981,60,,1,,83734
84982,60,,1,,83735
84983,60,,1,,83736
84984,60,,1,,83737
84985,60,,1,,83738
84986,60,,1,,83739
84987,60,,1,,83740
84988,60,,1,,83741
84989,60,,1,,83742
84990,60,,1,,83743
84991,60,,1,,83744
84992,60,,1,,83745
84993,60,,1,,83746
84994,60,,1,,83747
84995,60,,1,,83748
84996,60,,1,,83749
84997,60,,1,,83750
84998,60,,1,,83751
84999,60,,1,,83752
85000,60,,1,,83753
85001,60,,1,,83754
85002,60,,1,,83755
85003,60,,1,,83756
85004,60,,1,,83757
85005,60,,1,,83758
85006,60,,1,,83759
85007,60,,1,,83760
85008,60,,1,,83761
85009,60,,1,,83762
85010,60,,1,,83763
85011,60,,1,,83764
85012,60,,1,,83765
85013,60,,1,,83766
85014,60,,1,,83767
85015,60,,1,,83768
85016,60,,1,,83769
85017,60,,1,,83770
85018,60,,1,,83771
85019,60,,1,,83772
85020,60,,1,,83773
85021,60,,1,,83774
85022,60,,1,,83775
85023,60,,1,,83776
85024,60,,1,,83777
85025,60,,1,,83778
85026,60,,1,,83779
85027,60,,1,,83780
85028,60,,1,,83781
85029,60,,1,,83782
85030,60,,1,,83783
85031,60,,1,,83784
85032,60,,1,,83785
85033,60,,1,,83786
85034,60,,1,,83787
85035,60,,1,,83788
85036,60,,1,,83789
85037,60,,1,,83790
85038,60,,1,,83791
85039,60,,1,,83792
85040,60,,1,,83793
85041,60,,1,,83794
85042,60,,1,,83795
85043,60,,1,,83796
85044,60,,1,,83797
85045,60,,1,,83798
85046,60,,1,,83799
85047,60,,1,,83800
85048,60,,1,,83801
85049,36,,1,,83802
85050,36,,8,,83803
85051,36,,7,,83804
85052,60,,1,,83805
85053,60,,1,,83806
85054,60,,1,,83807
85055,60,,1,,83808
85056,60,,1,,83809
85057,36,,1,,83810
85058,60,,1,,83811
85059,60,,1,,83812
85060,60,,1,,83813
85061,60,,1,,83814
85062,60,,1,,83815
85063,60,,1,,83816
85064,60,,1,,83817
85065,60,,1,,83818
85066,60,,1,,83819
85067,60,,1,,83820
85068,60,,1,,83821
85069,60,,1,,83822
85070,60,,1,,83823
85071,60,,1,,83824
85072,60,,1,,83825
85073,60,,1,,83826
85074,60,,1,,83827
85075,60,,1,,83828
85076,60,,1,,83829
85077,60,,1,,83830
85078,60,,1,,83831
85079,60,,1,,83832
85080,60,,1,,83833
85081,60,,1,,83834
85082,60,,1,,83835
85083,60,,1,,83836
85084,60,,1,,83837
85085,60,,1,,83838
85086,60,,1,,83839
85087,60,,1,,83840
85088,60,,1,,83841
85089,60,,1,,83842
85090,60,,1,,83843
85091,60,,1,,83844
85092,60,,1,,83845
85093,60,,1,,83846
85094,60,,1,,83847
85095,60,,1,,83848
85096,60,,1,,83849
85097,60,,1,,83850
85098,60,,1,,83851
85099,60,,1,,83852
85100,60,,1,,83853
85101,60,,1,,83854
85102,60,,1,,83855
85103,60,,1,,83856
85104,60,,1,,83857
85105,60,,1,,83858
85106,60,,1,,83859
85107,60,,1,,83860
85108,60,,1,,83861
85109,60,,1,,83862
85110,60,,1,,83863
85111,60,,1,,83864
85112,60,,1,,83865
85113,60,,1,,83866
85114,60,,1,,83867
85115,60,,1,,83868
85116,60,,1,,83869
85117,60,,1,,83870
85118,60,,1,,83871
85119,60,,1,,83872
85120,60,,1,,83873
85121,60,,1,,83874
85122,60,,1,,83875
85123,60,,1,,83876
85124,60,,1,,83877
85125,60,,1,,83878
85126,60,,1,,83879
85127,60,,1,,83880
85128,60,,1,,83881
85129,60,,1,,83882
85130,60,,1,,83883
85131,60,,1,,83884
85132,60,,1,,83885
85133,60,,1,,83886
85134,60,,1,,83887
85135,60,,1,,83888
85136,60,,1,,83889
85137,60,,1,,83890
85138,60,,1,,83891
85139,60,,1,,83892
85140,60,,1,,83893
85141,60,,1,,83894
85142,60,,1,,83895
85143,60,,1,,83896
85144,60,,1,,83897
85145,60,,1,,83898
85146,60,,1,,83899
85147,60,,1,,83900
85148,60,,1,,83901
85149,60,,1,,83902
85150,60,,1,,83903
85151,60,,1,,83904
85152,60,,1,,83905
85153,60,,1,,83906
85154,60,,1,,83907
85155,60,,1,,83908
85156,60,,1,,83909
85157,60,,1,,83910
85158,60,,1,,83911
85159,60,,1,,83912
85160,60,,1,,83913
85161,60,,1,,83914
85162,60,,1,,83915
85163,60,,1,,83916
85164,60,,1,,83917
85165,60,,1,,83918
85166,60,,1,,83919
85167,60,,1,,83920
85168,60,,1,,83921
85169,60,,1,,83922
85170,60,,1,,83923
85171,60,,1,,83924
85172,60,,1,,83925
85173,60,,1,,83926
85174,60,,1,,83927
85175,60,,1,,83928
85176,60,,1,,83929
85177,60,,1,,83930
85178,60,,1,,83931
85179,60,,1,,83932
85180,60,,1,,83933
85181,60,,1,,83934
85182,60,,1,,83935
85183,60,,1,,83936
85184,60,,1,,83937
85185,60,,1,,83938
85186,60,,1,,83939
85187,60,,1,,83940
85188,60,,1,,83941
85189,60,,1,,83942
85190,60,,1,,83943
85191,60,,1,,83944
85192,60,,1,,83945
85193,60,,1,,83946
85194,60,,1,,83947
85195,60,,1,,83948
85196,60,,1,,83949
85197,60,,1,,83950
85198,60,,1,,83951
85199,60,,1,,83952
85200,60,,1,,83953
85201,60,,1,,83954
85202,60,,1,,83955
85203,60,,1,,83956
85204,60,,1,,83957
85205,60,,1,,83958
85206,60,,1,,83959
85207,60,,1,,83960
85208,60,,1,,83961
85209,60,,1,,83962
85210,60,,1,,83963
85211,60,,1,,83964
85212,60,,1,,83965
85213,60,,1,,83966
85214,60,,1,,83967
85215,60,,1,,83968
85216,60,,1,,83969
85217,60,,1,,83970
85218,60,,1,,83971
85219,60,,1,,83972
85220,60,,1,,83973
85221,60,,1,,83974
85222,60,,1,,83975
85223,60,,1,,83976
85224,60,,1,,83977
85225,60,,1,,83978
85226,60,,1,,83979
85227,60,,1,,83980
85228,60,,1,,83981
85229,60,,1,,83982
85230,60,,1,,83983
85231,60,,1,,83984
85232,60,,1,,83985
85233,60,,1,,83986
85234,60,,1,,83987
85235,60,,1,,83988
85236,60,,1,,83989
85237,60,,1,,83990
85238,60,,1,,83991
85239,60,,1,,83992
85240,60,,1,,83993
85241,60,,1,,83994
85242,60,,1,,83995
85243,60,,1,,83996
85244,60,,1,,83997
85245,60,,1,,83998
85246,60,,1,,83999
85247,60,,1,,84000
85248,60,,1,,84001
85249,60,,1,,84002
85250,60,,1,,84003
85251,60,,1,,84004
85252,60,,1,,84005
85253,60,,1,,84006
85254,60,,1,,84007
85255,60,,1,,84008
85256,60,,1,,84009
85257,60,,1,,84010
85258,36,,1,,84011
85259,36,,1,,84012
85260,36,,2,,84013
85261,36,,3,,84014
85262,60,,1,,84015
85263,36,,1,,84016
85264,60,,1,,84017
85265,36,,1,,84018
85266,60,,1,,84019
85267,36,,2,,84020
85268,36,,1,,84021
85269,36,,3,,84022
85270,60,,1,,84023
85271,60,,1,,84024
85272,60,,1,,84025
85273,60,,1,,84026
85274,60,,1,,84027
85275,60,,1,,84028
85276,60,,1,,84029
85277,60,,1,,84030
85278,60,,1,,84031
85279,60,,1,,84032
85280,60,,1,,84033
86067,60,,1,,84819
86068,60,,1,,84820
86069,60,,1,,84821
86070,60,,1,,84822
86071,60,,1,,84823
86072,39,6,1,,84825
86073,39,6,1,,84826
86074,39,6,1,,84827
86075,36,,1,,84828
86076,36,,1,,84829
86077,60,,1,,84830
86078,39,6,1,,84831
86079,39,6,1,,84832
86080,60,,1,,84824
86081,39,6,1,,84833
86082,39,6,1,,84834
86083,39,6,1,,84835
86084,39,6,1,,84836
86085,60,,1,,84837
86086,39,6,1,,84838
86087,39,6,1,,84839
86088,60,6,1,,84840
86089,39,6,1,,84841
86090,60,,1,,84842
86091,60,,1,,84843
86092,39,6,1,,84844
86093,39,6,3,,84845
86094,36,,1,,84846
86095,36,,1,,84847
86096,36,,1,,84848
86097,36,,1,,84849
86098,39,1,2,,84850
86099,39,1,3,,84851
86100,39,6,1,,84852
86101,39,6,1,,84853
86102,39,6,1,,84854
86103,39,6,1,,84855
86104,39,6,1,,84856
86105,39,6,1,,84857
86106,60,,1,,84858
86107,36,,1,,84859
86108,39,3,1,,84860
86109,39,3,1,,84861
86110,39,6,1,,84862
86111,39,6,1,,84863
86112,39,6,1,,84864
86113,36,,2,,84900
86114,36,,2,,84901
86115,36,,2,,84902
86116,36,,2,,84903
86117,36,,2,,84904
86118,36,,2,,84905
86119,36,,2,,84906
86120,36,,1,,84907
86121,36,,1,,84908
86122,60,,1,,84909
86123,60,,1,,84910
86124,60,,1,,84911
86125,60,,1,,84912
86126,60,,1,,84913
86127,39,6,1,,84914
86128,39,6,4,,84915
86129,39,6,1,,84916
86130,39,6,1,,84917
86131,39,6,2,,84918
86132,39,6,2,,84919
86133,39,6,3,,84920
86134,39,6,3,,84921
86135,39,6,3,,84922
86136,39,6,3,,84923
86137,39,6,3,,84924
86138,39,6,3,,84925
86139,39,,3,,84926
86140,39,6,2,,84927
86141,60,,1,,84928
86142,60,,1,,84929
86143,60,,1,,84930
86144,36,,1,,84931
86145,60,,1,,84932
86146,50,,1,,84933
86147,22,,1,,84934
86148,39,6,5,,84935
86149,39,6,1,,84936
86150,39,6,4,,84937
86151,39,6,5,,84938
86152,8,,1,,84939
86153,8,,1,,84940
86154,36,,2,,84941
86155,36,,1,,84942
86156,36,,1,,84943
86157,36,,1,,84944
86158,36,,1,,84945
86159,60,,1,,84946
86160,36,,2,,84947
86161,36,,1,,84948
86162,36,,1,,84949
86163,36,,1,,84950
86164,36,,1,,84951
86165,36,,1,,84952
86166,36,,1,,84953
86167,60,,1,,84954
86168,60,,1,,84955
86169,60,,1,,84956
86170,60,,1,,84957
86171,13,,1,,84958
86172,60,,1,,84959
86173,39,6,1,,84865
86174,39,6,1,,84866
86175,39,6,1,,84867
86176,60,,1,,84868
86177,36,,1,,84869
86178,36,,1,,84870
86179,36,,1,,84871
86180,36,,1,,84872
86181,36,,1,,84873
86182,36,,1,,84874
86183,36,,1,,84875
86184,80,,1,,84876
86185,13,,1,,84877
86186,36,,1,,84878
86187,36,,1,,84879
86188,36,,1,,84880
86189,60,,1,,84881
86190,39,6,1,,84882
86191,39,6,1,,84883
86192,39,6,1,,84884
86193,39,6,3,,84885
86194,39,6,3,,84886
86195,36,,1,,84887
86196,36,,1,,84888
86197,36,,1,,84889
90129,39,6,1,,88737
90130,39,6,1,,88738
90131,60,,1,,88739
90132,36,,1,,88740
90133,36,,1,,88741
90134,59,,3,,88742
90135,59,,3,,88743
90136,36,,1,,88744
90137,36,,1,,88745
90138,36,,1,,88746
90139,36,,1,,88747
90140,36,,1,,88748
90141,36,,1,,88749
90142,36,,1,,88750
90143,36,,1,,88751
90144,36,,3,,88752
90145,36,,1,,88753
90146,36,,1,,88754
90147,55,,1,,88755
90148,36,,1,,88756
90149,36,,1,,88757
90150,36,,5,,88758
90151,36,,4,,88759
90152,36,,1,,88760
90153,36,,1,,88761
90154,36,,3,,88762
90155,36,,1,,88763
90156,36,,1,,88764
90157,36,,1,,88765
90158,36,,1,,88766
90159,39,6,2,,88788
90160,11,,1,,88789
90161,11,,1,,88790
90162,36,,1,,88791
90163,36,,1,,88792
90164,36,,1,,88793
90165,36,,1,,88794
90166,60,,1,,88795
90167,60,,1,,88796
90168,60,,1,,88797
90169,60,,1,,88798
90170,60,,1,,88799
90171,60,,1,,88800
90172,60,,1,,88801
90173,60,,1,,88802
90174,60,,1,,88803
90175,60,,1,,88804
90176,60,,1,,88805
90177,60,,1,,88806
90178,60,,1,,88807
90179,60,,1,,88808
90180,60,,1,,88809
90181,60,,1,,88810
90182,60,,1,,88811
90183,60,,1,,88812
90184,60,,1,,88813
90185,60,,1,,88814
90186,60,,1,,88815
90187,60,,1,,88816
90188,60,,1,,88817
90189,60,,1,,88818
90190,60,,1,,88819
90191,60,,1,,88820
90192,60,,1,,88821
90193,60,,1,,88822
90194,60,,1,,88823
90195,60,,1,,88824
90196,60,,1,,88825
90197,60,,1,,88826
90198,60,,1,,88827
90199,60,,1,,88828
90200,60,,1,,88829
90201,60,,1,,88830
90202,60,,1,,88831
90203,60,,1,,88832
90204,60,,1,,88833
90205,60,,1,,88834
90206,60,,1,,88835
90207,60,,1,,88836
90208,60,,1,,88837
90209,60,,1,,88838
90210,60,,1,,88839
90211,60,,1,,88840
90212,60,,1,,88841
90213,60,,1,,88842
90214,60,,1,,88843
90215,60,,1,,88844
90216,60,,1,,88845
90217,60,,1,,88846
90218,60,,1,,88847
90219,60,,1,,88848
90220,60,,1,,88849
90221,60,,1,,88850
90222,60,,1,,88851
90223,60,,1,,88852
90224,60,,1,,88853
90225,60,,1,,88854
90226,60,,1,,88855
90227,60,,1,,88856
90228,60,,1,,88857
90229,60,,1,,88858
90230,60,,1,,88859
90231,60,,1,,88860
90232,60,,1,,88861
90233,60,,1,,88862
90234,60,,1,,88863
90235,60,,1,,88864
90236,60,,1,,88865
90237,60,,1,,88866
90238,60,,1,,88867
90239,60,,1,,88868
90240,36,,1,,88869
90241,60,,1,,88870
90242,60,,1,,88871
90243,60,,1,,88872
90244,60,,1,,88873
90245,60,,1,,88874
90246,39,6,1,,88875
90247,55,,1,,88876
90248,60,,1,,88877
90249,36,,2,,88878
90250,36,,1,,88879
90251,36,,1,,88880
90252,36,,1,,88881
90253,60,,1,,88882
90254,13,,1,,88883
90255,36,,1,,88884
90256,36,,1,,88885
90257,36,,2,,88886
90258,36,,2,,88887
90259,36,,1,,88888
85281,60,,1,,84034
85282,60,,1,,84035
85283,60,,1,,84036
85284,60,,1,,84037
85285,60,,1,,84038
85286,60,,1,,84039
85287,60,,1,,84040
85288,60,,1,,84041
85289,60,,1,,84042
85290,60,,1,,84043
85291,60,,1,,84044
85292,60,,1,,84045
85293,60,,1,,84046
85294,60,,1,,84047
85295,60,,1,,84048
85296,60,,1,,84049
85297,60,,1,,84050
85298,60,,1,,84051
85299,60,,1,,84052
85300,60,,1,,84053
85301,60,,1,,84054
85302,60,,1,,84055
85303,60,,1,,84056
85304,60,,1,,84057
85305,60,,1,,84058
85306,60,,1,,84059
85307,60,,1,,84060
85308,60,,1,,84061
85309,60,,1,,84062
85310,60,,1,,84063
85311,60,,1,,84064
85312,60,,1,,84065
85313,60,,1,,84066
85314,60,,1,,84067
85315,60,,1,,84068
85316,60,,1,,84069
85317,60,,1,,84070
85318,60,,1,,84071
85319,60,,1,,84072
85320,60,,1,,84073
85321,60,,1,,84074
85322,60,,1,,84075
85323,60,,1,,84076
85324,60,,1,,84077
85325,60,,1,,84078
85326,60,,1,,84079
85327,60,,1,,84080
85328,60,,1,,84081
85329,60,,1,,84082
85330,60,,1,,84083
85331,60,,1,,84084
85332,60,,1,,84085
85333,60,,1,,84086
85334,60,,1,,84087
85335,60,,1,,84088
85336,60,,1,,84089
85337,60,,1,,84090
85338,60,,1,,84091
85339,60,,1,,84092
85340,60,,1,,84093
85341,60,,1,,84094
85342,60,,1,,84095
85343,60,,1,,84096
85344,60,,1,,84097
85345,60,,1,,84098
85346,60,,1,,84099
85347,60,,1,,84100
85348,60,,1,,84101
85349,60,,1,,84102
85350,60,,1,,84103
85351,60,,1,,84104
85352,60,,1,,84105
85353,60,,1,,84106
85354,60,,1,,84107
85355,60,,1,,84108
85356,60,,1,,84109
85357,60,,1,,84110
85358,60,,1,,84111
85359,60,,1,,84112
85360,60,,1,,84113
85361,60,,1,,84114
85362,36,,1,,84115
85363,36,,2,,84116
85364,36,,1,,84117
85365,60,,1,,84118
85366,60,,1,,84119
85367,36,,1,,84120
85368,60,,1,,84121
85369,36,,1,,84122
85370,36,,1,,84123
85371,36,,2,,84124
85372,36,,1,,84125
85373,36,,1,,84126
85374,36,,1,,84127
85375,60,,1,,84128
85376,36,,1,,84129
85377,36,,1,,84130
85378,36,,1,,84131
85379,36,,1,,84132
85380,36,,1,,84133
85381,36,,1,,84134
85382,36,,1,,84135
85383,36,,1,,84136
85384,60,,1,,84137
85385,60,,1,,84138
85386,60,,1,,84139
85387,60,,1,,84140
85388,60,,1,,84141
85389,60,,1,,84142
85390,60,,1,,84143
85391,60,,1,,84144
85392,60,,1,,84145
85393,60,,1,,84146
85394,60,,1,,84147
85395,60,,1,,84148
85396,60,,1,,84149
85397,60,,1,,84150
85398,60,,1,,84151
85399,60,,1,,84152
85400,60,,1,,84153
85401,60,,1,,84154
85402,60,,1,,84155
85403,60,,1,,84156
85404,60,,1,,84157
85405,60,,1,,84158
85406,60,,1,,84159
85407,60,,1,,84160
85408,60,,1,,84161
85409,60,,1,,84162
85410,60,,1,,84163
85411,60,,1,,84164
85412,60,,1,,84165
85413,60,,1,,84166
85414,60,,1,,84167
85415,60,,1,,84168
85416,60,,1,,84169
85417,60,,1,,84170
85418,60,,1,,84171
85419,60,,1,,84172
85420,60,,1,,84173
85421,60,,1,,84174
85422,60,,1,,84175
85423,60,,1,,84176
85424,60,,1,,84177
85425,60,,1,,84178
85426,60,,1,,84179
85427,60,,1,,84180
85428,60,,1,,84181
85429,60,,1,,84182
85430,60,,1,,84183
85431,60,,1,,84184
85432,60,,1,,84185
85433,60,,1,,84186
85434,60,,1,,84187
85435,60,,1,,84188
85436,60,,1,,84189
85437,60,,1,,84190
85438,60,,1,,84191
85439,60,,1,,84192
85440,60,,1,,84193
85441,60,,1,,84194
85442,60,,1,,84195
85443,60,,1,,84196
85444,60,,1,,84197
85445,60,,1,,84198
85446,60,,1,,84199
85447,60,,1,,84200
85448,60,,1,,84201
85449,60,,1,,84202
85450,60,,1,,84203
85451,60,,1,,84204
85452,60,,1,,84205
85453,60,,1,,84206
85454,60,,1,,84207
85455,60,,1,,84208
85456,60,,1,,84209
85457,60,,1,,84210
85458,60,,1,,84211
85459,60,,1,,84212
85460,60,,1,,84213
85461,60,,1,,84214
85462,60,,1,,84215
85463,60,,1,,84216
85464,60,,1,,84217
85465,60,,1,,84218
85466,60,,1,,84219
85467,60,,1,,84220
85468,60,,1,,84221
85469,60,,1,,84222
85470,60,,1,,84223
85471,60,,1,,84224
85472,60,,1,,84225
85473,60,,1,,84226
85474,60,,1,,84227
85475,60,,1,,84228
85476,60,,1,,84229
85477,60,,1,,84230
85478,60,,1,,84231
85479,60,,1,,84232
85480,60,,1,,84233
85481,60,,1,,84234
85482,60,,1,,84235
85483,60,,1,,84236
85484,60,,1,,84237
85485,60,,1,,84238
85486,60,,1,,84239
85487,60,,1,,84240
85488,60,,1,,84241
85489,60,,1,,84242
85490,60,,1,,84243
85491,60,,1,,84244
85492,60,,1,,84245
85493,60,,1,,84246
85494,60,,1,,84247
85495,60,,1,,84248
85496,60,,1,,84249
85497,60,,1,,84250
85498,60,,1,,84251
85499,60,,1,,84253
85500,60,,1,,84252
85501,60,,1,,84254
85502,60,,1,,84255
85503,60,,1,,84256
85504,60,,1,,84257
85505,60,,1,,84258
85506,60,,1,,84259
85507,60,,1,,84260
85508,60,,1,,84261
85509,60,,1,,84262
85510,60,,1,,84263
85511,60,,1,,84264
85512,60,,1,,84265
85513,60,,1,,84266
85514,60,,1,,84267
85515,60,,1,,84268
85516,60,,1,,84269
85517,60,,1,,84270
85518,60,,1,,84271
85519,60,,1,,84272
85520,60,,1,,84273
85521,60,,1,,84274
85522,60,,1,,84275
85523,60,,1,,84276
85524,60,,1,,84277
85525,60,,1,,84278
85526,60,,1,,84279
85527,60,,1,,84280
85528,60,,1,,84281
85529,60,,1,,84282
85530,60,,1,,84283
85531,60,,1,,84284
85532,60,,1,,84285
85533,60,,1,,84287
85534,60,,1,,84288
85535,60,,1,,84289
85536,60,,1,,84290
85537,60,,1,,84291
85538,60,,1,,84292
85539,36,,1,,84294
85540,60,,1,,84295
85541,60,,1,,84296
85542,60,,1,,84297
85543,60,,1,,84298
85544,60,,1,,84299
85545,60,,1,,84300
85546,60,,1,,84301
85547,60,,1,,84302
85548,60,,1,,84303
85549,60,,1,,84304
85550,60,,1,,84305
85551,60,,1,,84306
85552,60,,1,,84307
85553,60,,1,,84308
85554,60,,1,,84309
85555,60,,1,,84310
85556,60,,1,,84311
85557,60,,1,,84312
85558,60,,1,,84313
85559,60,,1,,84315
85560,60,,1,,84316
85561,60,,1,,84317
85562,60,,1,,84318
85563,60,,1,,84319
85564,60,,1,,84320
85565,60,,1,,84321
85566,60,,1,,84322
85567,60,,1,,84323
85568,60,,1,,84324
85569,60,,1,,84325
85570,60,,1,,84326
85571,60,,1,,84327
85572,60,,1,,84328
85573,60,,1,,84329
85574,60,,1,,84330
85575,60,,1,,84331
85576,60,,1,,84332
85577,60,,1,,84333
85578,60,,1,,84334
85579,60,,1,,84335
85580,60,,1,,84336
85581,60,,1,,84337
85582,60,,1,,84338
85583,60,,1,,84339
85584,60,,1,,84340
85585,60,,1,,84341
85586,60,,1,,84342
85587,60,,1,,84343
85588,60,,1,,84344
85589,60,,1,,84345
85590,60,,1,,84346
85591,60,,1,,84347
85592,60,,1,,84348
85593,60,,1,,84349
85594,60,,1,,84350
85595,60,,1,,84351
85596,60,,1,,84352
85597,60,,1,,84353
85598,60,,1,,84354
85599,60,,1,,84355
85600,60,,1,,84356
85601,60,,1,,84357
85602,60,,1,,84358
85603,60,,1,,84359
85604,60,,1,,84360
85605,60,,1,,84361
85606,60,,1,,84362
85607,60,,1,,84363
85608,60,,1,,84364
85609,60,,1,,84365
85610,60,,1,,84366
85611,60,,1,,84367
85612,60,,1,,84368
85613,60,,1,,84369
85614,60,,1,,84370
85615,60,,1,,84371
85616,60,,1,,84372
85617,60,,1,,84373
85618,60,,1,,84374
85619,60,,1,,84375
85620,60,,1,,84376
85621,60,,1,,84377
85622,60,,1,,84378
85623,60,,1,,84379
85624,60,,1,,84380
85625,60,,1,,84381
85626,60,,1,,84382
85627,60,,1,,84383
85628,60,,1,,84384
85629,60,,1,,84385
85630,60,,1,,84386
85631,60,,1,,84387
85632,60,,1,,84388
85633,60,,1,,84389
85634,60,,1,,84390
85635,60,,1,,84391
85636,60,,1,,84392
85637,60,,1,,84393
85638,60,,1,,84394
85639,60,,1,,84395
85640,60,,1,,84396
85641,60,,1,,84397
85642,60,,1,,84398
85643,60,,1,,84399
85644,60,,1,,84400
85645,60,,1,,84401
85646,60,,1,,84402
85647,60,,1,,84403
85648,60,,1,,84404
85649,60,,1,,84405
85650,60,,1,,84406
85651,60,,1,,84407
85652,60,,1,,84408
85653,60,,1,,84409
85654,60,,1,,84410
85655,60,,1,,84411
85656,60,,1,,84412
85657,60,,1,,84413
85658,36,,1,,84414
85659,36,,1,,84415
85660,36,,1,,84416
85661,60,,1,,84417
85662,60,,1,,84418
85663,60,,1,,84419
85664,60,,1,,84420
85665,60,,1,,84421
85666,60,,1,,84422
85667,60,,1,,84423
85668,60,,1,,84424
85669,60,,1,,84425
85670,60,,1,,84426
85671,60,,1,,84427
85672,60,,1,,84428
85673,60,,1,,84429
85674,60,,1,,84430
85675,60,,1,,84431
85676,60,,1,,84432
85677,60,,1,,84433
85678,60,,1,,84434
85679,60,,1,,84435
85680,60,,1,,84436
85681,60,,1,,84437
85682,60,,1,,84438
85683,60,,1,,84439
85684,36,,2,,84440
85685,36,,3,,84441
85686,60,,1,,84442
85687,60,,1,,84443
85688,60,,1,,84444
85689,60,,1,,84445
85690,60,,1,,84446
85691,60,,1,,84447
85692,60,,1,,84448
85693,60,,1,,84449
85694,60,,1,,84450
85695,60,,1,,84451
85696,60,,1,,84452
85697,60,,1,,84453
85698,60,,1,,84454
85699,60,,1,,84455
85700,36,,2,,84456
85701,36,,1,,84457
85702,60,,1,,84458
85703,60,,1,,84459
85704,60,,1,,84460
85705,60,,1,,84461
85706,60,,1,,84462
85707,60,,1,,84463
85708,60,,1,,84464
85709,60,,1,,84465
85710,60,,1,,84466
85711,60,,1,,84467
85712,60,,1,,84468
85713,60,,1,,84469
85714,60,,1,,84470
85715,60,,1,,84471
85716,60,,1,,84472
85717,60,,1,,84473
85718,60,,1,,84474
85719,36,,1,,84475
85720,36,,1,,84476
85721,60,,1,,84477
85722,60,,1,,84478
85723,36,,2,,84479
85724,60,,1,,84480
85725,60,,1,,84481
85726,60,,1,,84482
85727,60,,1,,84483
85728,60,,1,,84484
85729,60,,1,,84485
85730,60,,1,,84486
85731,60,,1,,84487
85732,60,,1,,84488
85733,60,,1,,84489
85734,60,,1,,84490
85735,60,,1,,84491
85736,60,,1,,84492
85737,60,,1,,84493
85738,60,,1,,84494
85739,60,,1,,84495
85740,60,,1,,84496
85741,60,,1,,84497
85742,39,6,1,,84498
85743,60,,1,,84521
85744,60,,1,,84522
85745,60,,1,,84523
85746,60,,1,,84524
85747,60,,1,,84525
85748,60,,1,,84526
85749,60,,1,,84527
85750,60,,1,,84528
85751,60,,1,,84529
85752,60,,1,,84530
85753,60,,1,,84531
85754,60,,1,,84532
85755,60,,1,,84533
85756,60,,1,,84534
85757,60,,1,,84535
85758,60,,1,,84536
85759,60,,1,,84537
85760,60,,1,,84538
85761,36,,1,,84539
85762,36,,1,,84540
85763,36,,1,,84541
85764,60,,1,,84542
85765,60,,1,,84543
85766,60,,1,,84544
85767,60,,1,,84545
85768,36,,1,,84546
85769,60,,1,,84547
85770,36,,1,,84548
85771,60,,1,,84549
85772,60,,1,,84550
85773,60,,1,,84551
85774,60,,1,,84552
85775,36,,1,,84553
85776,60,,1,,84554
85777,60,,1,,84555
85778,60,,1,,84556
85779,60,,1,,84557
85780,60,,1,,84558
85781,60,,1,,84559
85782,60,,1,,84560
85783,60,,1,,84561
85784,60,,1,,84562
85785,60,,1,,84563
85786,60,,1,,84564
85787,60,,1,,84565
85788,60,,1,,84566
85789,60,,1,,84567
85790,60,,1,,84568
85791,60,,1,,84569
85792,60,,1,,84570
85793,60,,1,,84571
85794,60,,1,,84572
85795,60,,1,,84573
85796,60,,1,,84574
85797,60,,1,,84575
85798,60,,1,,84576
85799,60,,1,,84577
85800,60,,1,,84578
85801,60,,1,,84579
85802,60,,1,,84580
85803,36,,1,,84581
85804,60,,1,,84582
85936,39,6,3,,84499
85937,39,6,3,,84500
85938,39,6,1,,84501
85939,60,,1,,84502
85940,60,,1,,84503
85941,60,,1,,84504
85942,60,,1,,84505
85943,60,,1,,84506
85944,60,,1,,84507
85945,60,,1,,84508
85946,60,,1,,84509
85947,60,,1,,84510
85948,60,,1,,84511
85949,60,,1,,84512
85950,60,,1,,84513
85951,60,,1,,84514
85952,60,,1,,84515
85953,60,,1,,84516
85954,60,,1,,84517
85955,60,,1,,84518
85956,60,,1,,84519
85957,60,,1,,84520
85958,11,,1,,84711
85959,39,6,1,,84712
85960,60,,1,,84713
85961,60,,1,,84714
85962,60,,1,,84715
85963,60,,1,,84716
85964,60,,1,,84717
85965,60,,1,,84718
85966,60,,1,,84719
85967,60,,1,,84720
85968,60,,1,,84721
85969,60,,1,,84722
85970,60,,1,,84723
85971,60,,1,,84724
85972,60,,1,,84725
85973,60,,1,,84726
85974,60,,1,,84727
85975,60,,1,,84728
85976,60,,1,,84729
85977,60,,1,,84730
85978,60,,1,,84731
85979,60,,1,,84732
85980,60,,1,,84733
85981,60,,1,,84734
85982,60,,1,,84735
85983,60,,1,,84736
85984,60,,1,,84737
85985,60,,1,,84738
85986,60,,1,,84739
85987,60,,1,,84740
85988,60,,1,,84741
85989,60,,1,,84742
85990,60,,1,,84743
85991,60,,1,,84744
85992,60,,1,,84745
85993,60,,1,,84746
85994,60,,1,,84747
85995,60,,1,,84748
85996,60,,1,,84652
85997,60,,1,,84749
85998,60,,1,,84750
85999,60,,1,,84751
86000,60,,1,,84752
86001,60,,1,,84753
86002,60,,1,,84754
86003,60,,1,,84755
86004,60,,1,,84756
86005,60,,1,,84757
86006,60,,1,,84758
86007,60,,1,,84759
86008,60,,1,,84760
86009,60,,1,,84761
86010,60,,1,,84762
86011,60,,1,,84763
86012,60,,1,,84764
86013,60,,1,,84765
86014,60,,1,,84766
86015,60,,1,,84767
86016,60,,1,,84768
86017,60,,1,,84769
86018,60,,1,,84770
86019,60,,1,,84771
86020,60,,1,,84772
86021,60,,1,,84773
86022,60,,1,,84774
86023,60,,1,,84775
86024,60,,1,,84776
86025,60,,1,,84777
86026,60,,1,,84778
86027,60,,1,,84779
86028,60,,1,,84780
86029,60,,1,,84781
86030,36,,1,,84782
86031,60,,1,,84783
86032,60,,1,,84784
86033,60,,1,,84785
86034,60,,1,,84786
86035,60,,1,,84787
86036,60,,1,,84788
86037,60,,1,,84789
86038,60,,1,,84790
86039,60,,1,,84791
86040,60,,1,,84792
86041,60,,1,,84793
86042,60,,1,,84794
86043,60,,1,,84795
86044,60,,1,,84796
86045,60,,1,,84797
86046,60,,1,,84798
86047,60,,1,,84799
86048,60,,1,,84800
86049,60,,1,,84801
86050,60,,1,,84802
86051,60,,1,,84803
86052,60,,1,,84804
86053,60,,1,,84805
86054,60,,1,,84806
86055,60,,1,,84807
86056,60,,1,,84808
86057,60,,1,,84809
86058,60,,1,,84810
86059,60,,1,,84811
86060,60,,1,,84812
86061,60,,1,,84813
86062,60,,1,,84814
86063,60,,1,,84815
86064,60,,1,,84816
86065,60,,1,,84817
86066,60,,1,,84818
86198,36,,1,,84890
86199,36,,1,,84891
86200,36,,1,,84892
86201,36,,1,,84893
86202,36,,1,,84894
86203,36,,2,,84895
86204,36,,1,,84896
86205,36,,1,,84897
86206,36,,2,,84898
86207,36,,2,,84899
86208,39,6,2,,84960
86209,39,6,4,,84961
86210,60,,1,,84962
86211,60,,1,,84963
86212,60,,1,,84964
86213,60,,1,,84965
86214,36,,1,,84966
86215,36,,1,,84967
86216,36,,1,,84968
86217,36,,1,,84969
86218,36,,1,,84970
86219,60,,1,,84971
86220,60,,1,,84972
86221,60,,1,,84973
86222,60,,1,,84974
86223,60,,1,,84975
86224,60,,1,,84976
86225,36,,1,,84977
86226,36,,1,,84978
86227,36,,1,,84979
86228,60,,1,,84980
86229,36,,1,,84981
86230,60,,1,,84982
86231,60,,1,,84983
86232,36,,1,,84984
86233,60,,1,,84985
86234,83,,1,,84986
86235,39,6,1,,84987
86236,39,6,1,,84988
86237,39,6,1,,84989
86238,39,6,1,,84990
86239,39,6,1,,84991
86240,39,1,1,,84992
86241,39,1,1,,84993
86242,39,1,1,,84994
86243,39,1,1,,84995
86244,39,3,1,,84996
86245,39,1,1,,84997
86246,39,3,1,,84998
86247,69,,1,,84999
86248,39,3,1,,85000
86249,69,,1,,85001
86250,39,1,1,,85002
86251,69,,1,,85003
86252,39,1,1,,85004
86253,69,,1,,85005
86254,39,1,1,,85006
86255,39,3,1,,85007
86256,39,3,1,,85008
86257,39,3,1,,85009
86258,39,3,2,,85010
86259,39,1,1,,85011
86260,60,,1,,85012
86261,39,48,1,,85013
86262,39,48,1,,85014
86263,69,,1,,85015
86264,69,,1,,85016
86265,39,3,1,,85017
86266,22,,1,,85018
86267,39,1,1,,85019
86268,23,7,1,,85019
86269,23,7,1,,85020
86270,39,1,2,,85021
86271,36,,2,,85022
86272,69,,1,,85023
86273,69,,1,,85024
86274,69,,1,,85025
86275,69,,1,,85026
86276,69,,1,,85027
86277,69,,1,,85028
86278,69,,1,,85029
86279,69,,1,,85030
86280,69,,1,,85031
86281,69,,1,,85032
86282,69,,1,,85033
86283,23,5,1,,85034
86284,23,5,1,,85035
86285,39,,2,,85035
86286,39,3,1,,85036
86287,39,3,1,,85037
86288,39,1,1,,85038
86289,39,3,1,,85039
86290,39,3,1,,85040
86291,39,1,1,,85041
86292,23,5,1,,85041
86293,39,1,2,,85042
86294,39,1,1,,85043
86295,39,1,2,,85044
86296,60,,1,,85045
86297,60,,1,,85046
86298,60,,1,,85047
86299,39,1,1,,85048
86300,39,3,1,,85049
86301,60,,1,,85050
86302,60,,1,,85051
86303,60,,1,,85052
86304,60,,1,,85053
86305,60,,1,,85054
86306,60,,1,,85055
86307,60,,1,,85056
86308,60,,1,,85057
86309,60,,1,,85058
86310,60,,1,,85059
86311,60,,1,,85060
86312,60,,1,,85061
86313,60,,1,,85062
86314,60,,1,,85063
86315,60,,1,,85064
86316,60,,1,,85065
86317,60,,1,,85066
86318,60,,1,,85067
86319,60,,1,,85068
86320,60,,1,,85069
86321,60,,1,,85070
86322,60,,1,,85071
86323,60,,1,,85072
86324,60,,1,,85073
86325,60,,1,,85074
86326,60,,1,,85075
86327,60,,1,,85076
86328,60,,1,,85077
86329,60,,1,,85078
86330,60,,1,,85079
86331,60,,1,,85080
86332,60,,1,,85081
86333,60,,1,,85082
86334,60,,1,,85083
86335,60,,1,,85084
86336,60,,1,,85085
86337,60,,1,,85086
86338,60,,1,,85087
86339,60,,1,,85088
86340,60,,1,,85089
86341,60,,1,,85090
86342,60,,1,,85091
86343,60,,1,,85092
86344,60,,1,,85093
86345,60,,1,,85094
86346,60,,1,,85095
86347,60,,1,,85096
86348,60,,1,,85097
86349,60,,1,,85098
86350,60,,1,,85099
86351,60,,1,,85100
86352,60,,1,,85101
86353,60,,1,,85102
86354,60,,1,,85103
86355,60,,1,,85104
86356,60,,1,,85105
86357,60,,1,,85106
86358,60,,1,,85107
86359,60,,1,,85108
86360,60,,1,,85109
86361,60,,1,,85110
86362,60,,1,,85111
86363,60,,1,,85112
86364,60,,1,,85113
86365,60,,1,,85114
86366,60,,1,,85115
86367,60,,1,,85116
86368,60,,1,,85117
86369,60,,1,,85118
86370,60,,1,,85119
86371,60,,1,,85120
86372,60,,1,,85121
86373,60,,1,,85122
86374,60,,1,,85123
86375,60,,1,,85124
86376,60,,1,,85125
86377,60,,1,,85126
86378,60,,1,,85127
86379,60,,1,,85128
86380,60,,1,,85129
86381,60,,1,,85130
86382,60,,1,,85131
86383,60,,1,,85132
86384,60,,1,,85133
86385,60,,1,,85134
86386,60,,1,,85135
86387,60,,1,,85136
86388,60,,1,,85137
86389,60,,1,,85138
86390,60,,1,,85139
86391,60,,1,,85140
86392,60,,1,,85141
86393,60,,1,,85142
86394,60,,1,,85143
86395,39,3,1,,85144
86396,60,,1,,85145
86397,60,,1,,85146
86398,60,,1,,85147
86399,60,,1,,85148
86400,60,,1,,85149
86401,60,,1,,85150
86402,60,,1,,85151
86403,60,,1,,85152
86404,60,,1,,85153
86405,60,,1,,85154
86406,60,,1,,85155
86407,60,,1,,85156
86408,60,,1,,85157
86409,60,,1,,85158
86410,60,,1,,85159
86411,60,,1,,85160
86412,60,,1,,85161
86413,60,,1,,85162
86414,60,,1,,85163
86415,60,,1,,85164
86416,60,,1,,85165
86417,60,,1,,85166
86418,60,,1,,85167
86419,60,,1,,85168
86420,60,,1,,85169
86421,60,,1,,85170
86422,60,,1,,85171
86423,60,,1,,85172
86424,60,,1,,85173
86425,60,,1,,85174
86426,60,,1,,85175
86427,60,,1,,85176
86428,60,,1,,85177
86429,60,,1,,85178
86430,60,,1,,85179
86431,60,,1,,85180
86432,60,,1,,85181
86433,60,,1,,85182
86434,60,,1,,85183
86435,60,,1,,85184
86436,60,,1,,85185
86437,39,3,1,,85186
86438,39,1,3,,85187
86439,39,1,1,,85188
86440,60,,1,,85189
86441,60,,1,,85190
86442,60,,1,,85191
86443,60,,1,,85192
86444,60,,1,,85193
86445,60,,1,,85194
86446,60,,1,,85195
86447,60,,1,,85196
86448,60,,1,,85197
86449,60,,1,,85198
86450,60,,1,,85199
86451,60,,1,,85200
86452,60,,1,,85201
86453,60,,1,,85202
86454,60,,1,,85203
86455,60,,1,,85204
86456,60,,1,,85205
86457,60,,1,,85206
86458,60,,1,,85207
86459,60,,1,,85208
86460,60,,1,,85209
86461,60,,1,,85210
86462,60,,1,,85211
86463,60,,1,,85212
86464,60,,1,,85213
86465,60,,1,,85214
86466,60,,1,,85215
86467,60,,1,,85216
86468,60,,1,,85217
86469,60,,1,,85218
86470,60,,1,,85219
86471,60,,1,,85220
86472,60,,1,,85221
86473,60,,1,,85222
86474,60,,1,,85223
86475,60,,1,,85224
86476,60,,1,,85225
86477,60,,1,,85226
86478,60,,1,,85227
86479,60,,1,,85228
86480,60,,1,,85229
86481,60,,1,,85230
86482,39,1,1,,85231
86483,60,,1,,85232
86484,60,,1,,85233
86485,60,,1,,85234
86486,60,,1,,85235
86487,60,,1,,85236
86488,60,,1,,85237
86489,60,,1,,85238
86490,60,,1,,85239
86491,60,,1,,85240
86492,60,,1,,85241
86493,60,,1,,85242
86494,60,,1,,85243
86495,60,,1,,85244
86496,60,,1,,85245
86497,60,,1,,85246
86498,60,,1,,85247
86499,39,1,2,,85248
86500,39,1,2,,85249
86501,39,3,1,,85250
86502,60,,1,,85251
86503,60,,1,,85252
86504,60,,1,,85253
86505,60,,1,,85254
86506,60,,1,,85255
86507,60,,1,,85256
86508,60,,1,,85257
86509,60,,1,,85258
86510,60,,1,,85259
86511,60,,1,,85260
86512,60,,1,,85261
86513,60,,1,,85262
86514,60,,1,,85263
86515,60,,1,,85264
86516,60,,1,,85265
86517,60,,1,,85266
86518,60,,1,,85267
86519,60,,1,,85268
86520,60,,1,,85269
86521,60,,1,,85270
86522,60,,1,,85271
86523,60,,1,,85272
86524,60,,1,,85273
86525,60,,1,,85274
86526,60,,1,,85275
86527,60,,1,,85276
86528,60,,1,,85277
86529,60,,1,,85278
86530,60,,1,,85279
86531,60,,1,,85280
86532,60,,1,,85281
86533,60,,1,,85282
86534,60,,1,,85283
86535,39,1,1,,85284
86536,60,,1,,85285
86537,60,,1,,85286
86538,39,3,1,,85287
86539,39,3,1,,85288
86540,39,3,1,,85289
86541,39,1,1,,85290
86542,39,1,1,,85291
86543,39,1,1,,85292
86544,69,,1,,85293
86545,39,48,1,,85294
86546,69,,1,,85295
86547,39,1,1,,85296
86548,23,5,1,,85296
86549,36,,1,,85297
86550,36,,2,,85298
86551,23,7,1,,85299
86552,39,1,1,,85300
86553,39,3,1,,85301
86554,39,1,1,,85302
86555,23,5,1,,85302
86556,39,1,1,,85303
86557,39,1,1,,85304
86558,23,7,1,,85304
86559,39,1,1,,85305
86560,23,7,1,,85305
86561,39,3,1,,85306
86562,36,,1,,85307
86563,36,,1,,85308
86564,36,,1,,85309
86565,39,1,1,,85310
86566,39,1,1,,85311
86567,39,3,1,,85312
86568,39,3,1,,85313
86569,39,3,1,,85314
86570,39,3,1,,85315
86571,39,1,2,,85316
86572,36,,1,,85317
86573,39,1,1,,85318
86574,39,1,1,,85319
86575,39,1,1,,85320
86576,39,1,1,,85321
86577,39,1,1,,85322
86578,36,1,1,,85323
86579,36,,1,,85324
86580,39,1,1,,85325
86581,39,1,1,,85326
86582,39,6,1,,85327
86583,36,,1,,85333
86584,23,5,1,,85334
86585,69,,1,,85335
86586,69,,1,,85336
86587,39,1,1,,85337
86588,39,3,1,,85338
86589,39,1,1,,85339
86590,39,1,1,,85340
90260,36,,1,,88889
90261,36,,1,,88890
90262,36,,1,,88891
90263,36,,1,,88892
90264,36,,1,,88893
90265,39,6,1,,88894
90266,60,,1,,86222
90267,39,1,1,,88920
90268,39,1,2,,88921
90269,60,,1,,88922
90270,39,3,1,,88923
90271,23,,1,,88924
90272,60,,1,,88925
90273,60,,1,,88926
90274,60,,1,,88927
90275,60,,1,,88928
90276,60,,1,,88929
90277,60,,1,,88930
90278,60,,1,,88931
90279,60,,1,,88932
90280,60,,1,,88933
90281,60,,1,,88934
90282,60,,1,,88935
90283,60,,1,,88936
90284,60,,1,,88937
90285,60,,1,,88938
90286,60,,1,,88939
90287,60,,1,,88940
90288,60,,1,,88941
90289,69,,1,,88942
90290,60,,1,,88943
90291,60,,1,,88944
90292,60,,1,,88945
90293,60,,1,,88946
90294,60,,1,,88947
90295,60,,1,,88948
90296,60,,1,,88949
90297,60,,1,,88950
90298,60,,1,,88951
90299,60,,1,,88952
90300,60,,1,,88953
90301,60,,1,,88955
90302,60,,1,,88956
90303,60,,1,,88957
90304,60,,1,,88958
90305,60,,1,,88959
90306,60,,1,,88960
90307,60,,1,,88961
90308,60,,1,,88962
90309,60,,1,,88963
90310,39,1,1,,88964
90311,39,3,2,,88965
90312,22,,1,,88966
90313,60,,1,,88967
90314,22,,1,,88968
90315,60,,1,,88969
90316,60,,1,,88970
90317,60,,1,,88971
90318,60,,1,,88972
90319,60,,1,,88973
90320,60,,1,,88974
90321,60,,1,,88975
90322,60,,1,,88976
90323,60,,1,,88977
90324,60,,1,,88978
90325,60,,1,,88979
90326,60,,1,,88980
90327,60,,1,,88981
90328,39,1,1,,88982
90329,60,,1,,88983
90330,60,,1,,88984
90331,60,,1,,88985
90332,60,,1,,88986
90333,60,,1,,88987
90334,60,,1,,88988
90335,60,,1,,88989
90336,60,,1,,88990
90337,60,,1,,88991
90338,60,,1,,88992
90339,60,,1,,88993
90340,60,,1,,88994
90341,60,,1,,88995
90342,60,,1,,88996
90343,60,,1,,88997
90344,60,,1,,88998
90345,60,,1,,88999
90346,60,,1,,89000
90347,60,,1,,89001
90348,60,,1,,89002
90349,60,,1,,89003
90350,60,,1,,89004
90351,60,,1,,89005
90352,60,,1,,89006
90353,60,,1,,89007
90354,60,,1,,89008
90355,60,,1,,89009
90356,60,,1,,89010
90357,60,,1,,89011
90358,60,,1,,89012
90359,60,,1,,89014
90360,60,,1,,89015
90361,60,,1,,89016
90362,60,,1,,89017
90363,60,,1,,89018
90364,60,,1,,89019
90365,60,,1,,89020
90366,60,,1,,89021
90367,60,,1,,89022
90368,60,,1,,89023
90369,60,,1,,89024
90370,60,,1,,89025
90371,60,,1,,89026
90372,60,,1,,89027
90373,60,,1,,89028
90374,60,,1,,89029
90375,60,,1,,89030
90376,60,,1,,89031
90377,60,,1,,89032
90378,60,,1,,89033
90379,60,,1,,89034
90380,60,,1,,89035
90381,60,,1,,89036
90382,60,,1,,89037
90383,60,,1,,89038
90384,60,,1,,89039
90385,39,6,1,,88895
90386,39,6,1,,88896
90387,39,6,1,,88897
90388,39,6,1,,88898
90389,39,6,1,,88899
90390,11,,1,,88900
90391,39,6,1,,88901
90392,60,,1,,88902
90393,39,6,1,,88903
90394,39,6,1,,88904
90395,39,6,1,,88905
90396,39,6,1,,88906
90397,39,6,1,,88907
90398,39,6,1,,88908
90399,39,6,1,,88909
90400,39,6,1,,88910
90401,39,6,1,,88911
90402,39,6,1,,88912
90403,39,6,1,,88913
90404,39,6,1,,88914
90405,39,6,1,,88915
90406,39,6,1,,88916
90407,39,6,1,,88917
90408,39,6,1,,88918
90409,39,,1,,88919
90410,60,6,1,,89040
90411,60,6,1,,89041
90412,60,6,1,,89042
90413,60,,1,,89043
90414,60,,1,,89044
90415,60,,1,,89045
90416,60,,1,,89046
90417,60,,1,,89047
90418,60,,1,,89048
90419,60,,1,,89049
90420,60,,1,,89050
90421,60,,1,,89051
90422,39,3,1,,89052
90423,39,3,1,,89053
90424,60,,1,,89054
90425,60,,1,,89055
90426,60,,1,,89056
90427,39,1,1,,89057
90428,23,7,1,,89057
90429,23,7,1,,89058
90430,69,,1,,89059
90431,69,,1,,89060
90432,60,,1,,89061
90433,60,,1,,89062
90434,60,,1,,89063
90435,60,,1,,89064
90436,60,,1,,89065
90437,60,,1,,89066
90438,60,,1,,89067
90439,60,,1,,89068
90440,60,,1,,89069
90441,60,,1,,89070
90442,60,,1,,89071
90443,60,,1,,89072
90444,60,,1,,89073
90445,60,,1,,89074
90446,60,,1,,89075
90447,60,,1,,89076
90448,60,,1,,89077
90449,60,,1,,89078
90450,60,,1,,89079
90451,60,,1,,89080
90452,60,,1,,89081
90453,60,,1,,89082
90454,60,,1,,89083
90455,60,,1,,89084
90456,60,,1,,89085
90457,39,1,1,,89086
90458,39,4,2,,89087
90459,60,,1,,89088
90460,60,,1,,89089
90461,60,,1,,89090
90462,60,,1,,89091
90463,39,1,1,,89092
90464,60,,1,,89093
90465,60,,1,,89094
90466,60,,1,,89095
90467,60,,1,,89096
90468,60,,1,,89097
90469,60,,1,,89098
90470,60,,1,,89099
90471,60,,1,,89100
90472,60,,1,,89101
90473,60,,1,,89102
90474,60,,1,,89103
90475,60,,1,,89104
90476,60,,1,,89105
90477,60,,1,,89106
90478,69,,1,,89107
90479,60,,1,,89108
90480,60,,1,,89109
90481,60,,1,,89110
90482,60,,1,,89111
90483,60,,1,,89112
90484,60,,1,,89113
90485,60,,1,,89114
90486,60,,1,,89115
90487,60,,1,,89116
90488,60,,1,,89117
90489,60,,1,,89118
90490,60,,1,,89119
90491,60,,1,,89120
90492,60,,1,,89121
90493,36,,1,,89122
90494,39,48,1,,89123
90495,39,48,1,,89124
90496,60,,1,,89125
90497,60,,1,,89126
90498,60,,1,,89127
90499,60,,1,,89128
90500,60,,1,,89129
90501,60,,1,,89130
90502,60,,1,,89131
90503,60,,1,,89132
90504,60,,1,,89133
90505,60,,1,,89134
90506,60,,1,,89135
90507,60,,1,,89136
90508,39,3,2,,89137
90509,39,1,1,,89138
90510,60,,1,,89139
90511,23,5,1,,89140
90512,60,,1,,89141
90513,60,,1,,89142
90514,60,,1,,89143
90515,60,,1,,89144
90516,60,,1,,89145
90517,60,,1,,89146
90518,60,,1,,89147
90519,60,,1,,89148
90520,60,,1,,89149
90521,60,,1,,89150
90522,60,,1,,89151
90523,60,,1,,89152
90524,60,,1,,89153
90525,60,,1,,89154
90526,60,,1,,89155
90527,60,,1,,89156
90528,60,,1,,89157
90529,60,,1,,89158
90530,60,,1,,89159
90531,60,,1,,89160
90532,39,3,1,,89161
90533,60,1,1,,89162
90534,60,,1,,89163
90535,8,,1,,89164
90536,8,,1,,89165
90537,39,48,1,,89166
90538,60,,1,,89167
90539,39,48,1,,89168
90540,60,,1,,89169
90541,60,,1,,89170
90542,60,,1,,89171
90543,60,,1,,89172
90544,60,,1,,89173
90545,60,,1,,89174
90546,36,,1,,89175
90547,60,,1,,89176
90548,60,,1,,89177
90549,60,,1,,89178
90550,60,,1,,89179
90551,39,6,1,,89180
90552,39,6,1,,89181
90553,39,6,1,,89182
90554,39,6,1,,89183
90555,60,,1,,89184
90556,8,,1,,89185
90557,39,1,1,,89186
90558,23,7,1,,89186
90559,23,7,1,,89187
90560,39,1,1,,89188
90561,39,3,1,,89189
90562,39,1,1,,89190
90563,39,1,1,,89191
90564,39,1,1,,89192
90565,39,1,1,,89193
90566,60,,1,,89194
90567,23,7,1,,89195
90568,39,1,1,,89196
90569,39,1,1,,89197
90570,39,1,1,,89198
90571,39,3,1,,89199
90572,39,3,1,,89200
90573,39,3,1,,89201
90574,39,3,1,,89202
90575,39,1,1,,89203
90576,39,3,1,,89204
90577,39,1,1,,89205
90578,39,1,1,,89206
90579,39,1,1,,89207
90580,39,1,1,,89208
90581,60,,1,,89209
90582,39,1,2,,89210
90583,13,,1,,89211
90584,80,,1,,89212
90585,39,1,1,,89213
90586,39,1,1,,89214
90587,59,,1,,89215
90588,39,3,1,,89216
90589,39,1,1,,89217
90590,39,1,1,,89218
90591,60,,1,,89219
90592,39,1,1,,89220
90593,39,1,3,,89221
90594,60,,1,,89222
90595,60,,1,,89223
90596,39,3,1,,89224
90597,80,,1,,89225
90598,39,48,1,,89226
90599,39,1,1,,89227
90600,39,1,1,,89228
90601,39,3,1,,89229
90602,39,3,1,,89230
90603,39,48,1,,89231
90604,60,,1,,89232
90605,60,,1,,89233
90606,60,,1,,89234
90607,39,1,1,,89235
90608,39,48,1,,89236
90609,39,3,1,,89237
90610,39,48,1,,89238
90611,39,48,1,,89239
90612,39,1,1,,89240
90613,39,48,1,,89241
90614,39,48,1,,89242
90615,39,1,1,,89243
90616,39,3,1,,89244
90617,60,,1,,89245
90618,39,3,1,,89246
90619,39,3,2,,89247
90620,39,3,1,,89248
90621,39,48,2,,89249
90622,69,,1,,89250
90623,80,,1,,89251
90624,60,,1,,89252
90625,69,,1,,89253
90626,60,,1,,89254
90627,60,,1,,89255
90628,60,,1,,89256
90629,60,,1,,89257
90630,60,,1,,89258
90631,60,,1,,89259
90632,60,,1,,89260
90633,60,,1,,89261
90634,60,,1,,89262
90635,60,,1,,89263
90636,60,,1,,89264
90637,60,,1,,89265
90638,60,,1,,89266
90639,60,,1,,89267
90640,60,,1,,89268
90641,60,,1,,89269
90642,60,,1,,89270
90643,60,,1,,89271
90644,60,,1,,89272
90645,60,,1,,89273
90646,60,,1,,89274
90647,60,,1,,89275
90648,60,,1,,89276
90649,60,,1,,89277
90650,60,,1,,89278
90651,60,,1,,89279
90652,60,,1,,89280
87508,59,,1,,86251
87509,60,,1,,86252
87510,59,,1,,86253
87511,60,,1,,86254
87512,59,,1,,86255
87513,59,,1,,86256
87514,39,1,1,,86257
87515,60,,1,,86258
87516,60,,1,,86259
87517,60,,1,,86260
87518,60,,1,,86261
87519,60,,1,,86262
87520,60,,1,,86263
87521,60,,1,,86264
87522,60,,1,,86265
87523,60,,1,,86266
87524,60,,1,,86267
87525,60,,1,,86268
87526,60,,1,,86269
87527,60,,1,,86270
87528,60,,1,,86271
87529,60,,1,,86272
87530,60,,1,,86273
87531,60,,1,,86274
87532,60,,1,,86275
87533,60,,1,,86276
87534,60,,1,,86277
87535,60,,1,,86278
87536,60,,1,,86279
87537,39,1,1,,86280
87538,60,,1,,86281
87539,60,,1,,86282
87540,60,,1,,86283
87541,60,,1,,86284
87542,60,,1,,86285
87543,60,,1,,86286
87544,60,,1,,86287
87545,60,,1,,86288
87546,60,,1,,86289
87547,60,,1,,86290
87548,60,,1,,86291
87549,60,,1,,86292
87550,60,,1,,86293
87551,60,,1,,86294
87552,60,,1,,86295
87553,60,,1,,86296
87554,60,,1,,86297
87555,60,,1,,86298
87556,60,,1,,86299
87557,60,,1,,86300
87558,60,,1,,86301
87559,60,,1,,86302
87560,60,,1,,86303
87561,60,,1,,86304
87562,60,,1,,86305
87563,60,,1,,86306
87564,60,,1,,86307
87565,60,,1,,86308
87566,60,,1,,86309
87567,36,,1,,86310
87568,36,,1,,86311
87569,60,,1,,86312
87570,36,,1,,86313
87571,36,,2,,86314
87572,39,1,1,,86315
87573,36,,1,,86316
87574,39,1,1,,86317
87575,39,1,1,,86318
87576,39,1,1,,86319
87577,39,1,1,,86320
87578,39,1,1,,86321
87579,39,1,1,,86322
87580,39,1,1,,86323
87581,39,1,1,,86324
87582,60,,1,,86325
87583,39,1,1,,86326
87584,60,,1,,86327
87585,60,,1,,86328
87586,60,,1,,86329
87587,60,,1,,86330
87588,60,,1,,86331
87589,39,1,1,,86332
87590,39,1,1,,86333
87591,60,,1,,86334
87592,39,1,1,,86335
87593,60,,1,,86336
87594,43,,1,,86337
87595,39,1,1,,86339
87596,22,,1,,86338
87597,39,3,1,,86340
87598,39,1,1,,86341
87599,39,1,1,,86342
87600,39,1,1,,86343
87601,39,3,1,,86344
87602,60,,1,,86345
87603,39,1,1,,86346
87604,60,,1,,86347
87605,60,,1,,86348
87606,60,,1,,86349
87607,39,1,1,,86350
87608,60,,1,,86351
87609,60,,1,,86352
87610,60,,1,,86353
87611,60,,1,,86354
87612,60,,1,,86355
87613,60,,1,,86356
87614,60,,1,,86357
87615,39,1,1,,86358
87616,39,1,1,,86359
87617,55,,1,,86360
87618,39,1,1,,86361
87619,39,48,1,,86362
87620,39,1,1,,86363
87621,39,1,1,,86364
87622,39,1,1,,86365
87623,39,1,1,,86366
87624,39,48,1,,86367
87625,39,3,1,,86368
87626,39,3,1,,86369
87627,39,3,3,,86370
87628,39,1,2,,86371
87629,39,1,1,,86372
87630,39,3,1,,86373
87631,39,1,1,,86374
87632,39,1,1,,86375
87633,39,1,1,,86376
87634,55,,1,,86377
87635,60,,1,,86106
87636,39,,1,,86107
87637,39,1,1,,86108
87638,39,1,1,,86109
87639,39,1,1,,86110
87640,39,1,1,,86111
87641,23,,1,on leash,86112
87642,39,1,1,,86113
87643,39,1,1,,86114
87644,39,1,1,,86115
87645,39,1,1,,86116
87646,55,,1,,86117
87647,23,,1,,86118
87648,36,,1,,86119
87649,55,,1,,86120
87650,39,1,1,,86121
87651,39,3,1,,86122
87652,39,1,1,,86123
87653,60,,1,,86124
87654,60,,1,,86125
87655,39,1,1,,86126
87656,39,6,1,,86378
87657,39,6,1,,86379
87658,39,6,1,,86380
87659,39,6,1,,86381
87660,23,7,1,,86382
87661,23,7,1,,86383
87662,60,,1,,86384
87663,69,,1,,86385
87664,69,,1,,86386
87665,39,1,1,,86387
87666,39,3,1,,86388
87667,39,1,1,,86389
87668,43,,1,,86390
87669,13,,1,,86391
87670,39,1,2,,86392
87671,39,3,1,,86393
87672,69,,1,,86394
87673,69,,1,,86395
87674,43,,1,,86396
87675,36,,1,,86397
87676,23,,1,,86398
87677,39,1,1,,86399
87678,23,7,1,,86399
87679,55,,1,bobcat maybe,86400
87680,55,,1,,86401
87681,39,1,1,,86402
87682,23,7,1,,86402
87683,39,1,1,,86403
87684,60,,1,,86404
87685,39,1,1,,86405
87686,39,1,1,,86406
87687,39,3,3,,86407
87688,39,1,1,,86408
87689,39,1,1,,86409
87690,23,7,1,,86409
87691,39,1,2,,86410
87692,39,1,2,,86411
87693,39,1,1,,86412
87694,39,1,2,,86413
87695,39,1,1,,86414
87696,39,1,2,,86415
87697,39,3,1,,86416
87698,39,3,1,,86417
87699,39,1,1,,86418
87700,43,,1,,86419
87701,36,,1,,86420
87702,36,,1,,86421
87703,80,,1,,86422
87704,23,,1,,86423
87705,36,,1,,86424
87706,36,,1,,86425
87707,60,,1,,86426
87708,60,,1,,86427
87709,60,,1,,86428
87710,22,,1,,86429
87711,39,3,1,,86430
87712,39,1,1,,86431
87713,39,3,1,,86432
87714,39,3,1,,86433
87715,60,,1,,86434
87716,39,4,1,,86435
87717,23,,1,,86436
87718,39,3,1,,86437
87719,60,,1,,86438
87720,39,1,1,,86439
87721,39,1,1,,86440
87722,23,7,1,,86440
87723,39,3,1,,86441
87724,39,1,1,,86442
87725,39,1,2,,86443
87726,23,7,2,,86443
87727,39,3,2,,86444
87728,39,1,1,,86445
87729,43,,1,,86446
87730,36,,1,,86447
87731,39,1,1,,86448
87732,23,,1,,86449
87733,23,,1,,86450
87734,39,3,1,,86451
87735,39,1,1,,86452
87736,23,7,2,,86452
87737,69,,1,,86453
87738,39,1,2,,86454
87739,69,,1,,86455
87740,39,1,2,,86456
87741,59,,2,,86457
87742,59,,3,,86458
87743,59,,2,,86459
87744,39,1,2,,86460
87745,60,,1,,86461
87746,60,,1,,86462
87747,60,,1,,86463
87748,60,,1,,86464
87749,60,,1,,86465
87750,39,3,1,,86466
87751,39,1,1,,86467
87752,23,,1,,86468
87753,23,5,1,,86469
87754,39,1,1,,86470
87755,60,,1,,86471
87756,23,,1,,86472
87757,60,,1,,86613
87758,60,,1,,86614
87759,60,,1,,86615
87760,60,,1,,86616
87761,60,,1,,86617
87762,60,,1,,86618
87763,60,,1,,86619
87764,60,,1,,86620
87765,60,,1,,86621
87766,60,,1,,86622
87767,60,,1,,86623
87768,60,,1,,86624
87769,60,,1,,86625
87770,60,,1,,86626
87771,60,,1,,86627
87772,60,,1,,86628
87773,60,,1,,86629
87774,60,,1,,86630
87775,60,,1,,86631
87776,60,,1,,86632
87777,60,,1,,86633
87778,60,,1,,86634
87779,60,,1,,86635
87780,60,,1,,86636
87781,60,,1,,86637
87782,60,,1,,86638
87783,60,,1,,86639
87784,60,,1,,86640
87785,60,,1,,86641
87786,60,,1,,86642
87787,60,,1,,86643
87788,60,,1,,86644
87789,60,,1,,86645
87790,60,,1,,86646
87791,60,,1,,86647
87792,60,,1,,86648
87793,60,,1,,86649
87794,60,,1,,86650
87795,60,,1,,86651
87796,60,,1,,86652
87797,60,,1,,86653
87798,60,,1,,86654
87799,60,,1,,86655
87800,60,,1,,86656
87801,60,,1,,86657
87802,60,,1,,86658
87803,60,,1,,86659
87804,60,,1,,86660
87805,60,,1,,86661
87806,60,,1,,86662
87807,60,,1,,86663
87808,60,,1,,86664
87809,60,,1,,86665
87810,60,,1,,86666
87811,60,,1,,86667
87812,60,,1,,86668
87813,60,,1,,86669
87814,60,,1,,86670
87815,60,,1,,86671
87816,60,,1,,86672
87817,60,,1,,86673
87818,60,,1,,86674
87819,60,,1,,86675
87820,60,,1,,86676
87821,60,,1,,86677
87822,60,,1,,86678
87823,60,,1,,86679
87824,60,,1,,86680
87825,60,,1,,86681
87826,60,,1,,86682
87827,60,,1,,86683
87828,60,,1,,86684
87829,60,,1,,86685
87830,60,,1,,86686
87831,60,,1,,86687
87832,60,,1,,86688
87833,60,,1,,86689
87834,60,,1,,86690
87835,60,,1,,86691
87836,60,,1,,86692
87837,60,,1,,86693
87838,60,,1,,86694
87839,60,,1,,86695
87840,60,,1,,86696
87841,60,,1,,86697
87842,60,,1,,86698
87843,60,,1,,86699
87844,60,,1,,86700
87845,60,,1,,86701
87846,60,,1,,86702
87847,60,,1,,86703
87848,60,,1,,86704
87849,60,,1,,86705
87850,60,,1,,86706
87851,60,,1,,86707
87852,60,,1,,86708
87853,60,,1,,86709
87854,60,,1,,86710
87855,36,,1,,86711
87856,60,,1,,86712
87857,60,,1,,86713
87858,60,,1,,86714
87859,60,,1,,86715
87860,60,,1,,86716
87861,60,,1,,86717
87862,60,,1,,86718
87863,60,,1,,86719
87864,60,,1,,86720
87865,60,,1,,86721
87866,60,,1,,86722
87867,60,,1,,86723
87868,60,,1,,86724
87869,60,,1,,86725
87870,60,,1,,86726
87871,60,,1,,86727
87872,60,,1,,86728
87873,60,,1,,86729
87874,60,,1,,86730
87875,60,,1,,86731
87876,60,,1,,86732
87877,60,,1,,86733
87878,60,,1,,86734
87879,60,,1,,86735
87880,60,,1,,86736
87881,60,,1,,86737
87882,60,,1,,86738
87883,60,,1,,86739
87884,60,,1,,86740
87885,60,,1,,86741
87886,60,,1,,86742
87887,60,,1,,86743
87888,60,,1,,86744
87889,60,,1,,86745
87890,60,,1,,86746
87891,60,,1,,86747
87892,60,,1,,86748
87893,60,,1,,86749
87894,60,,1,,86750
87895,60,,1,,86751
87896,60,,1,,86752
87897,60,,1,,86753
87898,60,,1,,86754
87899,60,,1,,86755
87900,60,,1,,86756
87901,60,,1,,86757
87902,60,,1,,86758
87903,60,,1,,86759
87904,60,,1,,86760
87905,60,,1,,86761
87906,60,,1,,86762
87907,22,,1,,86763
87908,60,,1,,86764
87909,60,,1,,86765
87910,60,,1,,86766
87911,60,,1,,86767
87912,60,,1,,86768
87913,60,,1,,86769
87914,60,,1,,86770
87915,60,,1,,86771
87916,36,,1,,86772
87917,60,,1,,86773
87918,60,,1,,86774
87919,60,,1,,86775
87920,39,1,1,,86776
87921,39,1,1,,86777
87922,23,7,1,,86777
87923,60,,1,,86778
87924,60,,1,,86779
87925,36,,1,,86780
87926,36,,1,,86781
87927,39,1,2,,86782
87928,23,7,1,,86783
87929,69,,1,,86784
87930,69,,1,,86785
87931,36,,1,,86786
87932,36,,1,,86787
87933,39,1,1,,86788
87934,23,7,1,,86788
87935,60,,1,,86789
87936,39,1,1,,86790
87937,39,1,1,,86791
87938,36,,1,,86792
87939,36,,2,,86793
87940,36,,1,,86794
87941,60,,1,,86795
87942,36,,1,,86796
87943,36,,1,,86797
87944,36,,1,,86798
87945,36,,1,,86799
87946,36,,2,,86800
87947,39,1,2,,86801
87948,39,1,1,,86802
87949,23,7,2,,86802
87950,39,1,1,,86803
87951,23,7,2,,86803
87952,39,1,1,,86804
87953,23,7,1,,86804
87954,39,1,1,,86805
87955,39,3,1,,86806
87956,39,1,1,,86807
87957,23,,1,,86808
87958,39,3,1,,86809
87959,39,1,1,,86810
87960,39,3,1,,86811
87961,39,3,1,,86812
87962,22,,1,,86813
87963,39,1,1,,86814
87964,39,1,3,,86815
87965,60,,1,,86816
87966,39,1,1,,86817
87967,39,4,1,,86818
87968,39,1,1,,86819
87969,39,1,2,,86820
87970,39,3,1,,86821
87971,60,,1,,86822
87972,39,1,1,,86823
87973,39,3,1,,86824
87974,39,3,1,,86825
87975,39,3,2,,86826
87976,39,1,1,,86827
87977,39,1,1,,86828
87978,39,1,1,,86829
87979,39,1,1,,86830
87980,39,1,2,,86831
87981,23,7,1,,86831
87982,39,1,1,,86832
87983,23,7,1,,86832
87984,39,1,1,,86833
87985,22,,1,,86834
87986,60,,1,,86835
87987,36,,1,,86836
87988,39,1,2,,86837
87989,23,7,1,,86837
87990,39,1,1,,86838
87991,63,,1,,86839
87992,60,,1,,86840
87993,39,1,1,,86841
87994,39,1,1,,86842
87995,39,1,1,,86843
87996,60,,1,,86844
87997,60,,1,,86845
87998,39,1,1,,86846
87999,39,1,1,,86847
88000,39,1,1,,86848
88001,39,1,1,,86849
88002,23,7,1,,86849
88003,60,,1,,86850
88004,60,,1,,86851
88005,39,3,1,,86852
88006,63,,1,,86853
88007,63,,1,,86854
88008,63,,1,,86855
88009,39,1,2,,86856
88010,39,1,2,,86857
88011,60,,1,,86858
88012,39,1,1,,86859
88013,23,7,1,,86859
88014,39,1,1,,86860
88015,39,1,1,,86861
88016,23,7,1,,86861
88017,60,,1,,86862
88018,39,1,1,,86863
88019,39,1,1,,86864
88020,23,7,1,,86864
88021,39,3,1,,86865
88022,39,1,1,,86866
88023,39,1,1,,86867
88024,39,3,1,,86868
88025,39,3,1,,86869
88026,60,,1,,86870
88027,60,,1,,86871
88028,39,1,1,,86872
88029,39,1,2,,86873
88030,39,3,1,,86874
88031,39,3,1,,86875
88032,39,3,1,,86876
88033,39,1,1,,86877
88034,39,1,1,,86878
88035,39,1,1,,86879
88036,39,1,1,,86880
88037,60,,1,,86881
88038,60,,1,,86882
88039,39,1,1,,86883
88040,39,4,1,,86884
88041,39,3,1,,86885
88042,22,,1,,86886
88043,60,,1,,86887
88044,39,3,1,,86888
88045,39,1,2,,86889
88046,39,3,1,,86890
88047,39,3,1,,86891
88048,22,,1,,86892
88049,60,,1,,86473
88050,39,1,1,,86474
88051,39,1,1,,86475
88052,39,1,1,,86476
88053,23,7,1,,86476
88054,39,1,1,,86477
88055,39,1,1,,86478
88056,39,,1,,86479
88057,39,1,1,,86480
88058,23,5,1,,86480
88059,39,1,1,,86481
88060,39,1,1,,86482
88061,39,1,1,,86483
88062,60,,1,,86484
88063,23,,1,,86485
88064,23,,1,,86486
88065,23,,1,,86487
88066,39,6,1,,86488
88067,39,6,1,,86489
88068,23,5,1,,86490
88069,39,6,1,,86491
88070,23,,1,,86492
88071,55,,1,,86493
88072,23,,1,,86494
88073,39,1,1,,86495
88074,36,,1,,86496
88075,36,,1,,86497
88076,36,,2,,86498
88077,60,,1,,86499
88078,39,1,1,,86500
88079,36,,2,,86501
88080,36,,2,,86502
88081,23,7,1,,86503
88082,39,1,2,,86504
88083,39,1,1,,86505
88084,39,3,1,,86506
88085,69,,1,,86507
88086,69,,1,,86508
88087,39,3,1,,86509
88088,39,1,1,,86510
88089,23,7,1,,86510
88090,39,3,2,,86511
88091,39,1,1,,86512
88092,60,,1,,86513
88093,60,,1,,86514
88094,43,,1,,86515
88095,39,1,1,,86516
88096,23,7,1,,86517
88097,39,3,1,,86518
88098,39,4,1,,86519
88099,39,3,1,,86520
88100,39,3,1,,86521
88101,39,1,1,,86522
88102,39,3,1,,86523
88103,39,3,1,,86524
88104,39,1,1,,86525
88105,39,1,1,,86526
88106,39,3,1,,86527
88107,60,,1,,86528
88108,60,,1,,86529
88109,39,1,1,,86530
88110,22,,1,,86531
88111,39,1,1,,86532
88112,60,,1,,86533
88113,36,,1,,86534
88114,39,1,2,,86535
88115,60,,1,,86536
88116,60,,1,,86537
88117,39,3,2,,86538
88118,39,1,1,,86539
88119,39,1,1,,86540
88120,23,7,1,,86540
88121,39,1,1,,86541
88122,23,7,1,,86542
88123,39,1,1,,86543
88124,39,1,2,,86544
88125,39,1,1,,86545
88126,39,1,1,,86546
88127,39,1,2,,86547
88128,60,,1,,86548
88129,39,1,1,,86549
88130,39,1,2,,86550
88131,39,1,1,,86551
88132,23,7,1,,86551
88133,39,1,1,,86552
88134,39,3,1,,86553
88135,60,,1,,86554
88136,60,,1,,86555
88137,60,,1,,86556
88138,60,,1,,86557
88139,60,,1,,86558
88140,39,1,1,,86559
88141,39,3,2,,86560
88142,39,1,1,,86561
88143,39,3,1,,86562
88144,39,3,1,,86563
88145,39,1,1,,86564
88146,39,1,1,,86565
88147,60,,1,,86566
88148,39,1,2,,86567
88149,39,3,1,,86568
88150,36,,1,,86569
88151,36,,1,,86570
88152,36,,1,,86571
88153,50,,1,,86572
88154,80,,1,,86573
88155,60,,1,,86574
88156,60,,1,,86575
88157,60,,1,,86576
88158,60,,1,,86577
88159,60,,1,,86578
88160,60,,1,,86579
88161,60,,1,,86580
88162,60,,1,,86581
88163,60,,1,,86582
88164,60,,1,,86583
88165,60,,1,,86584
88166,60,,1,,86585
88167,60,,1,,86586
88168,60,,1,,86587
88169,60,,1,,86588
88170,60,,1,,86589
88171,60,,1,,86590
88172,60,,1,,86591
88173,60,,1,,86592
88174,60,,1,,86593
88175,60,,1,,86594
88176,60,,1,,86595
88177,60,,1,,86596
88178,60,,1,,86597
88179,60,,1,,86598
88180,60,,1,,86599
88181,60,,1,,86600
88182,60,,1,,86601
88183,60,,1,,86602
88184,60,,1,,86603
88185,60,,1,,86604
88186,60,,1,,86605
88187,60,,1,,86606
88188,60,,1,,86607
88189,60,,1,,86608
88190,60,,1,,86609
88191,60,,1,,86610
88192,60,,1,,86611
88193,60,,1,,86612
88194,39,1,1,,86893
88195,39,1,2,,86894
88196,60,,1,,86895
88197,55,,1,,86896
88198,63,,1,,86897
88199,63,,1,,86898
88200,60,,1,,86899
88201,60,,1,,86900
88202,60,,1,,86901
88203,63,,1,,86902
88204,63,,1,,86903
88205,63,,1,,86904
88206,63,,1,,86905
88207,63,,1,,86906
88208,63,,1,,86907
88209,63,,1,,86908
88210,63,,1,,86909
88211,63,,1,,86910
88212,63,,1,,86911
88213,63,,1,,86912
88214,36,,1,,86913
88215,36,,1,,86914
88216,23,5,1,,86915
88217,80,,1,,86916
88218,60,,1,,86917
88219,39,1,1,,86918
88221,23,7,1,,86918
88222,39,1,1,,86919
88223,39,3,2,,86920
88224,60,,1,,86921
88225,23,7,2,,86922
88226,39,1,1,,86923
88227,39,1,2,,86924
88228,23,7,1,,86924
88229,39,1,1,,86925
88230,39,1,1,,86926
88231,39,1,1,,86927
88232,39,3,1,,86928
88233,39,3,2,,86929
88234,39,1,1,,86930
88235,23,7,1,,86930
88236,39,1,1,,86931
88237,60,,1,,86932
88238,36,,1,,86933
88239,39,1,1,,86934
88240,39,1,1,,86935
88241,23,7,1,,86935
88242,39,1,1,,86936
88243,39,1,1,,86937
88244,39,1,1,,86938
88245,39,1,1,,86939
88246,39,3,1,,86940
88247,60,,1,,86941
88248,36,,1,,86942
88249,55,,1,,86943
88250,60,,1,,86944
88251,60,,1,,86945
88252,63,,1,,86946
88253,63,,1,,86947
88254,63,,1,,86948
88255,63,,1,,86949
88256,63,,1,,86950
88257,60,,1,,86951
88258,60,,1,,86952
88259,60,,1,,86953
88260,60,,1,,86954
88261,11,,1,,86955
88262,60,,1,,86956
88263,63,,1,,86957
88264,60,,1,,86958
88265,60,,1,,86959
88266,60,,1,,86960
88267,39,6,1,,86961
88268,39,6,1,,86962
88269,39,6,1,,86963
88270,39,6,1,,86964
88271,39,1,1,,86965
88272,69,,1,,86966
88273,69,,1,,86967
88274,39,1,1,,86968
88275,39,1,1,,86969
88276,39,3,1,,86970
88277,39,1,1,,86971
88278,39,1,2,,86972
88279,39,3,1,,86973
88280,69,,1,,86974
88281,39,3,1,,86975
88282,69,,1,,86976
88283,23,5,1,,86977
88284,39,1,2,,86978
88285,39,1,2,,86979
88286,39,,1,,86980
88287,39,1,1,,86981
88288,39,1,1,,86982
88289,23,7,1,,86982
88290,39,1,2,,86983
88291,39,1,1,,86984
88815,60,,1,,87477
88816,60,,1,,87478
88817,60,,1,,87479
88818,60,,1,,87480
88819,60,,1,,87481
88820,60,,1,,87482
88821,60,,1,,87483
88822,60,,1,,87484
88823,60,,1,,87485
88824,60,,1,,87486
88825,60,,1,,87487
88826,60,,1,,87488
88827,60,,1,,87489
88828,60,,1,,87490
88829,60,,1,,87491
88830,60,,1,,87492
88831,60,,1,,87493
88832,60,,1,,87494
88833,60,,1,,87495
88834,60,,1,,87496
88835,60,,1,,87497
88836,60,,1,,87498
88837,60,,1,,87499
88838,60,,1,,87500
88839,60,,1,,87501
88840,60,,1,,87502
88841,60,,1,,87503
88842,60,,1,,87504
88843,60,,1,,87505
88844,60,,1,,87506
88845,60,,1,,87507
88846,60,,1,,87508
88847,60,,1,,87509
88848,60,,1,,87510
88849,11,,1,,87511
88850,60,,1,,87512
88851,11,,1,,87513
88852,60,,1,,87514
88853,60,,1,,87515
88854,11,,1,,87516
88855,60,,1,,87517
88856,11,,1,,87518
88857,60,,1,,87519
88858,60,,1,,87520
88859,60,,1,,87521
88860,60,,1,,87522
88861,60,,1,,87523
88862,60,,1,,87524
88863,60,,1,,87525
88864,60,,1,,87526
88865,60,,1,,87527
88866,60,,1,,87528
88867,60,,1,,87529
88868,60,,1,,87530
88869,60,,1,,87531
88870,60,,1,,87532
88871,60,,1,,87533
88872,60,,1,,87534
88873,60,,1,,87535
88874,60,,1,,87536
88875,60,,1,,87537
88876,60,,1,,87538
88877,60,,1,,87539
88878,60,,1,,87540
88879,60,,1,,87541
88880,60,,1,,87542
88881,60,,1,,87543
88882,60,,1,,87544
88883,60,,1,,87545
88884,60,,1,,87546
88885,60,,1,,87547
88886,60,,1,,87548
88887,60,,1,,87549
88888,60,,1,,87550
88889,60,,1,,87551
88890,60,,1,,87552
88891,60,,1,,87553
88892,60,,1,,87554
88893,60,,1,,87555
88894,60,,1,,87556
88895,60,,1,,87557
88896,60,,1,,87558
88897,60,,1,,87559
88898,60,,1,,87560
88899,60,,1,,87561
88900,60,,1,,87562
88901,60,,1,,87563
88902,60,,1,,87564
88903,60,,1,,87565
88904,60,,1,,87566
88905,60,,1,,87567
88906,60,,1,,87568
88907,60,,1,,87569
88908,60,,1,,87570
88909,60,,1,,87571
88910,60,,1,,87572
88911,60,,1,,87573
88912,60,,1,,87574
88913,60,,1,,87575
88914,60,,1,,87576
88915,60,,1,,87577
88916,60,,1,,87578
88917,60,,1,,87579
88918,60,,1,,87580
88919,60,,1,,87581
88920,60,,1,,87582
88921,60,,1,,87583
88922,60,,1,,87584
88923,60,,1,,87585
88924,60,,1,,87586
88925,60,,1,,87587
88926,60,,1,,87588
88927,60,,1,,87589
88928,60,,1,,87590
88929,60,,1,,87591
88930,60,,1,,87592
88931,60,,1,,87593
88932,60,,1,,87594
88933,60,,1,,87595
88934,60,,1,,87596
88935,60,,1,,87597
88936,60,,1,,87598
88937,60,,1,,87599
88938,60,,1,,87600
88939,60,,1,,87601
88940,60,,1,,87602
88941,60,,1,,87603
88942,60,,1,,87604
88943,60,,1,,87605
88944,60,,1,,87606
88945,60,,1,,87607
88946,60,,1,,87608
88947,60,,1,,87609
88948,60,,1,,87610
88949,60,,1,,87611
88950,60,,1,,87612
88951,60,,1,,87613
88952,60,,1,,87614
88953,60,,1,,87615
88954,60,,1,,87616
88955,60,,1,,87617
88956,60,,1,,87618
88957,60,,1,,87619
88958,60,,1,,87620
88959,60,,1,,87621
88960,60,,1,,87622
88961,60,,1,,87623
88962,60,,1,,87624
88963,60,,1,,87625
88964,60,,1,,87626
88965,60,,1,,87627
88966,60,,1,,87628
88967,60,,1,,87629
88968,60,,1,,87630
88969,60,,1,,87631
88970,60,,1,,87632
88971,60,,1,,87633
88972,60,,1,,87634
88973,60,,1,,87635
88974,60,,1,,87636
88975,60,,1,,87637
88976,60,,1,,87638
88977,60,,1,,87639
88978,60,,1,,87640
88979,60,,1,,87641
88980,60,,1,,87642
88981,60,,1,,87643
88982,60,,1,,87644
88983,60,,1,,87645
88984,60,,1,,87646
88985,60,,1,,87647
88986,60,,1,,87648
88987,60,,1,,87649
88988,60,,1,,87650
88989,60,,1,,87651
88990,60,,1,,87652
88991,60,,1,,87653
88992,60,,1,,87654
88993,60,,1,,87655
88994,60,,1,,87656
88995,60,,1,,87657
88996,60,,1,,87658
88997,60,,1,,87659
88998,60,,1,,87660
88999,60,,1,,87661
89000,60,,1,,87662
89001,60,,1,,87663
89002,60,,1,,87664
89003,60,,1,,87665
89004,60,,1,,87666
89005,60,,1,,87667
89006,60,,1,,87668
89007,60,,1,,87669
89008,60,,1,,87670
89009,60,,1,,87671
89010,60,,1,,87672
89011,60,,1,,87673
89012,60,,1,,87674
89013,60,,1,,87675
89014,60,,1,,87676
89015,60,,1,,87677
89016,60,,1,,87678
89017,60,,1,,87679
89018,60,,1,,87680
89019,60,,1,,87681
89020,60,,1,,87682
89021,60,,1,,87683
89022,60,,1,,87684
89023,60,,1,,87685
89024,60,,1,,87686
89025,60,,1,,87687
89026,60,,1,,87688
89027,60,,1,,87689
89028,60,,1,,87690
89029,60,,1,,87691
89030,60,,1,,87692
89031,60,,1,,87693
89032,60,,1,,87694
89033,60,,1,,87695
89034,60,,1,,87696
89035,60,,1,,87697
89036,60,,1,,87698
89037,60,,1,,87699
89038,60,,1,,87700
89039,60,,1,,87701
89040,60,,1,,87702
89041,60,,1,,87703
89042,60,,1,,87704
89043,60,,1,,87705
89044,60,,1,,87706
89045,60,,1,,87707
89046,60,,1,,87708
89047,60,,1,,87709
89048,60,,1,,87710
89049,60,,1,,87711
89050,60,,1,,87712
89051,60,,1,,87713
89052,60,,1,,87714
89053,60,,1,,87715
89054,60,,1,,87716
89055,60,,1,,87717
89056,60,,1,,87718
89057,60,,1,,87719
89058,60,,1,,87720
89059,60,,1,,87721
89060,60,,1,,87722
89061,60,,1,,87723
89062,60,,1,,87724
89063,60,,1,,87725
89064,60,,1,,87726
89065,60,,1,,87727
89066,60,,1,,87728
89067,60,,1,,87729
89068,60,,1,,87730
89069,60,,1,,87731
89070,60,,1,,87732
89071,60,,1,,87733
89072,60,,1,,87734
89073,60,,1,,87735
89074,60,,1,,87736
89075,60,,1,,87737
89076,60,,1,,87738
89077,60,,1,,87739
89078,60,,1,,87740
89079,60,,1,,87741
89080,60,,1,,87742
89081,60,,1,,87743
89082,60,,1,,87744
89083,60,,1,,87745
89084,60,,1,,87746
89085,60,,1,,87747
89086,60,,1,,87748
89087,60,,1,,87749
89088,60,,1,,87750
89089,60,,1,,87751
89090,60,,1,,87752
89091,60,,1,,87753
89092,60,,1,,87754
89093,60,,1,,87755
89094,60,,1,,87756
89095,60,,1,,87757
89096,60,,1,,87758
89097,60,,1,,87759
89098,60,,1,,87760
89099,60,,1,,87761
89100,60,,1,,87762
89101,22,,1,,87763
89102,39,1,1,,87764
89103,23,7,1,,87764
89104,39,3,1,,87765
89105,39,1,1,,87766
89106,39,1,2,,87767
89107,60,,1,,87768
89108,60,,1,,87769
89109,60,,1,,87770
89110,60,,1,,87771
89111,60,,1,,87772
89112,60,,1,,87773
89113,60,,1,,87774
89114,60,,1,,87775
89115,60,,1,,87776
89116,60,,1,,87777
89117,60,,1,,87778
89118,60,,1,,87779
89119,60,,1,,87780
89120,60,,1,,87781
89121,60,,1,,87782
89122,60,,1,,87783
89123,60,,1,,87784
89124,60,,1,,87785
89125,60,,1,,87786
89126,60,,1,,87787
89127,60,,1,,87788
89128,60,,1,,87789
89129,60,,1,,87790
89130,60,,1,,87791
89131,60,,1,,87792
89132,60,,1,,87793
89133,60,,1,,87794
89134,60,,1,,87795
89135,60,,1,,87796
89136,60,,1,,87797
89137,60,,1,,87798
89138,60,,1,,87799
89139,60,,1,,87800
89140,60,,1,,87801
89141,60,,1,,87802
89142,60,,1,,87803
89143,60,,1,,87804
89144,60,,1,,87805
89145,60,,1,,87806
89146,60,,1,,87807
89147,60,,1,,87808
89148,60,,1,,87809
89149,60,,1,,87810
89150,60,,1,,87811
89151,60,,1,,87812
89152,60,,1,,87813
89153,60,,1,,87814
89154,60,,1,,87815
89155,60,,1,,87816
89156,60,,1,,87817
89157,60,,1,,87818
89158,60,,1,,87819
89159,60,,1,,87820
89160,60,,1,,87821
89161,60,,1,,87822
89162,60,,1,,87823
89163,60,,1,,87824
89164,60,,1,,87825
89165,60,,1,,87826
89166,60,,1,,87827
89167,60,,1,,87828
89168,60,,1,,87829
89169,60,,1,,87830
89170,60,,1,,87831
89171,60,,1,,87832
89172,60,,1,,87833
89173,60,,1,,87834
89174,60,,1,,87835
89175,60,,1,,87836
89176,60,,1,,87837
89177,60,,1,,87838
89178,39,1,1,,87839
89179,23,,1,,87840
89180,63,,1,,87841
89181,63,,1,,87842
89182,63,,1,,87843
89183,60,,1,,87844
89184,60,,1,,87845
89185,60,,1,,87846
89186,60,,1,,87847
89187,60,,1,,87848
89188,60,,1,,87849
89189,60,,1,,87850
89190,60,,1,,87851
89191,60,,1,,87852
89192,60,,1,,87853
89193,60,,1,,87854
89194,60,,1,,87855
89195,60,,1,,87856
89196,60,,1,,87857
89197,60,,1,,87858
89198,60,,1,,87859
89199,60,,1,,87860
89200,60,,1,,87861
89201,60,,1,,87862
89202,60,,1,,87863
89203,60,,1,,87864
89204,60,,1,,87865
89205,60,,1,,87866
89206,60,,1,,87867
89207,60,,1,,87868
89208,60,,1,,87869
89209,60,,1,,87870
89210,60,,1,,87871
89211,60,,1,,87872
89212,60,,1,,87873
89213,60,,1,,87874
89214,60,,1,,87875
89215,60,,1,,87876
89216,60,,1,,87877
89217,60,,1,,87878
89218,60,,1,,87879
89219,60,,1,,87880
89220,60,,1,,87881
89221,39,1,1,,87882
89222,23,7,2,,87882
89223,23,7,1,,87883
89224,39,3,2,,87884
89225,60,,1,,87885
89226,60,,1,,87886
89227,60,,1,,87887
89228,60,,1,,87888
89229,60,,1,,87889
89230,60,,1,,87890
89231,60,,1,,87891
89232,60,,1,,87892
89233,60,,1,,87893
89234,60,,1,,87894
89235,60,,1,,87895
89236,60,,1,,87896
89237,60,,1,,87897
89238,60,,1,,87898
89239,60,,1,,87899
89240,60,,1,,87900
89241,60,,1,,87901
89242,60,,1,,87902
89243,60,,1,,87903
89244,60,,1,,87904
89245,60,,1,,87905
89246,60,,1,,87906
89247,60,,1,,87907
89248,60,,1,,87908
89249,60,,1,,87909
89250,60,,1,,87910
89251,69,,1,,87266
89252,39,6,1,,87911
89253,39,6,2,,87912
89254,39,6,1,,87913
89255,39,6,1,,87914
89256,36,,1,,87915
89257,36,,1,,87916
89258,23,5,1,,87917
89259,69,,1,,87918
89260,69,,1,,87919
89261,39,1,1,,87920
89262,39,3,1,,87921
89263,39,1,1,,87922
89264,39,1,1,,87923
89265,39,3,1,,87924
89266,36,,1,,87925
89267,39,1,1,,87926
89268,39,1,1,,87927
89269,39,1,1,,87928
89270,69,1,1,,87929
89271,69,,1,,87930
89272,39,3,1,,87931
89273,39,1,1,,87932
89274,39,1,1,,87933
89276,23,7,1,,87933
89277,39,1,1,,87934
89278,39,1,1,,87935
89279,23,7,1,,87935
89280,39,1,1,,87936
89281,39,1,1,,87937
89282,39,1,1,,87938
89283,39,1,2,,87939
89284,39,4,2,,87940
89285,39,4,2,,87941
89286,39,4,1,,87942
89287,39,4,1,,87943
89288,39,1,3,,87944
89289,39,1,1,,87945
89290,39,3,1,,87946
89291,39,3,1,,87947
89292,39,3,1,,87948
89293,39,1,2,,87949
89294,39,1,1,,87950
89295,39,1,1,,87951
89296,39,1,1,,87952
89297,39,1,2,,87953
89298,39,1,2,,87954
89299,39,1,1,,87955
89300,60,1,1,,87956
89301,22,,1,,87957
89302,39,1,1,,87958
89303,39,1,1,,87959
89304,39,1,1,,87960
89305,39,1,1,,87961
89306,39,1,1,,87962
89307,39,3,1,,87963
89308,36,,1,,87964
89309,39,1,1,,87965
89310,36,,1,,87966
89311,39,1,1,,87967
89312,39,3,1,,87968
89313,39,1,2,,87969
89314,39,3,1,,87970
89315,39,1,4,,87971
89316,39,1,1,,87972
89317,39,1,1,,87973
89318,39,1,1,,87974
89319,39,1,1,,87975
89320,39,3,1,,87976
89321,39,3,2,,87977
89322,39,3,2,,87978
89323,39,3,1,,87979
89324,39,1,1,,87980
89325,39,1,1,,87981
89326,36,,1,,87982
89327,39,1,1,,87983
89328,39,1,1,,87984
89329,39,1,1,,87985
89330,39,1,1,,87986
89331,39,1,1,,87987
89332,39,1,1,,87988
89333,39,1,2,,87989
89334,39,1,2,,87990
89335,39,1,1,,87991
89336,39,1,1,,87992
89337,69,1,1,,87993
89338,39,1,1,,87994
89339,69,,1,,87995
89604,39,1,1,,88246
89605,39,1,1,,88247
89606,55,1,1,,88249
89607,60,,1,,88248
89608,39,1,1,,88250
89609,23,7,1,,88250
89610,39,1,2,,88251
89611,23,7,1,,88251
89612,39,1,2,,88252
89613,39,1,2,,88253
89614,39,1,1,,88254
89615,39,1,2,,88255
89616,39,1,2,,88256
89617,39,1,1,,88257
89618,39,1,1,,88258
89619,23,5,1,,88259
89620,39,1,1,,88260
89621,39,1,1,,88261
89622,39,1,1,,88262
89623,39,3,1,,88263
89624,39,1,2,,88264
89625,39,1,1,,88265
89626,23,7,1,,88265
89627,39,1,2,,88266
89628,39,3,1,,88267
89629,60,,1,,88268
89630,39,1,1,,88269
89631,39,1,2,,88270
89632,39,1,2,,88271
89633,39,3,1,,88272
89634,39,1,2,,88273
89635,39,1,1,,88274
89636,39,1,1,,88275
89637,39,1,1,,88276
89638,39,1,1,,88277
89639,39,1,1,,88278
89640,39,1,1,,88279
89641,39,1,1,,88280
89642,39,1,1,,88281
89643,39,1,2,,88282
89644,39,1,1,,88283
89645,39,1,1,,88284
89646,39,3,1,,88285
89647,39,1,1,,88286
89648,23,7,1,,88286
89649,39,1,1,,88287
89650,39,1,1,,88288
89651,39,1,1,,88289
89652,39,1,1,,88290
89653,39,1,1,,88291
89654,39,1,1,,88292
89655,39,1,1,,88293
89656,39,1,2,,88294
89657,39,3,1,,88295
89658,39,1,1,,88296
89659,39,1,1,,88297
89660,39,1,1,,88298
89661,39,1,1,,88299
89662,39,1,1,,88300
89663,39,1,1,,88301
89664,39,3,1,,88302
89665,39,1,1,,88303
89666,39,1,1,,88304
89667,39,4,1,,88305
89668,39,3,1,,88306
89669,39,3,2,,88307
89670,39,3,1,,88308
89671,39,1,1,,88309
89672,39,1,2,,88310
89673,36,40,1,,88311
89674,36,,2,,88312
89675,36,,1,,88313
89676,39,1,1,,88314
89677,39,1,1,,88315
89678,39,1,1,,88316
89679,39,1,1,,88317
89680,39,1,1,,88318
89681,39,1,1,,88319
89682,39,1,1,,88320
89683,39,1,1,,88321
89684,60,1,1,,88322
89685,39,1,1,,88323
89686,39,1,1,,88324
89687,69,,1,,88325
89688,39,48,1,,88326
89689,39,48,1,,88327
89690,39,48,1,,88328
89691,39,48,1,,88329
89692,39,48,1,,88330
89693,39,48,1,,88331
89694,39,48,1,,88332
89695,69,,1,,88333
89696,39,1,1,,88334
89697,22,,1,,88335
89698,39,1,1,,88336
89699,39,1,1,,88337
89700,39,1,1,,88338
89701,23,7,1,,88338
89702,39,1,1,,88339
89703,39,3,1,,88340
89704,39,1,2,,88341
89705,23,7,1,,88341
89706,23,5,1,,88342
89707,39,1,1,,88343
89708,39,1,1,,88344
89709,39,3,1,,88345
89710,39,1,4,,88346
89711,39,1,1,,88347
89712,39,1,1,,88348
89713,39,1,1,,88349
89714,39,1,1,,88350
89715,39,1,1,,88351
89716,39,1,1,,88352
89717,39,1,2,,88353
89718,39,1,1,,88354
89719,39,1,2,,88355
89720,39,3,1,,88356
89721,39,3,1,,88357
89722,39,1,1,,88358
89723,59,,1,,88359
89724,39,1,1,,88360
89725,39,1,1,,88361
89726,39,1,1,,88362
89727,39,1,2,,88363
89728,39,1,1,,88364
89729,39,1,1,,88365
89730,36,1,1,,88366
89731,39,1,1,,88367
89732,39,1,1,,88368
89733,39,1,1,,88369
89734,39,3,2,,88370
89735,39,1,2,,88371
89736,39,1,1,,88372
89737,39,1,1,,88373
89738,39,1,1,,88374
89739,39,1,1,,88375
89740,39,1,1,,88376
89741,39,1,1,,88377
89742,39,1,1,,88378
89743,39,1,1,,88379
89744,39,3,1,,88380
89745,39,1,1,,88381
89746,39,1,1,,88382
89747,39,1,1,,88383
89748,39,1,1,,88384
89749,39,1,1,,88385
89750,39,1,1,,88386
89751,39,1,1,,88387
89752,39,1,1,,88388
89753,39,3,1,,88389
89754,39,3,1,,88390
89755,39,1,1,,88391
89756,39,1,1,,88392
89757,39,1,1,,88393
89758,39,1,1,,88394
89759,39,1,1,,88395
89760,23,7,1,,88395
89761,23,7,1,,88396
89762,39,1,1,,88397
89763,39,1,1,,88398
89764,39,1,1,,88399
89765,39,4,1,,88400
89766,39,3,1,,88401
89767,23,5,1,,88402
89768,60,,1,,88403
89769,55,,1,,88404
89770,39,1,1,,88405
89771,39,1,1,,88406
89772,39,1,1,,88407
89773,23,7,1,,88407
89774,23,5,1,,88408
89775,39,1,1,,88409
89776,39,1,1,,88410
89777,39,1,1,,88411
89778,39,1,1,,88412
89779,39,1,1,,88413
89780,39,1,1,,88414
89781,39,1,1,,88415
89782,39,1,1,,88416
89783,39,1,1,,88417
89784,39,1,1,,88418
89785,39,1,1,,88419
89786,39,1,1,,88420
89787,39,1,1,,88421
89788,39,1,1,,88422
89789,39,1,1,,88423
89790,39,1,2,,88424
89791,39,1,2,,88425
89792,39,1,1,,88426
89793,39,1,1,,88427
89794,39,1,1,,88428
89795,39,1,1,,88429
89796,39,1,1,,88430
89797,39,1,1,,88431
89798,39,1,1,,88432
89799,39,1,1,,88433
89800,39,1,1,,88434
89801,39,1,1,,88435
89802,39,1,1,,88436
89803,39,1,1,,88437
89804,39,1,1,,88438
89805,39,1,1,,88439
89806,39,1,1,,88440
89807,39,1,1,,88441
89808,39,1,2,,88442
89809,39,1,2,,88443
89810,39,1,1,,88444
89811,39,1,3,,88445
89812,39,1,1,,88446
89813,60,,1,,88447
89814,39,1,1,,88448
89815,39,1,1,,88449
89816,39,1,1,,88450
89817,39,1,1,,88451
89818,39,1,1,,88452
89819,39,1,1,,88453
89820,39,1,1,,88454
89821,39,1,1,,88455
89822,39,1,1,,88456
89823,39,1,1,,88457
89824,39,1,2,,88458
89825,39,1,1,,88459
89826,39,1,1,,88460
89827,39,1,1,,88461
89828,39,1,3,,88462
89829,39,1,1,,88463
89830,39,1,1,,88464
89831,39,1,1,,88465
89832,39,1,2,,88466
89833,39,1,1,,88467
89834,39,1,2,,88468
89835,39,1,1,,88469
89836,39,1,1,,88470
89837,39,1,1,,88471
89838,39,1,3,,88472
89839,39,1,3,,88473
89840,39,1,1,,88474
89841,39,1,1,,88475
89842,39,1,1,,88476
89843,39,1,1,,88477
89844,39,1,1,,88478
89845,39,1,2,,88479
89846,39,1,1,,88480
89847,39,1,2,,88481
89848,60,,1,,88482
89849,39,1,1,,88483
89850,39,1,1,,88484
89851,39,1,2,,88485
89852,39,1,1,,88486
89853,39,1,2,,88487
89854,60,,1,,88488
89855,39,1,1,,88489
89856,39,1,1,,88490
89857,39,1,1,,88491
89858,39,1,2,,88492
89859,39,1,1,,88493
89860,39,1,1,,88494
89861,39,1,2,,88495
89862,39,1,1,,88496
89863,39,1,1,,88497
89864,39,1,1,,88498
89865,39,1,4,,88499
89866,39,,2,,88500
89867,39,1,1,,88501
89868,39,1,2,,88502
89869,39,1,1,,88503
89870,39,1,1,,88504
89871,39,1,1,,88505
89872,39,1,1,,88506
89873,60,1,1,,88507
89874,39,1,1,,88508
89875,39,1,2,,88509
89876,39,1,1,,88510
89877,39,1,2,,88511
89878,39,1,1,,88512
89879,39,1,1,,88513
89880,39,1,2,,88514
89881,39,1,1,,88515
89882,39,1,1,,88516
89883,39,1,1,,88517
89884,39,1,1,,88518
89885,60,1,1,,88519
89886,39,1,2,,88520
89887,39,1,1,,88521
89888,39,1,2,,88522
89889,39,1,1,,88523
89890,39,1,1,,88524
89891,39,1,1,,88525
89892,39,1,1,,88526
89893,39,1,1,,88527
89894,39,1,1,,88528
89895,39,1,1,,88529
89896,39,1,1,,88531
89897,39,1,1,,88532
89898,39,1,2,,88533
89899,23,7,2,,88533
89900,39,1,1,,88534
89901,39,1,1,,88535
89902,39,4,2,,88536
89903,39,4,1,,88537
89904,39,1,2,,88538
89905,39,1,1,,88539
89907,23,5,1,,88539
89908,39,1,1,,88540
89909,39,1,1,,88541
89910,39,1,1,,88542
89911,39,1,1,,88543
89912,39,3,1,,88544
89913,39,1,1,,88545
89914,39,1,1,,88546
89915,39,4,2,,88547
89916,39,4,2,,88548
89917,39,3,1,,88549
89918,60,,1,,88550
89919,60,,1,,88551
89920,60,,1,,88552
89921,60,,1,,88553
89922,60,,1,,88554
89923,60,,1,,88555
89924,60,,1,,88556
89925,36,,1,,88557
89926,36,,1,,88558
89927,39,1,1,,88559
89928,23,7,1,,88559
89929,39,1,1,,88560
89930,23,7,1,,88560
89931,39,1,1,,88561
89932,39,1,1,,88562
89933,39,1,1,,88563
89934,39,1,2,,88564
89935,39,1,1,,88565
89936,39,1,2,,88566
89937,39,4,2,,88567
89938,39,4,2,,88568
89939,39,1,1,,88569
89940,39,3,1,,88570
89941,39,3,1,,88571
89942,60,,1,,88572
89943,39,1,1,,88573
89944,60,,1,,88574
89945,39,1,1,,88575
89946,39,1,1,,88576
89947,39,1,1,,88577
89948,39,1,1,,88578
89949,39,1,1,,88579
89950,39,1,2,,88580
89951,36,,1,,88581
89952,39,3,1,,88582
89953,39,3,1,,88583
89954,60,,1,,88584
89955,60,,1,,88585
89956,60,,1,,88586
89957,39,1,1,,88587
89958,39,1,2,,88588
89959,39,1,2,,88589
89960,39,1,2,,88590
89961,60,1,1,,88591
89962,60,,1,,88592
89963,60,,1,,88593
89964,60,,1,,88594
89965,60,,1,,88595
89966,60,,1,,88596
89967,60,,1,,88597
89968,60,,1,,88598
89969,60,,1,,88599
89970,60,,1,,88600
89971,60,,1,,88601
89972,60,,1,,88602
89973,60,,1,,88603
89974,60,,1,,88604
89975,60,,1,,88605
89976,60,,1,,88606
89977,60,,1,,88607
89978,60,,1,,88608
89979,60,,1,,88609
89980,60,,1,,88610
89981,60,,1,,88611
89982,60,,1,,88612
89983,60,,1,,88613
89984,39,1,1,,88614
89985,23,7,1,,88615
89986,23,7,1,,88614
89987,39,1,1,,88616
89988,39,3,1,,88617
89989,39,3,1,,88618
89990,60,,1,,88619
89991,60,,1,,88620
89992,60,,1,,88621
89993,36,,1,,88622
89994,39,1,1,,88623
89995,39,1,1,,88624
89996,39,1,1,,88625
89997,39,3,1,,88626
89998,39,1,1,,88627
89999,39,3,1,,88628
90000,39,3,1,,88629
90001,39,1,1,,88630
90002,39,1,2,,88631
90003,39,4,1,,88632
90004,39,1,1,,88633
90005,60,,1,,88634
90006,60,,1,,88635
90007,60,,1,,88636
90008,60,,1,,88637
90009,60,,1,,88638
90010,60,,1,,88639
90011,60,,1,,88640
90012,60,,1,,88641
90013,60,,1,,88642
90014,60,,1,,88643
90015,60,,1,,88644
90016,60,,1,,88645
90017,60,,1,,88646
90018,60,,1,,88647
90019,60,,1,,88648
90020,60,,1,,88649
90021,60,,1,,88650
90022,60,,1,,88651
90023,44,,1,,88652
90024,39,1,1,,88653
90025,39,1,1,,88654
90026,39,1,1,,88655
90027,39,3,1,,88656
90028,39,3,1,,88657
90029,39,3,1,,88658
90030,55,,1,,88659
90031,39,1,1,,88660
90032,39,3,1,,88661
90033,39,3,1,,88662
90034,60,,1,,88663
90035,60,,1,,88664
90036,60,,1,,88665
90037,60,,1,,88666
90038,60,,1,,88667
90039,60,,1,,88668
90040,60,,1,,88669
90041,60,,1,,88670
90042,60,,1,,88671
90043,22,,1,,88672
90044,60,,1,,88673
90045,39,1,1,,88674
90046,39,1,2,,88675
90047,39,1,2,,88676
90048,39,1,1,,88677
90049,39,1,1,,88678
90050,23,5,1,,88679
90051,23,7,1,,88680
90052,23,7,1,,88681
90053,23,7,2,,88682
90054,23,7,2,,88683
90055,23,7,2,,88684
90056,39,6,1,,88685
90057,39,6,1,,88686
90058,39,6,1,,88687
90059,39,6,1,,88688
90060,39,6,1,,88689
90061,39,6,1,,88690
90062,39,6,2,,88691
90063,36,,1,,88692
90064,36,,1,,88693
90065,36,,1,,88694
90066,36,,1,,88695
90067,36,,1,,88696
90068,36,,1,,88697
90069,36,,2,,88698
90070,36,,1,,88699
90071,36,,1,,88700
90072,39,6,3,,88701
90073,39,6,1,,88702
90074,39,6,1,,88703
90075,39,6,1,,88704
90076,39,6,1,,88705
90077,39,6,1,,88706
90078,39,6,1,,88707
90079,39,6,1,,88708
90080,39,6,1,,88709
90081,39,6,1,,88710
90082,39,6,1,,88711
90083,39,6,1,,88712
90084,39,6,1,,88713
90085,39,6,1,,88714
90086,39,6,1,,88715
90087,39,6,1,,88716
90088,39,6,1,,88717
90089,39,6,1,,88718
90090,39,6,1,,88719
90091,22,,1,,88720
90092,36,,1,,88721
90093,36,,1,,88722
90094,39,6,1,,88723
90095,39,6,1,,88724
90096,39,6,1,,88725
90097,39,6,1,,88726
90098,36,,1,,88727
90099,36,,1,,88728
90100,36,,1,,88729
90101,36,,2,,88730
90102,36,,2,,88731
90103,36,,1,,88732
90104,36,,1,,88733
90105,36,,1,,88734
90106,39,6,1,,88735
90107,36,,1,,88767
90108,36,,1,,88768
90109,36,,1,,88769
90110,36,,1,,88770
90111,36,,2,,88771
90112,36,,3,,88772
90113,36,,2,,88773
90114,36,,1,,88774
90115,36,,1,,88775
90116,36,,2,,88776
90117,36,,1,,88777
90118,36,,1,,88778
90119,36,,1,,88779
90120,36,,1,,88780
90121,36,,1,,88781
90122,39,6,1,,88782
90123,39,6,1,,88783
90124,39,6,1,,88784
90125,39,6,1,,88785
90126,39,6,1,,88786
90127,39,6,1,,88787
90128,39,6,1,,88736
90653,60,,1,,89281
90654,60,,1,,89282
90655,60,,1,,89283
90656,60,,1,,89284
90657,60,,1,,89285
90658,60,,1,,89286
90659,60,,1,,89287
90660,60,,1,,89288
90661,60,,1,,89289
90662,60,,1,,89290
90663,60,,1,,89291
90664,60,,1,,89292
90665,60,,1,,89293
90666,60,,1,,89294
90667,60,,1,,89295
90668,60,,1,,89296
90669,60,,1,,89297
90670,60,,1,,89298
90671,60,,1,,89299
90672,60,,1,,89300
90673,60,,1,,89301
90674,60,,1,,89302
90675,60,,1,,89303
90676,60,,1,,89304
90677,60,,1,,89305
90678,60,,1,,89306
90679,60,,1,,89307
90680,60,,1,,89308
90681,60,,1,,89309
90682,60,,1,,89310
90683,60,,1,,89311
90684,60,,1,,89312
90685,60,,1,,89313
90686,60,,1,,89314
90687,60,,1,,89315
90688,60,,1,,89316
90689,60,,1,,89317
90690,60,,1,,89318
90691,39,48,1,,89319
90692,60,48,1,,89320
90693,60,48,1,,89321
90694,60,,1,,89322
90695,60,,1,,89323
90696,60,,1,,89324
90697,60,,1,,89325
90698,39,3,1,,89326
90699,60,,1,,89327
90700,8,,1,,89328
90701,22,,1,,89329
90702,39,1,1,,89330
90703,23,7,1,,89331
90704,39,48,1,,89332
90705,39,1,1,,89333
90706,60,,1,,89334
90707,60,,1,,89335
90708,60,,1,,89336
90709,60,,1,,89337
90710,60,,1,,89338
90711,60,,1,,89339
90712,60,,1,,89340
90713,60,,1,,89341
90714,60,,1,,89342
90715,60,,1,,89343
90716,60,,1,,89344
90717,60,,1,,89345
90718,60,,1,,89346
90719,60,,1,,89347
90720,60,,1,,89348
90721,60,,1,,89349
90722,60,,1,,89350
90723,60,,1,,89351
90724,69,,1,,89352
90725,69,,1,,89353
90726,69,,1,,89354
90727,69,,1,,89355
90728,69,,1,,89356
90729,69,,1,,89357
90730,69,,1,,89358
90731,69,,1,,89359
90732,69,,1,,89360
90733,69,,1,,89361
90734,55,,1,,89362
90735,23,,1,,89363
90736,39,1,1,,89364
90737,39,1,1,,89365
90738,60,,1,,89366
90739,60,,1,,89367
90740,69,,1,,89368
90741,69,,1,,89369
90742,39,3,1,,89370
90743,69,,1,,89371
90744,39,3,1,,89372
90745,69,,1,,89373
90746,59,,1,,89374
90747,13,,1,,89375
90748,39,1,1,,89376
90749,23,5,1,,89376
90750,39,1,1,,89377
90751,39,1,1,,89378
90752,39,1,1,,89379
90753,39,1,1,,89380
90754,39,1,1,,89381
90755,69,,1,,89382
90756,39,3,1,,89383
90757,39,1,1,,89384
90758,69,,1,,89385
90759,60,,1,,89386
90760,60,,1,,89387
90761,60,,1,,89388
90762,60,,1,,89389
90763,60,,1,,89390
90764,60,,1,,89391
90765,60,,1,,89392
90766,60,,1,,89393
90767,60,,1,,89394
90768,60,,1,,89395
90769,39,1,1,,89396
90770,60,,1,,89397
90771,60,,1,,89398
90772,60,,1,,89399
90773,60,,1,,89400
90774,60,,1,,89401
90775,60,,1,,89402
90776,60,,1,,89403
90777,60,,1,,89404
90778,60,,1,,89405
90779,60,,1,,89406
90780,60,,1,,89407
90781,60,,1,,89408
90782,60,,1,,89409
90783,60,,1,,89410
90784,60,,1,,89411
90785,60,,1,,89412
90786,60,,1,,89413
90787,60,,1,,89414
90788,60,,1,,89415
90789,60,,1,,89416
90790,39,3,2,,89417
90791,60,,1,,89418
90792,60,,1,,89419
90793,60,,1,,89420
90794,60,,1,,89421
90795,60,,1,,89422
90796,60,,1,,89423
90797,60,,1,,89424
90798,60,,1,,89425
90799,60,,1,,89426
90800,60,,1,,89427
90801,60,,1,,89428
90802,39,3,1,,89429
90803,39,1,1,,89430
90804,39,1,1,,89431
90805,39,48,1,,89432
90806,69,,1,,89433
90807,60,,1,,89434
90808,60,,1,,89435
90809,60,,1,,88954
90810,60,,1,,89013
90811,69,,1,,89436
90812,55,,1,,89437
90813,60,,1,,89438
90814,39,6,1,,89439
90815,39,6,1,,89440
90816,39,6,1,,89441
90817,39,3,1,,89442
90818,39,6,1,,89443
90819,11,,1,,89444
90820,39,6,1,,89445
90821,60,,1,,89446
90822,60,,1,,89447
90823,69,,1,,89448
90824,39,1,2,,89449
90825,39,1,1,,89450
90826,39,1,1,,89451
90827,39,1,1,,89452
90828,39,1,1,,89453
90829,60,,1,,89454
90830,60,,1,,89455
90831,60,,1,,89456
90832,60,,1,,89457
90833,60,,1,,89458
90834,60,,1,,89459
90835,60,,1,,89460
90836,60,,1,,89461
90837,60,,1,,89462
90838,60,,1,,89463
90839,60,,1,,89464
90840,60,,1,,89465
90841,60,,1,,89466
90842,60,,1,,89467
90843,60,,1,,89468
90844,60,,1,,89469
90845,60,,1,,89470
90846,60,,1,,89471
90847,60,,1,,89472
90848,39,1,1,,89473
90849,60,,1,,89474
90850,60,,1,,89475
90851,39,3,2,,89476
90852,39,3,2,,89477
90853,39,3,1,,89478
90854,39,3,1,,89479
90855,39,3,1,,89480
90856,60,,1,,89481
90857,59,,1,,89482
90858,59,,1,,89483
90859,59,,1,,89484
90860,59,,1,,89485
90861,59,,2,,89486
90862,59,,1,,89487
90863,39,1,2,,89488
90864,39,1,2,,89489
90865,39,1,2,,89490
90866,39,1,1,,89491
90867,60,,1,,89492
90868,60,,1,,89493
90869,60,,1,,89494
90870,60,,1,,89495
90871,60,,1,,89496
90872,60,,1,,89497
90873,60,,1,,89498
90874,60,,1,,89499
90875,60,,1,,89500
90876,60,,1,,89501
90877,60,,1,,89502
90878,60,,1,,89503
90879,60,,1,,89504
90880,60,,1,,89505
90881,60,,1,,89506
90882,60,,1,,89507
90883,60,,1,,89508
90884,60,,1,,89509
90885,60,,1,,89510
90886,60,,1,,89511
90887,60,,1,,89512
90888,60,,1,,89513
90889,60,,1,,89514
90890,60,,1,,89515
90891,60,,1,,89516
90892,60,,1,,89517
90893,60,,1,,89518
90894,60,,1,,89519
90895,60,,1,,89520
90896,60,,1,,89521
90897,60,,1,,89522
90898,60,,1,,89523
90899,60,,1,,89524
90900,60,,1,,89525
90901,60,,1,,89526
90902,60,,1,,89527
90903,60,,1,,89528
90904,60,,1,,89529
90905,60,,1,,89530
90906,60,,1,,89531
90907,60,,1,,89532
90908,60,,1,,89533
90909,60,,1,,89534
90910,60,,1,,89535
90911,60,,1,,89536
90912,60,,1,,89537
90913,60,,1,,89538
90914,60,,1,,89539
90915,60,,1,,89540
90916,60,,1,,89541
90917,60,,1,,89542
90918,60,,1,,89543
90919,60,,1,,89544
90920,60,,1,,89545
90921,60,,1,,89546
90922,60,,1,,89547
90923,60,,1,,89548
90924,60,,1,,89549
90925,60,,1,,89550
90926,60,,1,,89551
90927,60,,1,,89552
90928,60,,1,,89553
90929,60,,1,,89554
90930,60,,1,,89555
90931,60,,1,,89556
90932,60,,1,,89557
90933,60,,1,,89558
90934,60,,1,,89559
90935,60,,1,,89560
90936,60,,1,,89561
90937,60,,1,,89562
90938,60,,1,,89563
90939,60,,1,,89564
90940,60,,1,,89565
90941,60,,1,,89566
90942,60,,1,,89567
90943,60,,1,,89568
90944,60,,1,,89569
90945,60,,1,,89570
90946,60,,1,,89571
90947,60,,1,,89572
90948,60,,1,,89573
90949,60,,1,,89574
90950,60,,1,,89575
90951,60,,1,,89576
90952,60,,1,,89577
90953,60,,1,,89578
90954,60,,1,,89579
90955,60,,1,,89580
90956,60,,1,,89581
90957,60,,1,,89582
90958,60,,1,,89583
90959,60,,1,,89584
90960,60,,1,,89585
90961,60,,1,,89586
90962,60,,1,,89587
90963,60,,1,,89588
90964,60,,1,,89589
90965,60,,1,,89590
90966,60,,1,,89591
90967,60,,1,,89592
90968,60,,1,,89593
90969,60,,1,,89594
90970,60,,1,,89595
90971,60,,1,,89596
90972,60,,1,,89597
90973,60,,1,,89598
90974,60,,1,,89599
90975,60,,1,,89600
90976,60,,1,,89601
90977,60,,1,,89602
90978,60,,1,,89603
90979,60,,1,,89604
90980,60,,1,,89605
90981,60,,1,,89606
90982,60,,1,,89607
90983,60,,1,,89608
90984,60,,1,,89609
90985,60,,1,,89610
90986,60,,1,,89611
90987,60,,1,,89612
90988,60,,1,,89613
90989,60,,1,,89614
90990,60,,1,,89615
90991,60,,1,,89616
90992,60,,1,,89617
90993,60,,1,,89618
90994,60,,1,,89619
90995,60,,1,,89620
90996,60,,1,,89621
90997,60,,1,,89622
90998,60,,1,,89623
90999,60,,1,,89624
91000,60,,1,,89625
91001,60,,1,,89626
91002,60,,1,,89627
91003,60,,1,,89628
91004,60,,1,,89629
91005,60,,1,,89630
91006,60,,1,,89631
91007,60,,1,,89632
91008,60,,1,,89633
91009,60,,1,,89634
91010,60,,1,,89635
91011,60,,1,,89636
91012,60,,1,,89637
91013,60,,1,,89638
91014,60,,1,,89639
91015,60,,1,,89640
91016,60,,1,,89641
91017,60,,1,,89642
91018,60,,1,,89643
91019,60,,1,,89644
91020,60,,1,,89651
91021,60,,1,,89652
91022,60,,1,,89653
91023,60,,1,,89654
91024,60,,1,,89655
91025,60,,1,,89656
91026,60,,1,,89657
91027,60,,1,,89658
91028,60,,1,,89659
91029,60,,1,,89660
91030,60,,1,,89661
91031,60,,1,,89662
91032,60,,1,,89663
91033,60,,1,,89664
91034,60,,1,,89665
91035,60,,1,,89666
91036,60,,1,,89667
91037,60,,1,,89668
91038,60,,1,,89669
91039,60,,1,,89670
91040,60,,1,,89671
91041,60,,1,,89672
91042,60,,1,,89673
91043,60,,1,,89674
91044,60,,1,,89675
91045,60,,1,,89676
91046,60,,1,,89677
91047,60,,1,,89678
91048,60,,1,,89679
91049,60,,1,,89680
91050,60,,1,,89681
91051,60,,1,,89682
91052,60,,1,,89683
91053,60,,1,,89684
91054,60,,1,,89685
91055,60,,1,,89686
91056,60,,1,,89687
91057,60,,1,,89688
91058,60,,1,,89689
91059,60,,1,,89690
91060,60,,1,,89691
91061,60,,1,,89692
91062,60,,1,,89693
91063,60,,1,,89694
91064,60,,1,,89695
91065,60,,1,,89696
91066,60,,1,,89697
91067,60,,1,,89698
91068,60,,1,,89699
91069,60,,1,,89700
91070,60,,1,,89701
91071,60,,1,,89702
91072,60,,1,,89703
91073,60,,1,,89704
91074,60,,1,,89705
91075,60,,1,,89706
91076,60,,1,,89707
91077,60,,1,,89708
91078,60,,1,,89709
91079,60,,1,,89710
91080,60,,1,,89711
91081,60,,1,,89712
91082,60,,1,,89713
91083,60,,1,,89714
91084,60,,1,,89715
91085,60,,1,,89716
91086,60,,1,,89717
91087,60,,1,,89718
91088,60,,1,,89719
91089,60,,1,,89720
91090,60,,1,,89721
91091,60,,1,,89722
91092,60,,1,,89723
91093,60,,1,,89724
91094,60,,1,,89725
91095,60,,1,,89726
91096,60,,1,,89727
91097,39,3,1,,89728
91098,39,3,1,,89729
91099,39,3,1,,89730
91100,39,3,1,,89731
91101,39,1,1,,89732
91102,39,1,1,,89733
91103,39,1,1,,89734
91104,39,3,1,,89735
91105,39,3,2,,89736
91106,39,1,1,,89737
91107,39,1,1,,89738
91108,60,,1,,89739
91109,60,,1,,89740
91110,60,,1,,89741
91111,60,,1,,89742
91112,39,3,1,,89743
91113,39,3,1,,89744
91114,39,3,1,,89745
91115,60,,1,,89746
91116,60,,1,,89747
91117,60,,1,,89748
91118,60,,1,,89749
91119,60,,1,,89750
91120,60,,1,,89751
91121,60,,1,,89752
91122,60,,1,,89753
91123,39,3,2,,89754
91124,39,3,1,,89755
91125,39,3,1,,89756
91126,60,,1,,89757
91127,60,,1,,89758
91128,60,,1,,89759
91129,60,,1,,89760
91130,60,,1,,89761
91131,60,,1,,89762
91132,60,,1,,89763
91133,60,,1,,89764
91134,60,,1,,89765
91135,60,,1,,89766
91136,60,,1,,89767
91137,60,,1,,89768
91138,60,,1,,89769
91139,60,,1,,89770
91140,60,,1,,89771
91141,60,,1,,89772
91142,60,,1,,89773
91143,60,,1,,89774
91144,60,,1,,89775
91145,60,,1,,89776
91146,60,,1,,89777
91147,60,,1,,89778
91148,60,,1,,89779
91149,60,,1,,89780
91150,60,,1,,89781
91151,60,,1,,89782
91152,60,,1,,89783
91153,60,,1,,89784
91154,60,,1,,89785
91155,60,,1,,89786
91156,60,,1,,89787
91157,60,,1,,89788
91158,60,,1,,89789
91159,60,,1,,89790
91160,60,,1,,89791
91161,60,,1,,89792
91162,60,,1,,89793
91163,60,,1,,89794
91164,60,,1,,89795
91165,60,,1,,89796
91166,60,,1,,89797
91167,60,,1,,89798
91168,60,,1,,89799
91169,60,,1,,89800
91170,60,,1,,89801
91171,60,,1,,89802
91172,60,,1,,89803
91173,60,,1,,89804
91174,60,,1,,89805
91175,60,,1,,89806
91176,60,,1,,89807
91177,60,,1,,89808
91178,60,,1,,89809
91179,60,,1,,89810
91180,60,,1,,89811
91181,60,,1,,89812
91182,60,,1,,89813
91183,60,,1,,89814
91184,60,,1,,89815
91185,60,,1,,89816
91186,60,,1,,89817
91187,60,,1,,89818
91188,60,,1,,89819
91189,60,,1,,89820
91190,60,,1,,89821
91191,60,,1,,89822
91192,60,,1,,89823
91193,60,,1,,89824
91194,60,,1,,89825
91195,60,,1,,89826
91196,60,,1,,89827
91197,60,,1,,89828
91198,60,,1,,89829
91199,60,,1,,89830
91200,60,,1,,89831
91201,60,,1,,89832
91202,60,,1,,89833
91203,60,,1,,89834
91204,60,,1,,89835
91205,60,,1,,89836
91206,60,,1,,89837
91207,60,,1,,89838
91208,60,,1,,89839
91209,60,,1,,89840
91210,60,,1,,89841
91211,60,,1,,89842
91212,60,,1,,89843
91213,60,,1,,89844
91214,60,,1,,89845
91215,60,,1,,89846
91216,60,,1,,89847
91217,60,,1,,89848
91218,60,,1,,89849
91219,60,,1,,89850
91220,60,,1,,89851
91221,60,,1,,89852
91222,60,,1,,89853
91223,60,,1,,89854
91224,60,,1,,89855
91225,60,,1,,89856
91226,60,,1,,89857
91227,60,,1,,89858
91228,60,,1,,89859
91229,60,,1,,89860
91230,60,,1,,89861
91231,60,,1,,89862
91232,60,,1,,89863
91233,60,,1,,89864
91234,60,,1,,89865
91235,60,,1,,89866
91236,60,,1,,89867
91237,60,,1,,89868
91238,60,,1,,89869
91239,60,,1,,89870
91240,60,,1,,89871
91241,60,,1,,89872
91242,60,,1,,89873
91243,60,,1,,89874
91244,60,,1,,89875
91245,60,,1,,89876
91246,60,,1,,89877
91247,60,,1,,89878
91248,60,,1,,89879
91249,60,,1,,89880
91250,60,,1,,89881
91251,60,,1,,89882
91252,60,,1,,89883
91253,60,,1,,89884
91254,60,,1,,89885
91255,60,,1,,89886
91256,60,,1,,89887
91257,60,,1,,89888
91258,60,,1,,89889
91259,60,,1,,89890
91260,60,,1,,89891
91261,60,,1,,89892
91262,60,,1,,89893
91263,60,,1,,89894
91264,60,,1,,89895
91265,60,,1,,89896
91266,60,,1,,89897
91267,60,,1,,89898
91268,60,,1,,89899
91269,60,,1,,89900
91270,60,,1,,89901
91271,60,,1,,89902
91272,60,,1,,89903
91273,60,,1,,89904
91274,60,,1,,89905
91275,60,,1,,89906
91276,60,,1,,89907
91277,60,,1,,89908
91278,60,,1,,89909
91279,60,,1,,89910
91280,60,,1,,89911
91281,60,,1,,89912
91282,60,,1,,89913
91283,60,,1,,89914
91284,60,,1,,89915
91285,60,,1,,89916
91286,60,,1,,89917
91287,60,,1,,89918
91288,60,,1,,89919
91289,60,,1,,89920
91290,60,,1,,89921
91291,60,,1,,89922
91292,60,,1,,89923
91293,60,,1,,89924
91294,60,,1,,89925
91295,60,,1,,89926
91296,60,,1,,89927
91297,60,,1,,89928
91298,60,,1,,89929
91299,60,,1,,89930
91300,60,,1,,89931
91301,60,,1,,89932
91302,60,,1,,89933
91303,60,,1,,89934
91304,60,,1,,89935
91305,60,,1,,89936
91306,60,,1,,89937
91307,60,,1,,89938
91308,60,,1,,89939
91309,60,,1,,89940
91310,60,,1,,89941
91311,60,,1,,89942
91312,60,,1,,89943
91313,60,,1,,89944
91314,60,,1,,89945
91315,60,,1,,89946
91316,60,,1,,89947
91317,60,,1,,89948
91318,60,,1,,89949
91319,60,,1,,89950
91320,60,,1,,89951
91321,60,,1,,89952
91322,60,,1,,89953
91323,60,,1,,89954
91324,60,,1,,89955
91325,60,,1,,89956
91326,60,,1,,89957
91327,60,,1,,89958
91328,60,,1,,89959
91329,60,,1,,89960
91330,60,,1,,89961
91331,60,,1,,89962
91332,60,,1,,89963
91333,60,,1,,89964
91334,60,,1,,89965
91335,60,,1,,89966
91336,60,,1,,89967
91337,60,,1,,89968
91338,60,,1,,89969
91339,60,,1,,89970
91340,60,,1,,89971
91341,60,,1,,89972
91342,60,,1,,89973
91343,60,,1,,89974
91344,60,,1,,89975
91345,60,,1,,89976
91346,60,,1,,89977
91347,60,,1,,89978
91348,60,,1,,89979
91349,60,,1,,89980
91350,60,,1,,89981
91351,60,,1,,89982
91352,60,,1,,89983
91353,60,,1,,89984
91354,60,,1,,89985
91355,60,,1,,89986
91356,60,,1,,89987
91357,60,,1,,89988
91358,60,,1,,89989
91359,60,,1,,89990
91360,60,,1,,89991
91361,60,,1,,89992
91362,60,,1,,89993
91363,60,,1,,89994
91364,60,,1,,89995
91365,60,,1,,89996
91366,60,,1,,89997
91367,60,,1,,89998
91368,60,,1,,89999
91369,60,,1,,90000
91370,60,,1,,90001
91371,60,,1,,90002
91372,60,,1,,90003
91373,60,,1,,90004
91374,60,,1,,90005
91375,60,,1,,90006
91376,60,,1,,90007
91377,60,,1,,90008
91378,60,,1,,90009
91379,60,,1,,90010
91380,60,,1,,90011
91381,60,,1,,90012
91382,60,,1,,90013
91383,60,,1,,90014
91384,60,,1,,90015
91385,60,,1,,90016
91386,60,,1,,90017
91387,60,,1,,90018
91388,60,,1,,90019
91389,60,,1,,90020
91390,60,,1,,90021
91391,60,,1,,90022
91392,60,,1,,90023
91393,60,,1,,90024
91394,60,,1,,90025
91395,60,,1,,90026
91396,60,,1,,90027
91397,60,,1,,90028
91398,60,,1,,90029
91399,60,,1,,90030
91400,60,,1,,90031
91401,60,,1,,90032
91402,60,,1,,90033
91403,60,,1,,90034
91404,60,,1,,90035
91405,60,,1,,90036
91406,60,,1,,90037
91407,60,,1,,90038
91408,11,,1,,90039
91409,11,,1,,90040
91410,11,,1,,90041
91411,11,,1,,90042
91412,11,,1,,90043
91413,11,,1,,90044
91414,11,,1,,90045
91415,11,,1,,90046
91416,11,,1,,90047
91417,11,,1,,90048
91418,11,,1,,90049
91419,60,,1,,90050
91420,60,,1,,90051
91421,60,,1,,90052
91422,60,,1,,90053
91423,60,,1,,90054
91424,60,,1,,90055
91425,60,,1,,90056
91426,60,,1,,90057
91427,60,,1,,90058
91428,60,,1,,90059
91429,60,,1,,90060
91430,60,,1,,90061
91431,60,,1,,90062
91432,60,,1,,90063
91433,60,,1,,90064
91434,60,,1,,90065
91435,60,,1,,90066
91436,60,,1,,90067
91437,60,,1,,90068
91438,60,,1,,90069
91439,60,,1,,90070
91440,60,,1,,90071
91441,60,,1,,90072
91442,60,,1,,90073
91443,60,,1,,90074
91444,60,,1,,90075
91445,60,,1,,90076
91446,60,,1,,90077
91447,60,,1,,90078
91448,60,,1,,90079
91449,60,,1,,90080
91450,60,,1,,90081
91451,60,,1,,90082
91452,60,,1,,90083
91453,60,,1,,90084
91454,60,,1,,90085
91455,60,,1,,90086
91456,60,,1,,90087
91457,60,,1,,90088
91458,60,,1,,90089
91459,60,,1,,90090
91460,60,,1,,90091
91461,60,,1,,90092
91462,60,,1,,90093
91463,60,,1,,90094
91464,60,,1,,90095
91465,60,,1,,90096
91466,60,,1,,90097
91467,60,,1,,90098
91468,60,,1,,90099
91469,60,,1,,90100
91470,60,,1,,90101
91471,60,,1,,90102
91472,60,,1,,90103
91473,60,,1,,90104
91474,60,,1,,90105
91475,60,,1,,90106
91476,60,,1,,90107
91477,60,,1,,90108
91478,60,,1,,90109
91479,60,,1,,90110
91480,60,,1,,90111
91481,60,,1,,90112
91482,60,,1,,90113
91483,60,,1,,90114
91484,60,,1,,90115
91485,60,,1,,90116
91486,60,,1,,90117
91487,60,,1,,90118
91488,60,,1,,90119
91489,60,,1,,90120
91490,60,,1,,90121
91491,60,,1,,90122
91492,60,,1,,90123
91493,60,,1,,90124
91494,60,,1,,90125
91495,60,,1,,90126
91496,60,,1,,90127
91497,60,,1,,90128
91498,60,,1,,90129
91499,60,,1,,90130
91500,60,,1,,90131
91501,60,,1,,90132
91502,60,,1,,90133
91503,60,,1,,90134
91504,60,,1,,90135
91505,60,,1,,90136
91506,60,,1,,90137
91507,60,,1,,90138
91508,60,,1,,90139
91509,60,,1,,90140
91510,60,,1,,90141
91511,60,,1,,90142
91512,60,,1,,90143
91513,60,,1,,90144
91514,59,,1,,90145
91515,59,,1,,90146
91516,59,,2,,90147
91517,39,1,1,,90148
91518,39,1,1,,90149
91519,60,,1,,90150
91520,60,,1,,90151
91521,60,,1,,90152
91522,39,1,1,,90153
91523,60,,1,,90154
91524,60,,1,,90155
91525,60,,1,,90156
91526,60,,1,,90157
91527,60,,1,,90158
91528,60,,1,,90159
91529,60,,1,,90160
91530,60,,1,,90161
91531,60,,1,,90162
91532,60,,1,,90163
91533,60,,1,,90164
91534,60,,1,,90165
91535,60,,1,,90166
91536,60,,1,,90167
91537,60,,1,,90168
91538,60,,1,,90169
91539,60,,1,,90170
91540,60,,1,,90171
91541,60,,1,,90172
91542,60,,1,,90173
91543,60,,1,,90174
91544,60,,1,,90175
91545,60,,1,,90176
91546,60,,1,,90177
91547,60,,1,,90178
91548,60,,1,,90179
91549,60,,1,,90180
91550,60,,1,,90181
91551,60,,1,,90182
91552,60,,1,,90183
91553,60,,1,,90184
91554,60,,1,,90185
91555,60,,1,,90186
91556,60,,1,,90187
91557,60,,1,,90188
91558,60,,1,,90189
91559,60,,1,,90190
91560,60,,1,,90191
91561,60,,1,,90192
91562,60,,1,,90193
91563,60,,1,,90194
91564,60,,1,,90195
91565,60,,1,,90196
91566,60,,1,,90197
91567,60,,1,,90198
91568,60,,1,,90199
91569,60,,1,,90200
91570,60,,1,,90201
91571,60,,1,,90202
91572,60,,1,,90203
91573,60,,1,,90204
91574,60,,1,,90205
91575,60,,1,,90206
91576,60,,1,,90207
91577,60,,1,,90208
91578,60,,1,,90209
91579,39,1,1,,90210
91580,39,1,1,,90211
91581,39,1,1,,90212
91582,60,,1,,90213
91583,60,,1,,90214
91584,60,,1,,90215
91585,60,,1,,90216
91586,60,,1,,90217
91587,11,,1,,90218
91588,11,,1,,90219
91589,11,,1,,90220
91590,11,,1,,90221
91591,11,,1,,90222
91592,11,,1,,90223
91593,11,,1,,90224
91594,60,,1,,90225
91595,60,,1,,90226
91596,60,,1,,90227
91597,60,,1,,90228
91598,60,,1,,90229
91599,60,,1,,90230
91600,60,,1,,90231
91601,60,,1,,90232
91602,60,,1,,90233
91603,60,,1,,90234
91604,60,,1,,90235
91605,60,,1,,90236
91606,60,,1,,90237
91607,60,,1,,90238
91608,60,,1,,90239
91609,60,,1,,90240
91610,60,,1,,90241
91611,60,,1,,90242
91612,60,,1,,90243
91613,60,,1,,90244
91614,60,,1,,90245
91615,60,,1,,90246
91616,60,,1,,90247
91617,60,,1,,90248
91618,60,,1,,90249
91619,60,,1,,90250
91620,39,1,1,,90251
91621,8,,1,,90252
91622,8,,1,,90253
91623,8,,1,,90254
91624,60,,1,,90255
91625,60,,1,,90256
91626,60,,1,,90257
91627,39,1,2,,90258
91628,39,1,3,,90259
91629,39,1,3,,90260
91630,36,,1,,90261
91631,60,,1,,90262
91632,39,1,1,,90263
91633,39,1,1,,90264
91634,39,1,1,,90265
91635,60,,1,,90266
91636,60,,1,,90267
91637,60,,1,,90268
91638,60,,1,,90269
91639,60,,1,,90270
91640,60,,1,,90271
91641,60,,1,,90272
91642,60,,1,,90273
91643,60,,1,,90274
91644,60,,1,,90275
91645,60,,1,,90276
91646,60,,1,,90277
91647,60,,1,,90278
91648,60,,1,,90279
91649,60,,1,,90280
91650,60,,1,,90281
91651,60,,1,,90282
91652,60,,1,,90283
91653,60,,1,,90284
91654,60,,1,,90285
91655,60,,1,,90286
91656,60,,1,,90287
91657,60,,1,,90288
91658,60,,1,,90289
91659,60,,1,,90290
91660,60,,1,,90291
91661,60,,1,,90292
91662,60,,1,,90293
91663,60,,1,,90294
91664,60,,1,,90295
91665,60,,1,,90296
91666,60,,1,,90297
91667,60,,1,,90298
91668,60,,1,,90299
91669,60,,1,,90300
91670,60,,1,,90301
91671,60,,1,,90302
91672,60,,1,,90303
91673,60,,1,,90304
91674,60,,1,,90305
91675,60,,1,,90306
91676,60,,1,,90307
91677,60,,1,,90308
91678,60,,1,,90309
91679,60,,1,,90310
91680,60,,1,,90311
91681,60,,1,,90312
91682,60,,1,,90313
91683,60,,1,,90314
91684,60,,1,,90315
91685,60,,1,,90316
91686,60,,1,,90317
91687,60,,1,,90318
91688,60,,1,,90319
91689,60,,1,,90320
91690,60,,1,,90321
91691,60,,1,,90322
91692,60,,1,,90323
91693,60,,1,,90324
91694,60,,1,,90325
91695,60,,1,,90326
91696,60,,1,,90327
91697,60,,1,,90328
91698,60,,1,,90329
91699,60,,1,,90330
91700,60,,1,,90331
91701,60,,1,,90332
91702,60,,1,,90333
91703,60,,1,,90334
91704,60,,1,,90335
91705,60,,1,,90336
91706,60,,1,,90337
91707,60,,1,,90338
91708,60,,1,,90339
91709,60,,1,,90340
91710,60,,1,,90341
91711,60,,1,,90342
91712,60,,1,,90343
91713,60,,1,,90344
91714,60,,1,,90345
91715,60,,1,,90346
91716,60,,1,,90347
91717,60,,1,,90348
91718,60,,1,,90349
91719,60,,1,,90350
91720,60,,1,,90351
91721,60,,1,,90352
91722,60,,1,,90353
91723,60,,1,,90354
91724,60,,1,,90355
91725,60,,1,,90356
91726,39,1,1,,90357
91727,39,1,1,,90358
91728,39,1,1,,90359
91729,36,,1,,90360
91730,36,,1,,90361
91731,36,,1,,90362
91732,55,,1,,90363
91733,55,,1,,90364
91734,55,,1,,90365
91735,55,,1,,90366
91736,55,,1,,90367
91737,55,,1,,90368
91738,39,1,1,,90369
91739,39,1,1,,90370
91740,60,,1,,90371
91741,39,1,1,,90372
91742,60,,1,,90373
91743,60,,1,,90374
91744,60,,1,,90375
91745,60,,1,,90376
91746,60,,1,,90377
91747,39,1,1,,90378
91748,39,1,1,,90379
91749,39,1,1,,90380
91750,39,1,1,,90381
91751,39,1,1,,90382
91752,39,1,1,,90383
91753,39,1,2,,90384
91754,60,,1,,90385
91755,60,,1,,90386
91756,60,,1,,90387
91757,39,1,2,,90388
91758,39,1,2,,90389
91759,39,1,2,,90390
91760,39,1,2,,90391
91761,39,1,2,,90392
91762,39,1,1,,90393
91763,60,,1,,90394
91764,60,,1,,90395
91765,60,,1,,90396
91766,60,,1,,90397
91767,60,,1,,90398
91768,60,,1,,90399
91769,60,,1,,90400
91770,60,,1,,90401
91771,60,,1,,90402
91772,60,,1,,90403
91773,60,,1,,90404
91774,60,,1,,90405
91775,60,,1,,90406
91776,60,,1,,90407
91777,36,,1,,90408
91778,60,,1,,90409
91779,60,,1,,90410
91780,60,,1,,90411
91781,39,1,1,,90412
91782,39,1,1,,90413
91783,39,1,1,,90414
91784,60,,1,,90415
91785,60,,1,,90416
91786,60,,1,,90417
91787,39,1,1,,90418
91788,23,7,1,,90418
91789,39,1,1,,90419
91790,23,7,1,,90419
91791,39,1,1,,90420
91792,23,7,1,,90420
91793,60,,1,,90421
91794,60,,1,,90422
91795,60,,1,,90423
91796,60,,1,,90424
91797,60,,1,,90425
91798,60,,1,,90426
91799,60,,1,,90427
91800,60,,1,,90428
91801,39,1,1,,90429
91802,23,7,1,,90429
91803,60,,1,,90430
91804,60,,1,,90431
91805,60,,1,,90432
91806,60,,1,,90433
91807,60,,1,,90434
91808,59,,1,,90435
91809,59,,1,,90436
91810,59,,5,,90437
91811,59,,3,,90438
91812,59,,3,,90439
91813,59,,1,,90440
91814,60,,1,,90441
91815,60,,1,,90442
91816,60,,1,,90443
91817,59,,1,,90444
91818,59,,2,,90445
91819,60,,1,,90446
91820,60,,1,,90447
91821,60,,1,,90448
91822,60,,1,,90449
91823,60,,1,,90450
91824,60,,1,,90451
91825,60,,1,,90452
91826,60,,1,,90453
91827,60,,1,,90454
91828,60,,1,,90455
91829,60,,1,,90456
91830,60,,1,,90457
91831,60,,1,,90458
91832,60,,1,,90459
91833,60,,1,,90460
91834,60,,1,,90461
91835,60,,1,,90462
91836,60,,1,,90463
91837,60,,1,,90464
91838,60,,1,,90465
91839,60,,1,,90466
91840,60,,1,,90467
91841,60,,1,,90468
91842,39,1,1,,90469
91843,39,1,1,,90470
91844,39,1,1,,90471
91845,39,1,1,,90472
91846,39,1,1,,90473
91847,39,1,1,,90474
91848,39,1,1,,90475
91849,39,1,1,,90476
91850,39,1,1,,90477
91851,39,1,1,,90478
91852,39,1,1,,90479
91853,39,1,1,,90480
91854,39,1,1,,90481
91855,39,1,1,,90482
91856,39,1,1,,90483
91857,39,1,1,,90484
91858,39,1,1,,90485
91859,39,1,1,,90486
91860,60,,1,,90487
91861,60,,1,,90488
91862,60,,1,,90489
91863,60,,1,,90490
91864,60,,1,,90491
91865,60,,1,,90492
91866,60,,1,,90493
91867,60,,1,,90494
91868,60,,1,,90495
91869,60,,1,,90496
91870,60,,1,,90497
91871,60,,1,,90498
91872,39,3,1,,90499
91873,39,3,1,,90500
91874,39,3,1,,90501
91875,60,,1,,90502
91876,60,,1,,90503
91877,60,,1,,90504
91878,39,3,1,,90505
91879,60,,1,,90506
91880,60,,1,,90507
91881,39,1,1,,90508
91882,39,1,1,,90509
91883,39,1,1,,90510
91884,60,,1,,90511
91885,60,,1,,90512
91886,60,,1,,90513
91887,60,,1,,90514
91888,60,,1,,90515
91889,60,,1,,90516
91890,39,1,1,,90517
91891,39,1,1,,90518
91892,39,1,1,,90519
91893,39,1,1,,90520
91894,39,1,1,,90521
91895,60,,1,,90522
91896,60,,1,,90523
91897,60,,1,,90524
91898,60,,1,,90525
91899,60,,1,,90526
91900,60,,1,,90527
91901,39,1,1,,90528
91902,39,1,1,,90529
91903,39,1,1,,90530
91904,60,,1,,90531
91905,60,,1,,90532
91906,60,,1,,90533
91907,60,,1,,90534
91908,60,,1,,90535
91909,60,,1,,90536
91910,60,,1,,90537
91911,60,,1,,90538
91912,60,,1,,90539
91913,60,,1,,90540
91914,60,,1,,90541
91915,60,,1,,90542
91916,60,,1,,90543
91917,60,,1,,90544
91918,60,,1,,90545
91919,60,,1,,90546
91920,60,,1,,90547
91921,60,,1,,90548
91922,39,1,1,,90549
91923,39,1,1,,90550
91924,39,1,1,,90551
91925,39,48,1,,90552
91926,39,48,1,,90553
91927,39,48,1,,90554
91928,39,48,1,,90555
91929,39,3,1,,90556
91930,39,3,1,,90557
91931,60,,1,,90558
91932,39,1,1,,90559
91933,39,1,1,,90560
91934,39,1,1,,90561
91935,39,1,1,,90562
91936,39,1,1,,90563
91937,39,1,1,,90564
91938,60,,1,,90565
91939,60,,1,,90566
91940,60,,1,,90567
91941,39,1,1,,90568
91942,60,,1,,90569
91943,60,,1,,90570
91944,60,,1,,90571
91945,60,,1,,90572
91946,60,,1,,90573
91947,60,,1,,90574
91948,60,,1,,90575
91949,60,,1,,90576
91950,60,,1,,90577
91951,60,,1,,90578
91952,60,,1,,90579
91953,60,,1,,90580
91954,60,,1,,90581
91955,60,,1,,90582
91956,60,,1,,90583
91957,60,,1,,90584
91958,60,,1,,90585
91959,60,,1,,90586
91960,60,,1,,90587
91961,60,,1,,90588
91962,60,,1,,90589
91963,60,,1,,90590
91964,60,,1,,90591
91965,60,,1,,90592
91966,60,,1,,90593
91967,60,,1,,90594
91968,60,,1,,90595
91969,60,,1,,90596
91970,60,,1,,90597
91971,60,,1,,90598
91972,60,,1,,90599
91973,60,,1,,90600
91974,60,,1,,90601
91975,60,,1,,90602
91976,60,,1,,90603
91977,60,,1,,90604
91978,60,,1,,90605
91979,60,,1,,90606
91980,60,,1,,90607
91981,60,,1,,90608
91982,60,,1,,90609
91983,60,,1,,90610
91984,60,,1,,90611
91985,60,,1,,90612
91986,60,,1,,90613
91987,60,,1,,90614
91988,60,,1,,90615
91989,60,,1,,90616
91990,60,,1,,90617
91991,60,,1,,90618
91992,60,,1,,90619
91993,60,,1,,90620
91994,60,,1,,90621
91995,60,,1,,90622
91996,60,,1,,90623
91997,60,,1,,90624
91998,60,,1,,90625
91999,60,,1,,90626
92000,60,,1,,90627
92001,60,,1,,90628
92002,60,,1,,90629
92003,60,,1,,90630
92004,60,,1,,90631
92005,60,,1,,90632
92006,60,,1,,90633
92007,60,,1,,90634
92008,60,,1,,90635
92009,60,,1,,90636
92010,60,,1,,90637
92011,60,,1,,90638
92012,60,,1,,90639
92013,60,,1,,90640
92014,60,,1,,90641
92015,60,,1,,90642
92016,60,,1,,90643
92017,60,,1,,90644
92018,60,,1,,90645
92019,60,,1,,90646
92020,60,,1,,90647
92021,60,,1,,90648
92022,60,,1,,90649
92023,60,,1,,90650
92024,60,,1,,90651
92025,60,,1,,90652
92026,60,,1,,90653
92027,60,,1,,90654
92028,60,,1,,90655
92029,60,,1,,90656
92030,39,1,1,,90657
92031,60,1,1,,90658
92032,60,,1,,90659
92033,60,,1,,90660
92034,36,,1,,90661
92035,36,,1,,90662
92036,36,,1,,90663
92037,36,,1,,90664
92038,36,,1,,90665
92039,36,,1,,90666
92040,60,,1,,90667
92041,60,,1,,90668
92042,60,,1,,90669
92043,60,,1,,90670
92044,60,,1,,90671
92045,60,,1,,90672
92046,60,,1,,90673
92047,60,,1,,90674
92048,60,,1,,90675
92049,60,,1,,90676
92050,60,,1,,90677
92051,60,,1,,90678
92052,60,,1,,90679
92053,60,,1,,90680
92054,60,,1,,90681
92055,60,,1,,90682
92056,60,,1,,90683
92057,60,,1,,90684
92058,60,,1,,90685
92059,60,,1,,90686
92060,60,,1,,90687
92061,60,,1,,90688
92062,60,,1,,90689
92063,60,,1,,90690
92064,60,,1,,90691
92065,60,,1,,90692
92066,60,,1,,90693
92067,60,,1,,90694
92068,60,,1,,90695
92069,60,,1,,90696
92070,60,,1,,90697
92071,60,,1,,90698
92072,60,,1,,90699
92073,60,,1,,90700
92074,60,,1,,90701
92075,60,,1,,90702
92076,60,,1,,90703
92077,60,,1,,90704
92078,60,,1,,90705
92079,60,,1,,90706
92080,60,,1,,90707
92081,60,,1,,90708
92082,60,,1,,90709
92083,60,,1,,90710
92084,60,,1,,90711
92085,60,,1,,90712
92086,60,,1,,90713
92087,60,,1,,90714
92088,60,,1,,90715
92089,60,,1,,90716
92090,60,,1,,90717
92091,60,,1,,90718
92092,60,,1,,90719
92093,60,,1,,90720
92094,60,,1,,90721
92095,60,,1,,90722
92096,60,,1,,90723
92097,60,,1,,90724
92098,60,,1,,90725
92099,60,,1,,90726
92100,60,,1,,90727
92101,60,,1,,90728
92102,60,,1,,90729
92103,60,,1,,90730
92104,60,,1,,90731
92105,60,,1,,90732
92106,60,,1,,90733
92107,60,,1,,90734
92108,60,,1,,90735
92109,60,,1,,90736
92110,60,,1,,90737
92111,60,,1,,90738
92112,60,,1,,90739
92113,60,,1,,90740
92114,60,,1,,90741
92115,60,,1,,90742
92116,60,,1,,90743
92117,60,,1,,90744
92118,60,,1,,90745
92119,60,,1,,90746
92120,60,,1,,90747
92121,60,,1,,90748
92122,60,,1,,90749
92123,60,,1,,90750
92124,60,,1,,90751
92125,60,,1,,90752
92126,60,,1,,90753
92127,60,,1,,90754
92128,60,,1,,90755
92129,60,,1,,90756
92130,60,,1,,90757
92131,60,,1,,90758
92132,60,,1,,90759
92133,60,,1,,90760
92134,60,,1,,90761
92135,60,,1,,90762
92136,60,,1,,90763
92137,60,,1,,90764
92138,60,,1,,90765
92139,60,,1,,90766
92140,60,,1,,90767
92141,60,,1,,90768
92142,60,,1,,90769
92143,60,,1,,90770
92144,60,,1,,90771
92145,60,,1,,90772
92146,60,,1,,90773
92147,60,,1,,90774
92148,39,1,3,,90775
92149,23,7,1,,90775
92150,39,1,3,,90776
92151,23,7,1,,90776
92152,39,1,3,,90777
92153,60,,1,,90778
92154,60,,1,,90779
92155,60,,1,,90780
92156,60,,1,,90781
92157,60,,1,,90782
92158,60,,1,,90783
92159,60,,1,,90784
92160,60,,1,,90786
92161,60,,1,,90787
92162,60,,1,,90788
92163,60,,1,,90789
92164,60,,1,,90790
92165,60,,1,,90791
92166,60,,1,,90792
92167,60,,1,,90793
92168,60,,1,,90794
92169,60,,1,,90795
92170,60,,1,,90796
92171,60,,1,,90797
92172,60,,1,,90798
92173,60,,1,,90799
92174,60,,1,,90800
92175,60,,1,,90801
92176,60,,1,,90802
92177,60,,1,,90803
92178,60,,1,,90804
92179,60,,1,,90805
92180,60,,1,,90806
92181,60,,1,,90807
92182,60,,1,,90808
92183,60,,1,,90809
92184,60,,1,,90810
92185,60,,1,,90811
92186,60,,1,,90812
92187,60,,1,,90813
92188,60,,1,,90814
92189,60,,1,,90815
92190,60,,1,,90816
92191,60,,1,,90817
92192,60,,1,,90818
92193,60,,1,,90819
92194,60,,1,,90820
92195,60,,1,,90821
92196,60,,1,,90822
92197,60,,1,,90823
92198,60,,1,,90824
92199,60,,1,,90825
92200,60,,1,,90826
92201,60,,1,,90827
92202,60,,1,,90828
92203,60,,1,,90829
92204,60,,1,,90830
92205,60,,1,,90831
92206,60,,1,,90832
92207,60,,1,,90833
92208,60,,1,,90834
92209,60,,1,,90835
92210,60,,1,,90836
92211,60,,1,,90837
92212,60,,1,,90838
92213,60,,1,,90839
92214,60,,1,,90840
92215,60,,1,,90841
92216,60,,1,,90842
92217,60,,1,,90843
92218,60,,1,,90844
92219,60,,1,,90845
92220,60,,1,,90846
92221,60,,1,,90847
92222,60,,1,,90848
92223,60,,1,,90849
92224,60,,1,,90850
92225,60,,1,,90851
92226,60,,1,,90852
92227,60,,1,,90853
92228,60,,1,,90854
92229,60,,1,,90855
92230,60,,1,,90856
92231,60,,1,,90857
92232,60,,1,,90858
92233,60,,1,,90859
92234,60,,1,,90860
92235,60,,1,,90861
92236,60,,1,,90862
92237,60,,1,,90863
92238,60,,1,,90864
92239,60,,1,,90865
92240,60,,1,,90866
92241,60,,1,,90867
92242,60,,1,,90868
92243,60,,1,,90869
92244,60,,1,,90870
92245,60,,1,,90871
92246,60,,1,,90872
92247,60,,1,,90873
92248,60,,1,,90874
92249,60,,1,,90875
92250,60,,1,,90876
92251,60,,1,,90877
92252,60,,1,,90878
92253,60,,1,,90879
92254,60,,1,,90880
92255,60,,1,,90881
92256,60,,1,,90882
92257,60,,1,,90883
92258,60,,1,,90884
92259,60,,1,,90885
92260,60,,1,,90886
92261,60,,1,,90887
92262,60,,1,,90888
92263,60,,1,,90889
92264,60,,1,,90890
92265,60,,1,,90891
92266,60,,1,,90892
92267,60,,1,,90893
92268,60,,1,,90894
92269,60,,1,,90895
92270,60,,1,,90896
92271,60,,1,,90897
92272,60,,1,,90898
92273,60,,1,,90899
92274,60,,1,,90900
92275,60,,1,,90901
92276,60,,1,,90902
92277,60,,1,,90903
92278,60,,1,,90904
92279,60,,1,,90905
92280,60,,1,,90906
92281,60,,1,,90907
92282,60,,1,,90908
92283,60,,1,,90909
92284,60,,1,,90910
92285,60,,1,,90911
92286,60,,1,,90912
92287,60,,1,,90913
92288,60,,1,,90914
92289,60,,1,,90915
92290,60,,1,,90916
92291,60,,1,,90917
92292,60,,1,,90918
92293,60,,1,,90919
92294,60,,1,,90920
92295,60,,1,,90921
92296,60,,1,,90922
92297,60,,1,,90923
92298,60,,1,,90924
92299,60,,1,,90925
92300,60,,1,,90926
92301,60,,1,,90927
92302,60,,1,,90928
92303,60,,1,,90929
92304,60,,1,,90930
92305,11,,1,,90931
92306,11,,1,,90932
92307,11,,1,,90933
92308,11,,1,,90934
92309,11,,1,,90935
92310,11,,1,,90936
92311,11,,1,,90937
92312,11,,1,,90938
92313,11,,1,,90939
92314,11,,1,,90940
92315,11,,1,,90941
92316,11,,1,,90942
92317,11,,1,,90943
92318,11,,1,,90944
92319,11,,1,,90945
92320,11,,1,,90946
92321,11,,1,,90947
92322,11,,1,,90948
92323,11,,1,,90949
92324,11,,1,,90950
92325,11,,1,,90951
92326,11,,1,,90952
92327,11,,1,,90953
92328,11,,1,,90954
92329,11,,1,,90955
92330,11,,1,,90956
92331,11,,1,,90957
92332,11,,1,,90958
92333,11,,1,,90959
92334,11,,1,,90960
92335,11,,1,,90961
92336,11,,1,,90962
92337,11,,1,,90963
92338,11,,1,,90964
92339,11,,1,,90965
92340,11,,1,,90966
92341,11,,1,,90967
92342,11,,1,,90968
92343,11,,1,,90969
92344,11,,1,,90970
92345,11,,1,,90971
92346,11,,1,,90972
92347,11,,1,,90973
92348,11,,1,,90974
92349,11,,1,,90975
92350,11,,1,,90976
92351,11,,1,,90977
92352,11,,1,,90978
92353,11,,1,,90979
92354,11,,1,,90980
92355,11,,1,,90981
92356,11,,1,,90982
92357,11,,1,,90983
92358,11,,1,,90984
92359,11,,1,,90985
92360,11,,1,,90986
92361,11,,1,,90987
92362,11,,1,,90988
92363,11,,1,,90989
92364,11,,1,,90990
92365,11,,1,,90991
92366,11,,1,,90992
92367,11,,1,,90993
92368,11,,1,,90994
92369,11,,1,,90995
92370,11,,1,,90996
92371,11,,1,,90997
92372,11,,1,,90998
92373,11,,1,,90999
92374,11,,1,,91000
92375,11,,1,,91001
92376,11,,1,,91002
92377,11,,1,,91003
92378,11,,1,,91004
92379,11,,1,,91005
92380,11,,1,,91006
92381,11,,1,,91007
92382,11,,1,,91008
92383,11,,1,,91009
92384,11,,1,,91010
92385,11,,1,,91011
92386,11,,1,,91012
92387,11,,1,,91013
92388,11,,1,,91014
92389,11,,1,,91015
92390,11,,1,,91016
92391,11,,1,,91017
92392,11,,1,,91018
92393,11,,1,,91019
92394,11,,1,,91020
92395,11,,1,,91021
92396,11,,1,,91022
92397,11,,1,,91023
92398,11,,1,,91024
92399,11,,1,,91025
92400,11,,1,,91026
92401,11,,1,,91027
92402,11,,1,,91028
92403,11,,1,,91029
92404,11,,1,,91030
92405,11,,1,,91031
92406,11,,1,,91032
92407,11,,1,,91033
92408,11,,1,,91034
92409,11,,1,,91035
92410,11,,1,,91036
92411,11,,1,,91037
92412,11,,1,,91038
92413,11,,1,,91039
92414,11,,1,,91040
92415,11,,1,,91041
92416,11,,1,,91042
92417,11,,1,,91043
92418,11,,1,,91044
92419,11,,1,,91045
92420,11,,1,,91046
92421,11,,1,,91047
92422,11,,1,,91048
92423,11,,1,,91049
92424,11,,1,,91050
92425,11,,1,,91051
92426,11,,1,,91052
92427,11,,1,,91053
92428,11,,1,,91054
92429,11,,1,,91055
92430,11,,1,,91056
92431,11,,1,,91057
92432,11,,1,,91058
92433,11,,1,,91059
92434,11,,1,,91060
92435,11,,1,,91061
92436,11,,1,,91062
92437,11,,1,,91063
92438,11,,1,,91064
92439,39,6,1,,91065
92440,39,6,1,,91066
92441,39,6,1,,91067
92442,60,,1,,91068
92443,36,,1,,91069
92444,36,,1,,91070
92445,36,,1,,91071
92446,36,,1,,91072
92447,36,,1,,91073
92448,36,,1,,91074
92449,36,,1,,91075
92450,60,,1,,91076
92451,36,,1,,91077
92452,36,,1,,91078
92453,22,,1,,91079
92454,60,,1,,91080
92455,55,,1,,91081
92456,23,7,1,,91082
92457,39,6,1,,91083
92458,39,6,1,,91084
92459,39,6,1,,91085
92460,39,6,1,,91086
92461,39,6,2,,91087
92462,60,,1,,91088
92463,36,,1,,91089
92464,36,,1,,91090
92465,36,,1,,91091
92466,36,,1,,91092
92467,36,,1,,91093
92468,36,,1,,91094
92469,60,,1,,91095
92470,23,7,1,,91096
92471,23,7,1,,91097
92472,39,3,1,,91283
92473,39,1,1,,91284
92474,39,1,1,,91285
92475,60,,1,,91286
92476,39,1,2,,91287
92477,39,3,1,,91288
92478,36,,1,,91289
92479,36,,1,,91290
92480,36,,1,,91291
92481,50,,1,,91292
92482,80,,1,,91293
92483,60,,1,,91294
92484,60,,1,,91295
92485,60,,1,,91296
92486,60,,1,,91297
92487,60,,1,,91298
92488,60,,1,,91299
92489,60,,1,,91300
92490,60,,1,,91302
92491,60,,1,,91303
92492,60,,1,,91304
92493,60,,1,,91305
92494,60,,1,,91306
92495,60,,1,,91307
92496,60,,1,,91308
92497,60,,1,,91309
92498,60,,1,,91310
92499,60,,1,,91311
92500,60,,1,,91312
92501,60,,1,,91313
92502,60,,1,,91314
92503,60,,1,,91315
92504,60,,1,,91316
92505,60,,1,,91317
92506,60,,1,,91318
92507,60,,1,,91319
92508,60,,1,,91320
92509,60,,1,,91321
92510,60,,1,,91322
92511,60,,1,,91323
92512,60,,1,,91324
92513,60,,1,,91325
92514,60,,1,,91326
92515,60,,1,,91327
92516,60,,1,,91328
92517,60,,1,,91329
92518,60,,1,,91330
92519,60,,1,,91331
92520,60,,1,,91332
92521,60,,1,,91333
92522,60,,1,,91334
92523,60,,1,,91335
92524,60,,1,,91336
92525,60,,1,,91337
92526,60,,1,,91338
92527,60,,1,,91339
92528,60,,1,,91340
92529,60,,1,,91341
92530,60,,1,,91342
92531,60,,1,,91343
92532,60,,1,,91344
92533,60,,1,,91345
92534,60,,1,,91346
92535,60,,1,,91347
92536,60,,1,,91348
92537,60,,1,,91349
92538,60,,1,,91350
92539,60,,1,,91351
92540,60,,1,,91352
92541,60,,1,,91353
92542,60,,1,,91354
92543,60,,1,,91355
92544,60,,1,,91356
92545,60,,1,,91357
92546,60,,1,,91358
92547,60,,1,,91359
92548,60,,1,,91360
92549,60,,1,,91361
92550,60,,1,,91362
92551,60,,1,,91363
92552,60,,1,,91364
92553,60,,1,,91365
92554,60,,1,,91366
92555,60,,1,,91367
92556,60,,1,,91368
92557,60,,1,,91369
92558,60,,1,,91370
92559,60,,1,,91371
92560,60,,1,,91372
92561,60,,1,,91373
92562,60,,1,,91374
92563,60,,1,,91375
92564,60,,1,,91376
92565,60,,1,,91377
92566,60,,1,,91378
92567,60,,1,,91379
92568,60,,1,,91380
92569,60,,1,,91381
92570,60,,1,,91382
92571,60,,1,,91383
92572,60,,1,,91384
92573,60,,1,,91385
92574,60,,1,,91386
92575,60,,1,,91387
92576,60,,1,,91388
92577,60,,1,,91389
92578,60,,1,,91390
92579,60,,1,,91391
92580,60,,1,,91392
92581,60,,1,,91393
92582,60,,1,,91394
92583,60,,1,,91395
92584,60,,1,,91396
92585,60,,1,,91397
92586,60,,1,,91398
92587,60,,1,,91399
92588,60,,1,,91400
92589,60,,1,,91401
92590,60,,1,,91402
92591,60,,1,,91403
92592,60,,1,,91404
92593,60,,1,,91405
92594,60,,1,,91406
92595,60,,1,,91407
92596,60,,1,,91408
92597,60,,1,,91409
92598,60,,1,,91410
92599,60,,1,,91411
92600,60,,1,,91412
92601,60,,1,,91413
92602,60,,1,,91414
92603,60,,1,,91415
92604,60,,1,,91416
92605,60,,1,,91417
92606,60,,1,,91418
92607,60,,1,,91419
92608,60,,1,,91420
92609,60,,1,,91421
92610,60,,1,,91422
92611,60,,1,,91423
92612,60,,1,,91424
92613,60,,1,,91425
92614,60,,1,,91426
92615,60,,1,,91427
92616,60,,1,,91428
92617,60,,1,,91429
92618,60,,1,,91430
92619,36,,1,,91431
92620,60,,1,,91432
92621,60,,1,,91433
92622,60,,1,,91434
92623,60,,1,,91435
92624,60,,1,,91436
92625,60,,1,,91437
92626,60,,1,,91438
92627,60,,1,,91439
92628,60,,1,,91440
92629,60,,1,,91441
92630,60,,1,,91442
92631,60,,1,,91443
92632,60,,1,,91444
92633,60,,1,,91445
92634,60,,1,,91446
92635,60,,1,,91447
92636,60,,1,,91448
92637,60,,1,,91449
92638,60,,1,,91450
92639,60,,1,,91451
92640,60,,1,,91452
92641,60,,1,,91453
92642,60,,1,,91454
92643,60,,1,,91455
92644,60,,1,,91456
92645,60,,1,,91457
92646,60,,1,,91458
92647,60,,1,,91459
92648,60,,1,,91460
92649,60,,1,,91461
92650,60,,1,,91462
92651,60,,1,,91463
92652,60,,1,,91464
92653,60,,1,,91465
92654,60,,1,,91466
92655,60,,1,,91467
92656,60,,1,,91468
92657,60,,1,,91469
92658,60,,1,,91470
92659,60,,1,,91471
92660,60,,1,,91472
92661,60,,1,,91473
92662,60,,1,,91474
92663,60,,1,,91475
92664,60,,1,,91476
92665,60,,1,,91477
92666,60,,1,,91478
92667,60,,1,,91479
92668,60,,1,,91480
92669,60,,1,,91481
92670,22,,1,,91482
92671,22,,1,,91483
92672,60,,1,,91484
92673,60,,1,,91485
92674,60,,1,,91486
92675,60,,1,,91487
92676,60,,1,,91488
92677,60,,1,,91489
92678,60,,1,,91490
92679,60,,1,,91491
92680,36,,1,,91492
92681,60,,1,,91493
92682,60,,1,,91494
92683,60,,1,,91495
92684,39,1,1,,91496
92685,39,1,1,,91497
92686,23,7,1,,91497
92687,60,,1,,91498
92688,60,,1,,91499
92689,36,,1,,91500
92690,36,,1,,91501
92691,39,1,2,,91502
92692,23,7,1,,91503
92693,69,,1,,91504
92694,69,,1,,91505
92695,36,,1,,91506
92696,36,,1,,91507
92697,39,1,1,,91508
92698,23,7,1,,91508
92699,60,,1,,91509
92700,39,1,1,,91510
92701,39,1,1,,91511
92702,36,,1,,91512
92703,36,,2,,91513
92704,36,,1,,91514
92705,60,,1,,91515
92706,36,,1,,91516
92707,36,,1,,91517
92708,36,,1,,91518
92709,36,,1,,91519
92710,36,,2,,91520
92711,39,1,2,,91521
92712,39,1,1,,91522
92713,23,7,1,,91522
92714,39,1,1,,91523
92715,23,7,2,,91523
92716,39,1,1,,91524
92717,23,7,1,,91524
92718,39,1,1,,91525
92719,39,3,1,,91526
92720,39,1,1,,91527
92721,23,7,1,,91528
92722,39,3,1,,91529
92723,39,1,1,,91530
92724,39,3,1,,91531
92725,39,3,1,,91532
92726,22,,1,,91533
92727,39,1,1,,91534
92728,39,1,3,,91535
92729,60,,1,,91536
92730,39,1,1,,91537
92731,39,4,1,,91538
92732,39,1,1,,91539
92733,39,1,2,,91540
92734,39,3,1,,91541
92735,60,,1,,91542
92736,39,1,1,,91543
92737,39,3,1,,91544
92738,39,3,1,,91545
92739,39,3,2,,91546
92740,39,1,1,,91547
92741,39,1,1,,91548
92742,39,1,1,,91549
92743,39,1,1,,91550
92744,39,1,2,,91551
92745,23,7,1,,91551
92746,39,1,1,,91552
92747,23,7,1,,91552
92748,39,1,1,,91553
92749,22,,1,,91554
92750,39,6,1,,91098
92751,39,6,1,,91099
92752,39,6,1,,91100
92753,39,6,1,,91101
92754,23,7,1,,91102
92755,23,7,1,,91103
92756,60,,1,,91104
92757,69,,1,,91105
92758,69,,1,,91106
92759,39,1,1,,91107
92760,39,3,1,,91108
92761,39,1,1,,91109
92762,55,,1,,91110
92763,13,,1,,91111
92764,39,1,1,,91112
92765,39,3,1,,91113
92766,69,,1,,91114
92767,69,,1,,91115
92768,55,,1,,91116
92769,36,,1,,91117
92770,23,7,1,,91118
92771,39,1,1,,91119
92772,23,7,1,,91119
92773,55,,1,,91120
92774,55,,1,,91121
92775,39,1,1,,91122
92776,23,7,1,,91122
92777,39,1,1,,91123
92778,60,,1,,91124
92779,39,1,1,,91125
92780,39,1,1,,91126
92781,39,3,3,,91127
92782,39,1,1,,91128
92783,39,1,1,,91129
92784,23,7,1,,91129
92785,39,1,2,,91130
92786,39,1,2,,91131
92787,39,1,1,,91132
92788,39,1,2,,91133
92789,39,1,1,,91134
92790,39,1,2,,91135
92791,39,3,1,,91136
92792,39,3,1,,91137
92793,39,1,1,,91138
92794,43,,1,,91139
92795,36,,1,,91140
92796,36,,1,,91141
92797,80,,1,,91142
92798,23,5,1,,91143
92799,36,,1,,91144
92800,36,,1,,91145
92801,60,,1,,91146
92802,60,,1,,91147
92803,60,,1,,91148
92804,22,,1,,91149
92805,39,3,1,,91150
92806,39,1,1,,91151
92807,39,3,1,,91152
92808,39,3,1,,91153
92809,60,,1,,91154
92810,39,4,1,,91155
92811,23,7,1,,91156
92812,39,3,1,,91157
92813,60,,1,,91158
92814,39,1,1,,91159
92815,39,1,1,,91160
92816,23,7,1,,91160
92817,39,3,1,,91161
92818,39,1,1,,91162
92819,39,1,2,,91163
92820,23,7,2,,91163
92821,39,3,2,,91164
92822,39,1,1,,91165
92823,43,,1,,91166
92824,36,,1,,91167
92825,39,1,1,,91168
92826,23,5,1,,91169
92827,23,5,1,,91170
92828,39,3,1,,91171
92829,39,1,2,,91172
92830,23,7,2,,91172
92831,69,,1,,91173
92832,39,1,2,,91174
92833,69,,1,,91175
92834,39,3,2,,91176
92835,59,,2,,91177
92836,59,,3,,91178
92837,59,,2,,91179
92838,39,1,2,,91180
92839,60,,1,,91181
92840,60,,1,,91182
92841,60,,1,,91183
92842,60,,1,,91184
92843,60,,1,,91185
92844,39,3,1,,91186
92845,39,1,1,,91187
92846,23,5,1,,91188
92847,23,5,1,,91189
92848,39,1,1,,91190
92849,23,5,1,,91191
92850,23,5,1,,91192
92851,60,,1,,91193
92852,39,1,1,,91194
92853,39,1,1,,91195
92854,39,1,1,,91196
92855,39,1,1,,91197
92856,39,1,1,,91198
92857,23,5,1,,91199
92858,39,1,1,,91200
92859,39,1,1,,91201
92860,39,1,1,,91202
92861,39,1,1,,91203
92862,60,,1,,91204
92863,23,,1,,91205
92864,23,,1,,91206
92865,23,,1,,91207
92866,39,6,1,,91208
92867,39,6,1,,91209
92868,23,,1,,91210
92869,39,6,1,,91211
92870,23,5,1,,91212
92871,55,,1,,91213
92872,23,5,1,,91214
92873,39,1,1,,91215
92874,36,,1,,91216
92875,36,,1,,91217
92876,36,,2,,91218
92877,60,,1,,91219
92878,39,1,1,,91220
92879,36,,2,,91221
92880,36,,2,,91222
92881,23,7,1,,91223
92882,39,1,2,,91224
92883,39,1,1,,91225
92884,39,3,1,,91226
92885,69,,1,,91227
92886,69,,1,,91228
92887,55,,1,,91229
92888,39,1,1,,91230
92889,23,7,1,,91230
92890,39,3,2,,91231
92891,39,1,1,,91232
92892,60,,1,,91233
92893,60,,1,,91234
92894,43,,1,,91235
92895,60,,1,,91236
92896,23,7,1,,91237
92897,39,3,1,,91238
92898,39,4,1,,91239
92899,39,3,1,,91240
92900,39,3,1,,91241
92901,39,1,1,,91242
92902,39,3,1,,91243
92903,39,3,1,,91244
92904,39,1,1,,91245
92905,39,1,1,,91246
92906,39,3,1,,91247
92907,60,,1,,91248
92908,60,,1,,91249
92909,39,1,1,,91250
92910,22,,1,,91251
92911,39,1,1,,91252
92912,60,,1,,91253
92913,36,,1,,91254
92914,39,1,2,,91255
92915,60,,1,,91256
92916,60,,1,,91257
92917,39,3,2,,91258
92918,39,1,1,,91259
92919,60,,1,,91260
92920,60,,1,,91261
92921,60,,1,,91262
92922,60,,1,,91263
92923,60,,1,,91264
92924,60,,1,,91265
92925,60,,1,,91266
92926,60,,1,,91267
92927,60,,1,,91268
92928,60,,1,,91269
92929,60,,1,,91270
92930,60,,1,,91271
92931,60,,1,,91272
92932,60,,1,,91273
92933,60,,1,,91274
92934,60,,1,,91275
92935,60,,1,,91276
92936,60,,1,,91277
92937,60,,1,,91278
92938,60,,1,,91279
92939,60,,1,,91280
92940,60,,1,,91281
92941,60,,1,,91282
92942,60,,1,,91555
92943,60,,1,,91556
92944,60,,1,,91557
92945,60,,1,,91558
92946,60,,1,,91559
92947,60,,1,,91560
92948,60,,1,,91561
92949,60,,1,,91562
92950,60,,1,,91563
92951,60,,1,,91564
92952,60,,1,,91565
92953,60,,1,,91566
92954,60,,1,,91567
92955,60,,1,,91568
92956,60,,1,,91569
92957,60,,1,,91570
92958,60,,1,,91571
92959,60,,1,,91572
92960,60,,1,,91573
92961,60,,1,,91574
92962,60,,1,,91575
92963,60,,1,,91576
92964,60,,1,,91577
92965,60,,1,,91578
92966,60,,1,,91579
92967,60,,1,,91580
92968,60,,1,,91581
92969,60,,1,,91582
92970,60,,1,,91583
92971,60,,1,,91584
92972,60,,1,,91585
92973,60,,1,,91586
92974,60,,1,,91587
92975,60,,1,,91588
92976,60,,1,,91589
92977,60,,1,,91590
92978,60,,1,,91591
92979,60,,1,,91592
92980,60,,1,,91593
92981,60,,1,,91594
92982,60,,1,,91595
92983,60,,1,,91596
92984,60,,1,,91597
92985,60,,1,,91598
92986,60,,1,,91599
92987,60,,1,,91600
92988,60,,1,,91601
92989,60,,1,,91602
92990,60,,1,,91603
92991,60,,1,,91604
92992,60,,1,,91605
92993,60,,1,,91606
92994,60,,1,,91607
92995,60,,1,,91608
92996,60,,1,,91609
92997,60,,1,,91610
92998,60,,1,,91611
92999,60,,1,,91612
93000,60,,1,,91613
93001,60,,1,,91614
93002,60,,1,,91615
93003,60,,1,,91616
93004,60,,1,,91617
93005,60,,1,,91618
93006,60,,1,,91619
93007,60,,1,,91620
93008,60,,1,,91621
93009,60,,1,,91622
93010,60,,1,,91623
93011,60,,1,,91624
93012,60,,1,,91625
93013,60,,1,,91626
93014,60,,1,,91627
93015,60,,1,,91628
93016,60,,1,,91629
93017,60,,1,,91630
93018,60,,1,,91631
93019,60,,1,,91632
93020,60,,1,,91633
93021,60,,1,,91634
93022,60,,1,,91635
93023,60,,1,,91636
93024,60,,1,,91637
93025,60,,1,,91638
93026,60,,1,,91639
93027,60,,1,,91640
93028,60,,1,,91641
93029,60,,1,,91642
93030,60,,1,,91643
93031,60,,1,,91644
93032,60,,1,,91645
93033,60,,1,,91646
93034,60,,1,,91647
93035,60,,1,,91648
93036,60,,1,,91649
93037,60,,1,,91650
93038,60,,1,,91651
93039,60,,1,,91652
93040,60,,1,,91653
93041,60,,1,,91654
93042,60,,1,,91655
93043,60,,1,,91656
93044,60,,1,,91657
93045,60,,1,,91658
93046,60,,1,,91659
93047,60,,1,,91660
93048,60,,1,,91661
93049,60,,1,,91662
93050,60,,1,,91663
93051,60,,1,,91664
93052,60,,1,,91665
93053,60,,1,,91666
93054,60,,1,,91667
93055,60,,1,,91668
93056,60,,1,,91669
93057,60,,1,,91670
93058,60,,1,,91671
93059,60,,1,,91672
93060,60,,1,,91673
93061,60,,1,,91674
93062,60,,1,,91675
93063,60,,1,,91676
93064,60,,1,,91677
93065,60,,1,,91678
93066,60,,1,,91679
93067,60,,1,,91680
93068,60,,1,,91681
93069,60,,1,,91682
93070,60,,1,,91683
93071,60,,1,,91684
93072,21,,1,,91685
93073,36,,1,,91686
93074,83,,1,,91687
93075,36,,1,,91688
93076,36,,1,,91689
93077,36,,1,,91690
93078,39,6,1,,91691
93079,39,6,1,,91692
93080,39,6,1,,91693
93081,39,6,1,,91694
93082,39,6,1,,91695
93083,83,,1,,91696
93084,83,,1,,91697
93085,39,6,1,,91698
93086,39,6,1,,91699
93087,39,6,1,,91700
93088,39,6,1,,91701
93089,39,6,1,,91702
93090,39,6,1,,91703
93091,39,6,1,,91704
93092,39,6,1,,91705
93093,39,6,1,,91706
93094,39,6,1,,91707
93095,39,6,1,,91708
93096,39,6,1,,91709
93097,39,6,1,,91710
93098,39,6,1,,91711
93099,60,6,1,,91712
93100,39,6,1,,91713
93101,39,6,1,,91714
93102,39,6,1,,91715
93103,39,6,1,,91716
93104,39,6,1,,91717
93105,60,,1,,91718
93106,3,,1,,91719
93107,3,,1,,91720
93108,39,6,2,,91721
93109,39,6,1,,91722
93110,39,6,1,,91723
93111,39,6,1,,91724
93112,81,,1,,91725
93113,39,6,1,,91726
93114,39,6,1,,91727
93115,39,6,1,,91728
93116,39,6,1,,91980
93117,39,6,1,,91981
93118,39,6,1,,91982
93119,39,6,1,,91983
93120,39,6,1,,91984
93121,39,6,1,,91985
93122,39,6,1,,91986
93123,39,6,1,,91987
93124,39,6,3,,91988
93125,39,6,2,,91989
93126,39,6,1,,91990
93127,39,6,2,,91991
93128,39,6,4,,91992
93129,39,6,1,,91993
93130,39,6,4,,91994
93131,39,6,4,,91995
93132,39,6,4,,91996
93133,39,6,4,,91997
93134,39,6,4,,91998
93135,39,6,5,,91999
93136,39,1,2,,92000
93137,39,1,1,,92001
93138,39,1,2,,92002
93139,39,1,1,,92003
93140,60,1,1,,92004
93141,39,1,1,,92005
93274,39,1,1,,91804
93275,39,1,1,,91805
93276,39,1,1,,91806
93277,39,1,1,,91807
93278,39,3,1,,91808
93279,39,3,1,,91809
93280,39,3,1,,91810
93281,39,1,1,,91811
93282,39,3,1,,91812
93283,23,7,1,,91813
93284,39,1,1,,91814
93285,23,5,1,,91815
93286,22,,1,,91816
93287,22,,1,,91817
93288,39,1,1,,91818
93289,39,1,1,,91819
93290,39,1,1,,91820
93291,39,3,1,,91821
93292,39,3,1,,91822
93293,39,1,1,,91823
93294,39,3,1,,91824
93295,39,3,1,,91825
93296,23,7,1,,91826
93297,39,1,1,,91827
93298,23,7,1,,91827
93299,39,3,1,,91828
93300,39,3,1,,91829
93301,39,3,1,,91830
93302,39,3,1,,91831
93303,39,1,1,,91832
93304,23,5,1,,91833
93305,39,1,1,,91834
93306,39,1,1,,91835
93307,39,1,1,,91836
93308,39,3,1,,91837
93309,39,1,1,,91838
93310,39,3,1,,91839
93311,39,1,1,,91840
93312,39,3,1,,91841
93313,39,3,1,,91842
93314,39,1,1,,91843
93315,39,1,2,,91844
93316,39,1,1,,91845
93317,43,,1,,91846
93318,39,1,1,,91847
93319,39,1,1,,91848
93320,23,,1,in backpack,91848
93321,39,1,1,,91849
93322,23,7,1,,91850
93323,39,3,1,,91851
93324,39,3,1,,91852
93325,39,1,2,,91853
93326,39,1,1,,91854
93327,39,1,1,,91855
93328,39,1,1,,91856
93329,23,7,1,,91857
93330,39,1,1,,91858
93331,23,5,1,,91859
93332,39,3,1,,91860
93333,39,1,1,,91861
93335,23,7,3,,91861
93336,39,1,1,,91862
93337,23,7,1,,91862
93338,39,1,1,,91863
93339,39,1,1,,91864
93340,39,1,1,,91865
93341,39,1,1,,91866
93342,39,1,1,,91867
93343,39,1,2,,91868
93344,23,5,1,,91868
93345,39,1,1,,91869
93346,39,1,2,,91870
93347,39,1,2,,91871
93348,39,1,1,,91872
93349,23,5,1,,91872
93350,39,8,1,,91873
93351,39,1,2,,91874
93352,39,1,2,,91875
93353,39,1,2,,91876
93354,39,1,1,,91877
93355,39,1,2,,91878
93356,39,3,1,,91879
93357,23,5,1,,91880
93358,39,1,1,,91881
93359,39,1,1,,91882
93360,39,1,1,,91883
93361,39,1,1,,91884
93362,39,1,1,,91885
93363,39,3,1,,91886
93364,60,,1,,91887
93365,80,,2,,91888
93366,39,1,1,,91889
93367,39,1,1,,91890
93368,39,1,1,,91891
93369,39,1,1,,91892
93370,23,5,1,,91893
93371,39,1,1,,91894
93372,39,1,1,,91895
93373,39,3,1,,91896
93374,39,1,1,,91897
93375,39,1,1,,91898
93376,39,1,1,,91899
93377,39,3,1,,91900
93378,39,1,1,,91901
93379,39,1,1,,91902
93380,39,1,1,,91903
93381,39,3,1,,91904
93382,39,1,1,,91905
93383,39,1,2,,91906
93384,39,1,1,,91907
93385,39,1,1,,91908
93386,39,1,1,,91909
93387,39,1,1,,91910
93388,39,1,1,,91911
93389,39,1,1,,91912
93390,39,1,1,,91913
93391,39,1,1,,91914
93392,39,1,1,,91915
93393,39,1,1,,91916
93394,39,1,1,,91917
93395,39,1,1,,91918
93396,39,1,1,,91919
93397,39,1,1,,91920
93398,39,3,1,,91921
93399,39,3,1,,91922
93400,23,7,2,,91923
93401,39,3,1,,91924
93402,23,7,1,,91925
93403,39,1,1,,91926
93404,39,1,1,,91927
93405,39,1,1,,91928
93406,39,1,1,,91930
93407,39,1,1,,91931
93408,39,1,1,,91932
93409,39,3,1,,91933
93410,36,,1,,91934
93411,39,3,1,,91935
93412,23,5,1,,91936
93413,60,,1,,91937
93414,39,1,1,,91938
93415,39,1,1,,91939
93416,39,1,1,,91940
93417,23,7,1,,91940
93418,39,1,1,,91941
93419,39,1,1,,91942
93420,39,1,1,,91943
93421,39,1,1,,91944
93422,39,1,1,,91945
93423,39,1,1,,91946
93424,39,3,1,,91947
93425,39,1,1,,91948
93426,39,3,1,,91949
93427,39,3,1,,91950
93428,23,5,1,,91951
93429,39,1,2,,91952
93430,23,5,1,,91953
93431,39,1,1,,91954
93432,60,,1,,91955
93433,39,1,1,,91956
93434,39,1,1,,91957
93435,23,7,1,,91958
93436,39,6,1,,91959
93437,39,6,1,,91960
93438,39,6,1,,91961
93439,39,6,1,,91962
93440,39,6,1,,91963
93441,39,6,1,,91964
93442,60,6,1,,91965
93443,60,,1,,91966
93444,39,6,1,,91967
93445,39,6,1,,91968
93446,39,6,1,,91969
93447,39,6,1,,91970
93448,39,6,1,,91971
93449,39,6,1,,91972
93450,39,6,1,,91973
93451,39,6,1,,91974
93452,39,6,1,,91975
93453,39,6,2,,91976
93454,39,6,1,,91977
93455,39,6,1,,91978
93456,39,6,1,,91979
93457,23,5,1,,92052
93458,23,5,1,,92053
93459,39,1,2,,92054
93460,23,5,1,,92055
93461,39,1,1,,92056
93463,23,7,1,,92056
93464,39,3,1,,92057
93465,39,1,3,,92058
93466,39,1,1,,92059
93467,23,7,1,,92060
93468,39,1,2,,92061
93469,39,1,2,,92062
93470,39,1,1,,92063
93471,39,1,1,,92064
93472,39,1,1,,92065
93473,39,1,2,,92066
93474,23,5,1,,92067
93475,60,,1,,92068
93476,39,1,1,,92069
93477,39,1,1,,92070
93478,39,1,2,,92071
93479,23,7,1,,92071
93480,39,1,1,,92072
93481,39,1,1,,92073
93482,39,3,1,,92074
93483,39,3,1,,92075
93484,39,3,1,,92076
93485,39,1,1,,92077
93486,39,1,1,,92078
93487,23,7,1,,92078
93488,39,1,1,,92079
93489,39,1,1,,92080
93490,23,7,1,,92081
93491,39,1,1,,92081
93492,39,3,1,,92082
93493,39,3,1,,92083
93494,39,3,1,,92084
93495,60,,1,,92085
93496,39,3,1,,92086
93497,39,1,1,,92087
93498,55,,1,,92088
93499,39,1,1,,92089
93500,39,1,1,,92090
93501,39,1,1,,92091
93502,23,7,1,,92091
93503,39,1,1,,92092
93504,39,1,2,,92093
93505,39,1,2,,92094
93506,39,1,2,,92095
93507,39,1,1,,92096
93508,39,1,2,,92097
93509,23,7,1,,92097
93510,39,1,1,,92098
93511,39,1,2,,92099
93512,39,1,1,,92100
93513,39,1,2,,92101
93514,39,1,2,,92102
93515,39,1,2,,92103
93516,23,7,2,,92103
93517,39,1,1,,92104
93518,39,1,2,,92105
93519,39,1,3,,92106
93520,23,7,1,,92106
93521,39,1,2,,92107
93522,39,3,1,,92108
93523,60,,1,,92109
93524,39,1,1,,92110
93525,39,1,1,,92111
93526,39,4,1,,92112
93527,23,7,1,,92113
93528,39,3,1,,92114
93529,39,1,1,,92115
93530,39,1,2,,92116
93531,39,1,2,,92117
93532,39,1,1,,92118
93533,39,1,1,,92119
93534,39,3,1,,92120
93535,39,3,1,,92121
93536,39,1,1,,92122
93537,23,7,1,,92123
93538,39,1,2,,92124
93539,39,1,2,,92125
93540,39,3,1,,92126
93541,60,,1,,92127
93542,60,,1,,92128
93543,23,7,1,,92129
93544,39,1,2,,92130
93545,39,1,1,,92131
93546,39,1,1,,92132
93547,39,1,1,,92133
93548,39,1,1,,92134
93549,39,1,1,,92135
93550,39,1,1,,92136
93551,39,1,1,,92137
93552,39,1,1,,92138
93553,39,1,1,,92139
93554,39,1,1,,92140
93555,39,1,1,,92141
93556,39,1,2,,92142
93557,39,1,1,,92143
93558,39,1,1,,92144
93559,39,1,2,,92145
93560,39,1,2,,92146
93561,23,7,2,,92146
93562,39,1,1,,92147
93563,39,1,1,,92148
93564,39,1,2,,92149
93565,39,1,1,,92150
93566,23,5,1,,92150
93567,39,1,1,,92151
93568,39,3,1,,92152
93569,60,,1,,92153
93570,39,1,2,,92154
93571,39,1,2,,92155
93572,39,1,1,,92156
93573,39,1,1,,92157
93574,39,1,2,,92158
93575,39,3,1,,92159
93576,39,1,2,,92160
93577,39,1,2,,92161
93578,39,1,1,,92162
93579,39,1,1,,92163
93580,39,1,1,,92164
93581,23,7,1,,92164
93582,39,3,1,,92165
93583,39,3,1,,92166
93584,43,,1,,92167
93585,11,,1,,92168
93586,43,,1,,92169
93587,39,1,1,,92170
93588,39,1,1,,92171
93589,39,1,1,,92172
93590,39,3,1,,92173
93591,39,1,1,,92174
93592,39,1,2,,92175
93593,39,1,1,,92176
93594,39,1,1,,92177
93595,39,1,1,,92178
93596,39,1,1,,92179
93597,60,,1,,92180
93598,39,1,1,,92181
93599,39,1,1,,92182
93600,60,,1,,92183
93601,39,3,1,,92184
93602,23,5,1,,92185
93603,39,1,1,,92186
93604,23,5,1,,92186
93605,39,1,1,,92187
93606,23,7,1,,92187
93607,39,1,1,,92188
93609,23,5,1,,92188
93610,39,1,1,,92189
93611,39,1,1,,92190
93612,39,1,1,,92191
93613,39,1,2,,92192
93614,39,1,1,,92193
93615,23,7,1,,92194
93616,39,1,1,,92195
93617,39,1,1,,92196
93618,39,1,2,,92197
93619,39,1,1,,92198
93620,39,1,3,,92199
93621,39,1,1,,92200
93622,39,1,2,,92201
93623,39,1,1,,92202
93624,39,1,1,,92203
93625,39,1,1,,92204
93626,39,1,4,,92205
93627,39,1,2,,92206
93628,23,7,1,,92206
93629,39,1,2,,92207
93630,39,1,1,,92208
93631,39,1,2,,92209
93632,39,1,1,,92210
93634,23,5,1,,92210
93635,39,1,1,,92211
93636,39,1,1,,92212
93637,39,1,1,,92213
93638,60,1,1,,92214
93639,39,1,1,,92215
93640,60,,1,,92216
93641,39,1,1,,92217
93642,39,1,1,,92218
93643,39,1,1,,92219
93644,60,,1,,92220
93645,39,3,1,,92221
93646,39,1,1,,92222
93647,39,1,1,,92223
93648,39,1,1,,92224
93649,39,3,1,,92225
93650,39,3,1,,92226
93651,39,1,2,,92227
93652,39,1,1,,92228
93653,39,1,1,,92229
93654,39,1,1,,92230
93655,39,1,2,,92231
93656,39,1,1,,92232
93657,39,1,1,,92233
93658,39,1,1,,92234
93659,39,1,1,,92235
93660,39,1,1,,92236
93661,39,1,1,,92237
93662,39,1,1,,92238
93663,39,1,1,,92239
93664,39,1,1,,92240
93665,39,1,2,,92241
93666,23,7,1,,92241
93667,39,1,2,,92242
93668,39,1,1,,92243
93669,74,,1,,92244
93670,39,1,2,,92245
93671,39,1,2,,92246
93672,39,1,1,,92247
93673,39,1,2,,92248
93674,39,1,2,,92249
93675,39,3,1,,92250
93676,39,1,1,,92251
93677,39,1,1,,92252
93678,39,1,1,,92253
93679,39,1,2,,92254
93680,23,5,1,,92255
93681,39,1,1,,92256
93683,23,7,1,,92256
93684,39,1,1,,92257
93685,39,3,1,,92258
93686,39,3,1,,92259
93687,39,1,2,,92260
93688,39,3,1,,92261
93689,39,3,1,,92262
93690,39,1,1,,92263
93691,60,,1,,92264
93692,60,,1,,92265
93693,39,3,1,,92266
93694,39,3,1,,92267
93695,39,3,1,,92268
93696,39,1,1,,92269
93697,39,1,2,,92270
93698,39,3,1,,92271
93699,39,1,1,,92272
93700,39,1,2,,92273
93701,39,1,2,,92274
93702,23,7,1,,92274
93703,39,1,1,,92275
93704,39,1,1,,92276
93705,39,1,1,,92277
93706,23,7,1,,92277
93707,39,,1,,92278
93708,39,1,1,,92279
93709,39,1,3,,92280
93710,39,1,2,,92281
93711,39,4,1,,92282
93712,39,1,2,,92283
93713,39,1,1,,92284
93714,39,1,1,,92285
93715,39,1,2,,92286
93716,39,1,2,,92287
93717,39,1,1,,92288
93718,39,1,2,,92289
93719,39,3,1,,92290
93720,39,4,2,,92291
93721,39,1,3,,92292
93722,39,1,2,,92293
93723,39,1,1,,92294
93724,39,1,1,,92295
93725,23,7,1,,92295
93726,23,7,1,,92296
93727,39,1,1,,92297
93728,39,1,1,,92298
93729,39,3,1,,92299
93730,60,,1,,92300
93731,39,1,1,,92301
93732,39,1,2,,92302
93733,39,3,1,,92303
93734,39,3,1,,92304
93735,11,,2,,92305
93736,39,1,2,,92306
93737,23,7,1,,92307
93738,39,8,2,,92308
93739,39,1,1,,92309
93740,36,,1,,92310
93741,39,1,1,,92311
93742,39,1,1,,92312
93743,39,3,1,,92313
93744,39,1,1,,92314
93745,39,1,1,,92315
93746,39,3,1,,92316
93747,23,7,1,,92317
93748,39,1,1,,92318
93749,39,1,1,,92319
93750,39,3,1,,92320
93751,39,1,1,,92321
93752,39,1,1,,92322
93753,39,1,1,,92323
93754,39,1,1,,92324
93755,39,1,1,,92325
93756,39,1,1,,92326
93757,60,1,1,,92327
93758,39,1,1,,92328
93759,23,7,1,,92328
93760,39,1,1,,92329
93761,39,1,1,,92330
93762,39,3,1,,92331
93763,39,3,1,,92332
93764,39,,1,,92333
93765,39,1,1,,92334
93766,39,1,1,,92335
93767,39,1,2,,92336
93768,39,1,1,,92337
93769,39,3,1,,92338
93770,39,1,1,,92339
93771,39,1,2,,92340
93772,39,3,1,,92341
93773,39,1,1,,92342
93774,39,3,1,,92343
93775,39,3,1,,92344
93776,39,1,2,,92345
93777,23,7,1,,92345
93778,39,1,2,,92346
93779,39,3,1,,92347
93780,39,3,1,,92348
93781,39,1,1,,92349
93782,39,1,1,,92350
93783,39,1,1,,92351
93784,39,3,1,,92352
93785,39,1,2,,92353
93786,39,1,1,,92354
93787,39,1,3,,92355
93788,23,7,1,,92356
93789,39,1,2,,92357
93790,39,1,2,,92358
93791,39,1,2,,92359
93792,39,1,1,,92360
93793,39,3,1,,92361
93794,39,3,1,,92362
93795,39,1,1,,92363
93796,39,1,1,,92364
93797,39,1,1,,92365
93798,39,1,4,,92366
93799,39,3,1,,92367
93800,39,1,2,,92368
93801,39,1,1,,92369
93802,39,1,1,,92370
93803,39,1,1,,92371
93804,39,1,1,,92372
93805,39,1,1,,92373
93806,23,7,2,,92373
93807,39,1,1,,92374
93808,39,1,1,,92375
93809,39,1,1,,92376
93810,39,3,1,,92377
93811,39,3,1,,92378
93812,39,3,1,,92379
93813,39,3,1,,92380
93814,39,3,1,,92381
93815,39,1,1,,92382
93816,39,3,1,,92383
93817,39,1,1,,92384
93818,39,1,1,,92385
93819,39,1,2,,92386
93820,39,1,2,,92387
93821,39,3,1,,92388
93822,23,5,1,,92389
93823,23,7,1,,92390
93824,39,1,1,,92391
93825,39,1,1,,92392
93826,23,7,1,,92392
93827,39,1,1,,92393
93828,39,1,2,,92394
93829,39,1,1,,92395
93830,39,1,1,,92396
93831,39,1,2,,92397
93832,39,1,2,,92398
93833,39,1,1,,92399
93834,39,1,2,,92400
93835,39,1,1,,92401
93836,39,1,2,,92402
93837,39,1,1,,92403
93838,39,1,1,,92404
93839,39,1,2,,92405
93840,39,1,2,,92406
93841,39,1,2,,92407
93842,39,1,2,,92408
93843,23,7,1,,92408
93844,39,1,1,,92409
93845,39,1,1,,92410
93846,39,3,1,,92411
93847,39,1,1,,92412
93848,39,1,2,,92413
93849,39,3,1,,92414
93850,39,1,1,,92415
93851,39,3,1,,92416
93852,39,3,1,,92417
93853,39,1,1,,92418
93854,23,7,1,,92418
93855,39,1,2,,92419
93856,23,5,1,,92420
93857,39,1,1,,92421
93858,23,5,1,,92422
93859,39,1,1,,92423
93860,39,1,1,,92424
93861,39,1,1,,92425
93862,39,1,1,,92426
93863,39,1,1,,92427
93864,23,7,2,,92427
93865,39,1,2,,92428
93866,39,1,1,,92429
93867,23,7,1,,92429
93868,39,1,1,,92430
93869,23,7,1,,92431
93870,39,1,1,,92432
93871,23,7,1,,92432
93872,39,1,2,,92433
93873,39,1,2,,92434
93874,39,3,1,,92435
93875,39,1,1,,92436
93876,39,1,1,,92437
93877,39,1,1,,92438
93878,23,7,1,,92438
93879,39,1,1,,92439
93880,23,7,1,,92439
93881,39,1,1,,92440
93882,39,3,1,,92441
93883,39,3,1,,92442
93884,39,3,1,,92443
93885,39,,1,,92444
93886,13,,1,,92445
93887,39,1,1,,92446
93888,39,1,1,,92447
93889,60,,1,,92448
93890,39,1,1,,92449
93891,23,7,1,,92449
93892,39,1,1,,92450
93893,39,1,1,,92451
93894,39,1,1,,92452
93895,39,1,1,,92453
93896,39,1,2,,92454
93897,39,1,1,,92455
93898,39,1,1,,92456
93899,39,1,2,,92457
93900,39,1,2,,92458
93901,39,1,1,,92459
93902,39,1,1,,92460
93903,39,1,1,,92461
93904,23,5,1,,92462
93905,39,1,1,,92463
93906,39,1,3,,92464
93907,39,1,1,,92465
93908,39,1,2,,92466
93909,23,5,1,,92467
93910,39,1,1,,92468
93911,39,1,3,,92469
93912,39,1,3,,92470
93913,39,1,1,,92471
93914,39,1,2,,92472
93915,39,1,2,,92473
93916,39,1,1,,92474
93917,39,1,1,,92475
93918,39,1,2,,92476
93919,39,1,1,,92477
93920,39,1,1,,92478
93921,39,1,2,,92479
93922,39,1,1,,92480
93923,39,1,1,,92481
93924,36,,1,,92481
93925,39,1,1,,92482
93926,39,1,1,,92483
93927,39,1,1,,92484
93928,23,7,2,,92484
93929,39,3,1,,92485
93930,39,1,2,,92486
93931,39,1,1,,92487
93932,39,1,2,,92488
93933,39,1,1,,92489
93934,39,1,2,,92490
93935,39,1,1,,92491
93936,39,1,2,,92492
93937,39,3,1,,92493
93938,23,7,1,,92493
93939,39,1,2,,92494
93940,39,1,2,,92495
93941,39,1,1,,92496
93942,39,1,1,,92497
93943,23,7,1,,92497
93944,39,1,1,,92498
93945,23,7,1,,92498
93946,39,1,1,,92499
93947,39,1,2,,92500
93948,39,1,1,,92501
93949,23,7,1,,92502
93950,39,1,1,,92503
93951,39,1,1,,92504
93952,39,4,1,,92505
93953,39,1,1,,92506
93954,39,1,1,,92507
93955,39,1,1,,92508
93956,39,1,1,,92509
93957,39,4,1,,92510
93958,39,1,1,,92511
93959,39,1,1,,92512
93960,39,1,1,,92513
93961,39,1,1,,92514
93962,23,5,1,,92515
93963,39,3,1,,92516
93964,39,3,1,,92517
93965,39,1,1,,92518
93966,39,3,1,,92519
93967,60,,1,,92520
93968,39,1,1,,92521
93969,39,3,1,,92522
93970,39,1,1,,92523
93971,39,1,1,,92524
93972,39,3,1,,92525
93973,39,1,1,,92526
93974,39,1,2,,92527
93975,39,1,1,,92528
93976,39,1,1,,92529
93977,39,3,1,,92530
93978,39,3,1,,92531
93979,23,5,1,,92532
93980,60,,1,,92533
93981,60,,1,,92534
93982,60,,1,,92535
93983,39,1,1,,92536
93984,39,1,1,,92537
93985,39,1,1,,92538
93986,39,1,1,,92539
93987,39,1,1,,92540
93988,39,1,2,,92541
93989,39,1,1,,92542
93990,39,1,1,,92543
93991,39,3,1,,92544
93992,39,3,1,,92545
93993,39,3,1,,92546
93994,39,1,2,,92547
93995,39,1,2,,92548
93996,60,3,1,,92549
93997,39,1,1,,92550
93998,23,7,1,,92550
93999,39,1,1,,92551
94000,39,1,1,,92552
94001,39,1,1,,92553
94002,39,1,1,,92554
94003,39,1,2,,92555
94004,39,1,2,,92556
94005,39,1,1,,92557
94006,39,3,1,,92558
94007,39,1,2,,92559
94008,39,1,1,,92560
94009,39,1,1,,92561
94010,23,7,1,,92561
94011,39,6,1,,92562
94012,39,6,1,,92563
94013,39,6,1,,92564
94014,39,6,1,,92565
94015,39,6,1,,92566
94016,39,6,1,,92567
94017,39,6,1,,92568
94018,39,6,1,,92569
94019,39,1,1,,92592
94020,23,7,1,,92593
94021,39,1,1,,92594
94022,39,1,1,,92595
94023,39,1,1,,92596
94024,39,1,1,,92597
94025,39,1,2,,92598
94026,23,7,1,,92599
94027,39,1,1,,92600
94028,39,1,1,,92601
94029,39,1,1,,92602
94030,39,1,1,,92603
94031,39,1,1,,92604
94032,39,1,1,,92605
94033,39,3,1,,92606
94034,39,1,1,,92607
94035,39,1,1,,92608
94036,39,3,1,,92609
94037,39,1,1,,92610
94038,39,1,2,,92611
94039,39,1,1,,92612
94040,39,1,2,,92613
94041,39,3,1,,92614
94042,39,1,1,,92615
94043,39,3,1,,92616
94044,39,1,3,,92617
94045,39,3,1,,92618
94046,39,1,2,,92619
94047,39,1,2,,92620
94048,39,3,1,,92621
94049,39,1,1,,92622
94050,39,1,2,,92623
94051,39,1,1,,92624
94052,39,3,1,,92625
94053,39,1,1,,92626
94054,60,,1,,92627
94055,39,1,1,,91929
94056,39,1,1,,92570
94057,39,6,3,,92571
94058,39,6,4,,92572
94059,39,3,1,,92573
94060,39,1,2,,92574
94061,39,1,1,,92575
94062,39,1,1,,92576
94063,39,1,2,,92577
94064,39,1,1,,92578
94065,23,7,1,,92578
94066,39,1,2,,92579
94067,39,1,1,,92580
94068,39,1,2,,92581
94069,39,1,3,,92582
94070,23,,1,,92583
94071,39,1,2,,92584
94072,39,3,1,,92585
94073,39,4,1,,92586
94074,39,4,1,,92587
94075,39,1,1,,92588
94076,60,,1,,92589
94077,39,1,1,,92590
94078,39,1,2,,92591
94079,39,1,1,,92628
94080,39,1,2,,92629
94081,39,1,1,,92630
94082,39,1,2,,92631
94083,39,1,1,,92632
94084,39,3,1,,92633
94085,39,1,2,,92634
94086,39,1,1,,92635
94087,23,7,1,,92635
94088,60,,1,,92636
94089,39,1,2,,92637
94090,39,1,2,,92638
94091,39,1,1,,92639
94092,60,1,1,,92640
94093,39,1,1,,92641
94094,39,1,1,,92642
94095,39,1,1,,92643
94096,39,1,2,,92644
94097,39,3,1,,92645
94098,39,1,1,,92646
94099,13,,1,,92647
94100,22,,1,,92648
94101,22,,1,,92649
94102,39,1,1,,92650
94103,39,1,1,,92651
94104,39,3,1,,92652
94105,39,1,1,,92653
94106,39,1,1,,92654
94107,39,1,1,,92655
94108,39,1,1,,92656
94109,39,1,1,,92657
94110,39,4,1,,92658
94111,39,4,1,,92659
94112,39,3,1,,92660
94113,39,1,1,,92661
94114,39,3,1,,92662
94115,39,1,2,,92663
94116,39,1,1,,92664
94117,39,1,2,,92665
94118,39,1,2,,92666
94119,39,1,1,,92667
94120,60,1,1,,92668
94121,60,,1,,92669
94122,39,1,1,,92670
94123,23,7,1,,92670
94124,39,1,3,,92671
94125,39,1,2,,92672
94126,39,1,2,,92673
94127,39,1,1,,92674
94128,39,3,1,,92675
94129,39,1,2,,92676
94130,39,1,1,,92677
94131,39,4,2,,92678
94132,39,1,2,,92679
94133,39,1,1,,92680
94134,39,1,2,,92681
94135,39,1,2,,92682
94136,23,7,1,,92682
94137,39,1,1,,92683
94138,39,1,2,,92684
94139,39,1,2,,92685
94140,39,3,1,,92686
94141,39,1,2,,92687
94142,39,1,2,,92688
94143,39,1,3,,92689
94144,39,1,1,,92690
94145,23,7,1,,92690
94146,60,,1,,92691
94147,39,1,1,,92692
94148,23,7,2,,92692
94149,39,1,1,,92693
94150,36,,1,,92694
94151,60,,1,,92695
94152,11,,1,,92696
94153,39,1,1,,92697
94154,23,5,1,,92698
94155,39,1,1,,92699
94156,39,4,1,,92700
94157,39,1,1,,92701
94158,39,1,2,,92702
94159,39,1,1,,92703
94160,39,1,1,,92704
94161,39,3,1,,92705
94162,39,1,1,,92706
94163,39,1,1,,92707
94164,39,1,1,,92708
94165,39,1,1,,92709
94166,39,3,1,,92710
94167,39,1,1,,92711
94168,23,5,1,,92712
94169,39,1,2,,92713
94170,39,1,2,,92714
94171,39,1,1,,92715
94172,39,1,1,,92716
94173,39,3,1,,92717
94174,39,1,1,,92718
94175,39,1,1,,92719
94176,23,7,1,,92720
94177,39,1,1,,92721
94178,39,1,1,,92722
94179,39,1,2,,92723
94180,39,3,1,,92724
94181,39,3,1,,92725
94182,39,3,1,,92726
94183,39,1,1,,92727
94184,39,1,1,,92728
94185,39,1,1,,92729
94186,39,1,2,,92730
94187,39,3,1,,92731
94188,39,1,2,,92732
94189,39,1,2,,92733
94190,39,1,2,,92734
94191,39,1,2,,92735
94192,39,1,2,,92736
94193,39,1,1,,92737
94194,39,1,1,,92738
94195,39,3,1,,92739
94196,39,3,1,,92740
94197,39,3,1,,92741
94198,39,3,1,,92742
94199,60,,1,,92743
94200,39,1,1,,92744
94201,39,1,1,,92745
94202,39,1,1,,92746
94203,39,1,1,,92747
94204,39,1,1,,92748
94205,39,1,1,,92749
94206,39,1,1,,92750
94207,39,1,2,,92751
94208,23,7,1,,92752
94209,39,1,1,,92753
94210,39,1,1,,92754
94211,39,3,1,,92755
94212,39,1,1,,92756
94213,39,1,1,,92757
94214,39,1,1,,92758
94215,39,1,1,,92759
94216,60,1,1,,92760
94217,60,,1,,92761
94218,36,,1,,92762
94219,39,1,2,,92763
94220,39,1,1,,92764
94221,39,3,1,,92765
94222,39,1,1,,92766
94223,39,3,1,,92767
94224,39,3,1,,92768
94225,60,,1,,92769
94226,60,,1,,92770
94227,39,1,1,,92771
94228,39,1,1,,92772
94229,39,3,1,,92773
94230,39,3,1,,92774
94231,39,1,1,,92775
94232,39,1,1,,92776
94233,39,1,1,,92777
94234,39,1,1,,92778
94235,23,7,1,,92778
94236,39,3,1,,92779
94237,39,1,1,,92780
94238,39,1,2,,92781
94239,39,1,1,,92782
94240,23,7,1,,92782
94241,23,7,1,,92783
94242,39,1,1,,92784
94243,39,1,1,,92785
94244,23,7,1,,92785
94245,39,1,1,,92786
94246,39,1,2,,92787
94247,39,1,2,,92788
94248,39,1,1,,92789
94249,39,1,1,,92790
94250,39,1,2,,92791
94251,39,1,1,,92792
94252,60,,1,,92793
94253,39,1,2,,92794
94254,39,1,1,,92795
94255,39,1,1,,92796
94256,39,3,1,,92797
94257,39,1,1,,92798
94258,60,,1,,92799
94259,39,1,1,,92800
94260,39,1,1,,92801
94261,39,1,1,,92802
94262,39,1,1,,92803
94263,23,5,1,,92804
94264,39,1,1,,92805
94265,39,1,1,,92806
94266,39,1,1,,92807
94267,23,5,1,,92808
94268,39,1,2,,92809
94269,39,1,1,,92810
94270,23,7,1,,92811
94271,39,1,2,,92812
94272,39,3,1,,92813
94273,39,1,2,,92814
94274,23,7,1,,92815
94275,39,1,1,,92816
94276,60,,1,,92817
94277,39,1,1,,92818
94278,39,3,1,,92819
94279,39,1,2,,92820
94280,39,1,1,,92821
94281,39,1,2,,92822
94282,39,1,2,,92823
94283,39,1,1,,92824
94284,39,1,1,,92825
94285,39,1,1,,92826
94286,39,1,1,,92827
94287,39,1,1,,92828
94288,36,,1,,92829
94289,39,1,1,,92830
94290,39,1,1,,92831
94291,39,3,1,,92832
94292,39,1,1,,92833
94293,39,1,1,,92834
94294,39,3,1,,92835
94295,39,1,1,,92836
94296,39,1,2,,92837
94297,39,3,1,,92838
94298,39,3,1,,92839
94299,39,3,1,,92840
94300,39,1,1,,92841
94301,39,1,1,,92842
94302,39,3,1,,92843
94303,60,,1,,92844
94304,23,7,1,,92845
94305,39,1,2,,92846
94306,39,1,1,,92847
94307,39,1,3,,92848
94308,39,1,2,,92849
94309,39,1,1,,92850
94310,39,3,1,,92851
94311,39,3,1,,92852
94312,39,3,1,,92853
94313,39,3,1,,92854
94314,39,3,1,,92855
94315,60,,1,,92856
94316,60,,1,,92857
94317,39,1,2,,92858
94318,39,1,2,,92859
94319,39,1,1,,92860
94320,39,1,2,,92861
94321,39,3,1,,92862
94322,39,1,2,,92863
94323,39,1,3,,92864
94324,39,1,2,,92865
94325,39,1,1,,92866
94326,39,1,1,,92867
94327,39,1,2,,92868
94328,39,1,2,,92869
94329,39,1,1,,92870
94330,39,1,1,,92871
94331,23,7,1,,92871
94332,39,1,1,,92872
94333,39,1,2,,92873
94334,39,1,1,,92874
94335,39,1,1,,92875
94336,23,7,1,,92875
94337,39,1,1,,92876
94338,39,1,1,,92877
94339,39,1,2,,92878
94340,39,1,2,,92879
94341,39,1,2,,92880
94342,39,1,1,,92881
94343,39,1,1,,92882
94344,36,1,1,,92883
94345,36,,1,,92884
94346,39,1,2,,92885
94347,39,1,1,,92886
94348,39,1,1,,92887
94349,39,1,1,,92888
94350,23,7,1,,92888
94351,39,4,1,,92889
94352,39,1,1,,92890
94353,39,1,1,,92891
94354,23,7,1,,92892
94355,39,1,1,,92893
94356,23,7,1,,92893
94357,39,1,1,,92894
94358,39,1,2,,92895
94359,39,1,1,,92896
94360,39,1,1,,92897
94361,39,1,2,,92898
94362,39,1,1,,92899
94363,39,3,1,,92900
94364,39,1,2,,92901
94365,39,1,3,,92902
94366,60,,1,,92903
94367,39,3,1,,92904
94368,39,1,2,,92905
94369,23,7,1,,92906
94370,39,1,1,,92907
94371,39,1,1,,92908
94372,39,1,1,,92909
94373,39,1,2,,92910
94374,39,1,1,,92911
94375,39,1,1,,92912
94376,39,1,2,,92913
94377,23,7,1,,92913
94378,39,1,2,,92914
94379,39,1,1,,92915
94380,23,7,1,,92915
94381,39,1,1,,92916
94382,39,3,1,,92917
94383,39,1,2,,92918
94384,39,1,2,,92919
94385,39,1,2,,92920
94386,39,1,1,,92921
94387,39,1,2,,92922
94388,39,1,3,,92923
94389,39,1,2,,92924
94390,39,1,1,,92925
94391,23,5,1,,92925
94392,60,,1,,92926
94393,60,,1,,92927
94394,39,3,1,,92928
94395,39,1,1,,92929
94396,39,1,2,,92930
94397,39,1,1,,92931
94398,39,1,2,,92932
94399,39,1,1,,92933
94400,39,3,1,,92934
94401,39,3,1,,92935
94402,23,5,1,,92936
94403,39,1,1,,92937
94404,39,1,1,,92938
94405,39,1,1,,92939
94406,43,,1,,92940
94407,39,1,2,,92941
94408,39,1,1,,92942
94409,39,1,1,,92943
94410,39,3,1,,92944
94411,39,1,1,,92945
94412,23,7,1,,92945
94413,39,1,1,,92946
94414,39,1,1,,92947
94415,39,4,1,,92948
94416,39,1,1,,92949
94417,39,1,1,,92950
94418,39,1,1,,92951
94419,39,3,1,,92952
94420,39,1,1,,92953
94421,39,1,2,,92954
94422,39,1,1,,92955
94423,39,1,1,,92956
94424,39,3,1,,92957
94425,39,,1,,92958
94426,39,3,1,,92959
94427,39,1,1,,92960
94428,39,1,1,,92961
94429,39,1,1,,92962
94430,39,1,1,,92963
94431,39,1,2,,92964
94432,60,,1,,92965
94433,23,7,1,,92966
94434,39,1,2,,92967
94435,39,3,1,,92968
94436,39,1,2,,92969
94437,39,3,1,,92970
94438,60,,1,,92971
94439,39,1,1,,92972
94440,39,1,1,,92973
94441,39,1,1,,92974
94442,39,1,1,,92975
94443,39,1,1,,92976
94444,60,,1,,92977
94445,39,1,1,,92978
94446,39,1,1,,92979
94447,23,5,1,,92979
94448,39,1,1,,92980
94449,39,1,1,,92981
94450,23,5,1,,92982
94451,36,,1,,92983
94452,39,1,1,,92984
94453,39,1,1,,92985
94454,39,3,1,,92986
94455,39,1,1,,92987
94456,39,3,1,,92988
94457,39,1,2,,92989
94458,39,1,1,,92990
94459,60,,1,,92991
94460,60,,1,,92992
94461,39,1,1,,92993
94462,39,1,1,,92994
94463,39,1,1,,92995
94464,39,1,2,,92996
94465,39,1,1,,92997
94466,23,7,1,,92997
94467,39,1,1,,92998
94468,39,1,2,,92999
94469,39,1,2,,93000
94470,39,1,2,,93001
94471,39,1,1,,93002
94472,39,1,2,,93003
94473,39,1,1,,93004
94474,60,,1,,93005
94475,60,,1,,93006
94476,39,3,1,,93007
94477,23,7,1,,93008
94478,39,1,1,,93009
94479,39,1,1,,93010
94480,39,1,1,,93011
94481,39,1,2,,93012
94482,39,1,1,,93013
94483,39,1,2,,93014
94484,39,1,1,,93015
94485,39,1,1,,93016
94486,39,1,1,,93017
94487,39,1,1,,93018
94488,23,7,1,,93019
94489,39,1,1,,93020
94490,39,1,1,,93021
94491,39,1,1,,93022
94492,39,1,1,,93023
94493,39,1,1,,93024
94494,39,1,1,,93025
94495,39,1,1,,93026
94496,39,1,2,,93027
94497,60,,1,,93028
94498,39,1,2,,93029
94499,39,1,1,,93030
94500,39,1,1,,93031
94501,39,1,1,,93032
94502,23,7,1,,93033
94503,39,1,1,,93034
94504,23,7,1,,93034
94505,39,3,1,,93035
94506,39,1,2,,93036
94507,39,3,1,,93037
94508,39,1,1,,93038
94509,39,1,1,,93039
94510,39,3,1,,93040
94511,60,,1,,93041
94512,39,1,2,,93042
94513,39,1,2,,93043
94514,60,,1,,93044
94515,39,1,2,,93045
94516,39,3,1,,93046
94517,23,5,1,,93047
94518,39,1,1,,93048
94519,39,3,1,,93049
94520,39,1,1,,93050
94521,39,1,1,,93051
94522,23,7,1,,93051
94523,39,1,1,,93052
94524,39,1,2,,93053
94525,39,1,2,,93054
94526,39,3,1,,93055
94527,39,1,1,,93056
94528,39,1,1,,93057
94529,23,7,2,,93058
94530,23,7,1,,93059
94531,39,,1,,93059
94532,39,1,2,,93060
94533,23,7,1,,93060
94534,23,7,1,,93061
94535,39,1,2,,93062
94536,39,1,2,,93063
94537,39,1,1,,93064
94538,39,1,1,,93065
94539,39,1,1,,93066
94540,39,3,1,,93067
94541,39,1,2,,93068
94542,39,1,2,,93069
94543,39,3,1,,93070
94544,60,,1,,93071
94545,39,1,3,,93072
94546,39,3,1,,93073
94547,39,1,2,,93074
94548,39,1,1,,93075
94549,39,1,2,,93076
94550,39,1,2,,93077
94551,39,1,1,,93078
94552,39,3,1,,93079
94553,39,3,1,,93080
94554,39,1,1,,93081
94555,39,1,2,,93082
94556,39,3,1,,93083
94557,39,3,1,,93084
94558,39,3,1,,93085
94559,39,1,1,,93086
94560,39,1,1,,93087
94561,39,1,1,,93088
94562,39,1,1,,93089
94563,39,1,1,,93090
94564,39,1,1,,93091
94565,39,1,1,,93092
94566,39,3,1,,93093
94567,39,1,1,,93094
94568,39,1,1,,93095
94569,39,1,1,,93096
94570,23,7,1,,93096
94571,39,1,1,,93097
94572,23,7,1,,93097
94573,39,1,1,,93098
94574,39,1,1,,93099
94575,39,1,2,,93100
94576,39,1,1,,93101
94577,39,1,1,,93102
94578,39,1,2,,93103
94579,39,6,2,,93104
94580,39,6,1,,93105
94581,39,6,1,,93106
94582,39,6,2,,93107
94583,39,6,1,,93108
94584,39,6,1,,93109
94585,39,1,1,,88530
94586,39,1,1,,93110
94587,63,,1,,93111
94588,39,1,1,,93112
94589,23,7,1,,93112
94590,39,3,1,,93113
94591,23,5,1,,93114
94592,39,3,1,,93115
94593,39,1,1,,93116
94594,23,7,1,,93116
94595,39,1,1,,93117
94596,23,7,2,,93118
94597,39,1,1,,93119
94598,39,1,2,,93120
94599,39,1,2,,93121
94600,39,3,2,,93122
94601,39,3,1,,93123
94602,39,1,1,,93124
94603,39,1,1,,93125
94604,39,1,2,,93126
94605,39,1,2,,93127
94606,39,1,1,,93128
94607,39,3,1,,93129
94608,39,1,2,,93130
94609,39,1,1,,93131
94610,39,1,2,,93132
94611,39,3,1,,93133
94612,39,1,1,,93134
94613,39,3,1,,93135
94614,39,3,2,,93136
94615,60,,1,,93137
94616,39,3,1,,93138
94617,23,7,1,,93139
94618,39,1,1,,93140
94619,39,1,2,,93141
94620,39,4,1,,93142
94621,39,1,1,,93143
94622,23,7,1,,93143
94623,39,1,1,,93144
94624,39,1,2,,93145
94625,23,7,2,,93145
94626,39,3,1,,93146
94627,39,1,1,,93147
94628,23,5,1,,93148
94629,39,1,2,,93149
94630,60,,1,,93150
94631,60,,1,,93151
94632,60,,1,,93152
94633,60,,1,,93153
94634,60,,1,,93154
94635,60,,1,,93155
94636,60,,1,,93156
94637,60,,1,,93157
94638,60,,1,,93158
94639,60,,1,,93159
94640,63,,1,,93160
94641,63,,2,,93161
94642,60,,1,,93162
94643,60,,1,,93163
94644,63,,1,,93164
94645,63,,1,,93165
94646,60,,1,,93166
94647,60,,1,,93167
94648,60,,1,,93168
94649,63,,1,,93169
94650,60,,1,,93170
94651,60,,1,,93171
94652,60,,1,,93172
94653,60,,1,,93173
94654,60,,1,,93174
94655,60,,1,,93175
94656,23,7,1,,93176
94657,39,1,1,,93177
94658,39,1,1,,93178
94659,39,1,2,,93179
94660,60,,1,,93180
94661,60,,1,,93181
94662,60,,1,,93182
94663,60,,1,,93183
94664,60,,1,,93184
94665,60,,1,,93185
94666,39,4,2,,93186
94667,60,,1,,93187
94668,60,,1,,93188
94669,60,,1,,93189
94670,60,,1,,93190
94671,60,,1,,93191
94672,60,,1,,93192
94673,60,,1,,93193
94674,60,,1,,93194
94675,60,,1,,93195
94676,60,,1,,93196
94677,60,,1,,93197
94678,60,,1,,93198
94679,60,,1,,93199
94680,60,,1,,93200
94681,60,,1,,93201
94682,60,,1,,93202
94683,60,,1,,93203
94684,60,,1,,93204
94685,60,,1,,93205
94686,60,,1,,93206
94687,60,,1,,93207
94688,60,,1,,93208
94689,60,,1,,93209
94690,60,,1,,93210
94691,60,,1,,93211
94692,60,,1,,93212
94693,60,,1,,93213
94694,60,,1,,93214
94695,60,,1,,93215
94696,60,,1,,93216
94697,60,,1,,93217
94698,60,,1,,93218
94699,60,,1,,93219
94700,60,,1,,93220
94701,60,,1,,93221
94702,60,,1,,93222
94703,60,,1,,93223
94704,60,,1,,93224
94705,60,,1,,93225
94706,60,,1,,93226
94707,60,,1,,93227
94708,60,,1,,93228
94709,60,,1,,93229
94710,60,,1,,93230
94711,60,,1,,93231
94712,60,,1,,93232
94713,60,,1,,93233
94714,60,,1,,93234
94715,60,,1,,93235
94716,60,,1,,93236
94717,60,,1,,93237
94718,60,,1,,93238
94719,60,,1,,93239
94720,60,,1,,93240
94721,60,,1,,93241
94722,60,,1,,93242
94723,60,,1,,93243
94724,60,,1,,93244
94725,60,,1,,93245
94726,60,,1,,93246
94727,60,,1,,93247
94728,60,,1,,93248
94729,60,,1,,93249
94730,60,,1,,93250
94731,60,,1,,93251
94732,60,,1,,93252
94733,60,,1,,93253
94734,60,,1,,93254
94735,60,,1,,93255
94736,60,,1,,93256
94737,60,,1,,93257
94738,60,,1,,93258
94739,60,,1,,93259
94740,60,,1,,93260
94741,60,,1,,93261
94742,60,,1,,93262
94743,60,,1,,93263
94744,60,,1,,93264
94745,60,,1,,93265
94746,60,,1,,93266
94747,60,,1,,93267
94748,60,,1,,93268
94749,60,,1,,93269
94750,60,,1,,93270
94751,60,,1,,93271
94752,60,,1,,93272
94753,60,,1,,93273
94754,60,,1,,93274
94755,60,,1,,93275
94756,60,,1,,93276
94757,60,,1,,93277
94758,60,,1,,93278
94759,60,,1,,93279
94760,60,,1,,93280
94761,60,,1,,93281
94762,60,,1,,93282
94763,60,,1,,93283
94764,60,,1,,93284
94765,60,,1,,93285
94766,60,,1,,93286
94767,60,,1,,93287
94768,60,,1,,93288
94769,60,,1,,93289
94770,60,,1,,93290
94771,60,,1,,93291
94772,60,,1,,93292
94773,60,,1,,93293
94774,60,,1,,93294
94775,60,,1,,93295
94776,60,,1,,93296
94777,60,,1,,93297
94778,60,,1,,93298
94779,60,,1,,93299
94780,60,,1,,93300
94781,60,,1,,93301
94782,60,,1,,93302
94783,60,,1,,93303
94784,60,,1,,93304
94785,60,,1,,93305
94786,60,,1,,93306
94787,60,,1,,93307
94788,60,,1,,93308
94789,60,,1,,93309
94790,60,,1,,93310
94791,60,,1,,93311
94792,60,,1,,93312
94793,60,,1,,93313
94794,60,,1,,93314
94795,60,,1,,93315
94796,60,,1,,93316
94797,60,,1,,93317
94798,60,,1,,93318
94799,60,,1,,93319
94800,60,,1,,93320
94801,60,,1,,93321
94802,60,,1,,93322
94803,60,,1,,93323
94804,60,,1,,93324
94805,60,,1,,93325
94806,60,,1,,93326
94807,60,,1,,93328
94808,60,,1,,93329
94809,60,,1,,93330
94810,60,,1,,93331
94811,60,,1,,93332
94812,60,,1,,93333
94813,60,,1,,93334
94814,60,,1,,93335
94815,60,,1,,93336
94816,60,,1,,93337
94817,60,,1,,93338
94818,60,,1,,93339
94819,60,,1,,93340
94820,60,,1,,93341
94821,60,,1,,93342
94822,60,,1,,93343
94823,60,,1,,93344
94824,60,,1,,93345
94825,60,,1,,93346
94826,60,,1,,93347
94827,60,,1,,93348
94828,60,,1,,93349
94829,60,,1,,93350
94830,60,,1,,93351
94831,60,,1,,93352
94832,60,,1,,93353
94833,60,,1,,93354
94834,39,3,1,,93355
94835,60,,1,,93356
94836,55,,1,,93357
94837,22,,1,,93358
94838,36,,1,,93359
94839,39,1,1,,93360
94840,39,1,1,,93361
94841,39,1,1,,93362
94842,39,1,1,,93363
94843,39,1,1,,93364
94844,39,1,1,,93365
94845,23,5,1,,93366
94846,39,1,2,,93367
94847,39,1,2,,93368
94848,60,,1,,93369
94849,60,,1,,93370
94850,39,1,1,,93371
94851,39,1,1,,93372
94852,39,1,1,,93373
94853,23,7,2,,93373
94854,23,7,1,,93374
94855,39,1,1,,93375
94856,39,3,2,,93376
94857,39,1,2,,93377
94858,23,5,1,,93378
94859,23,5,1,,93379
94860,39,1,2,,93380
94861,23,5,1,,93381
94862,39,1,1,,93382
94863,23,7,1,,93382
94864,39,1,1,,93383
94865,63,,1,,93384
94866,63,,1,,93385
94867,55,,1,,93386
94868,63,,1,,93387
94869,39,3,1,,93388
94870,69,,1,,93389
94871,69,,1,,93390
94872,39,1,1,,93391
94873,63,,1,,93392
94874,22,,1,,93393
94875,39,1,1,,93394
94876,39,1,1,,93395
94877,39,1,1,,93396
94878,39,1,1,,93397
94879,39,1,2,,93398
94880,60,,1,,93399
94881,60,,1,,93400
94882,60,,1,,93401
94883,60,,1,,93402
94884,60,,1,,93403
94885,60,,1,,93404
94886,60,,1,,93405
94887,60,,1,,93406
94888,60,,1,,93407
94889,60,,1,,93408
94890,60,,1,,93409
94891,60,,1,,93410
94892,60,,1,,93411
94893,60,,1,,93412
94894,60,,1,,93413
94895,60,,1,,93414
94896,60,,1,,93415
94897,60,,1,,93416
94898,60,,1,,93417
94899,60,,1,,93418
94900,60,,1,,93419
94901,60,,1,,93420
94902,60,,1,,93421
94903,60,,1,,93422
94904,60,,1,,93423
94905,60,,1,,93424
94906,60,,1,,93425
94907,60,,1,,93426
94908,60,,1,,93427
94909,60,,1,,93428
94910,60,,1,,93429
94911,60,,1,,93430
94912,60,,1,,93431
94913,60,,1,,93432
94914,60,,1,,93433
94915,60,,1,,93434
94916,60,,1,,93435
94917,60,,1,,93436
94918,60,,1,,93437
94919,60,,1,,93438
94920,60,,1,,93439
94921,60,,1,,93440
94922,60,,1,,93441
94923,60,,1,,93442
94924,60,,1,,93443
94925,60,,1,,93444
94926,60,,1,,93445
94927,60,,1,,93446
94928,60,,1,,93447
94929,60,,1,,93448
94930,60,,1,,93449
94931,60,,1,,93450
94932,60,,1,,93451
94933,60,,1,,93452
94934,60,,1,,93453
94935,60,,1,,93454
94936,60,,1,,93455
94937,60,,1,,93456
94938,60,,1,,93457
94939,60,,1,,93458
94940,60,,1,,93459
94941,60,,1,,93460
94942,60,,1,,93461
94943,60,,1,,93462
94944,60,,1,,93463
94945,60,,1,,93464
94946,60,,1,,93465
94947,60,,1,,93466
94948,60,,1,,93467
94949,60,,1,,93468
94950,60,,1,,93469
94951,60,,1,,93470
94952,60,,1,,93471
94953,60,,1,,93472
94954,60,,1,,93473
94955,60,,1,,93474
94956,60,,1,,93475
94957,60,,1,,93476
94958,60,,1,,93477
94959,60,,1,,93478
94960,60,,1,,93479
94961,60,,1,,93480
94962,60,,1,,93481
94963,60,,1,,93482
94964,60,,1,,93483
94965,60,,1,,93484
94966,60,,1,,93485
94967,39,1,1,,93486
94968,39,1,1,,93487
94969,39,1,1,,93488
94970,39,1,2,,93489
94971,39,1,1,,93490
94972,39,1,1,,93491
94973,39,1,1,,93492
94974,39,1,1,,93493
94975,39,1,1,,93494
94976,23,7,1,,93494
94977,39,1,4,,93495
94978,39,1,1,,93496
94979,39,1,1,,93497
94980,39,1,1,,93498
94981,23,7,1,,93499
94982,39,3,1,,93500
94983,39,3,1,,93501
94984,39,1,1,,93502
94985,39,1,1,,93503
94986,23,7,1,,93503
94987,39,1,2,,93504
94988,23,5,2,,93504
94989,39,1,1,,93505
94990,39,1,1,,93506
94991,39,1,1,,93507
94992,39,1,1,,93508
94993,39,1,1,,93509
94994,39,1,1,,93510
94995,39,1,2,,93511
94996,39,3,1,,93512
94997,39,3,1,,93513
94998,39,1,1,,93514
94999,39,1,1,,93515
95000,39,1,1,,93516
95001,39,3,1,,93517
95002,39,1,1,,93518
95003,23,7,1,,93518
95004,39,1,1,,93519
95005,39,1,2,,93520
95006,23,7,1,,93520
95007,39,1,1,,93521
95008,39,1,2,,93522
95009,23,5,2,,93522
95010,39,3,1,,93523
95011,39,1,1,,93524
95012,39,1,2,,93525
95013,39,1,1,,93526
95014,39,1,1,,93527
95015,39,1,1,,93528
95016,39,1,1,,93529
95017,23,7,1,,93529
95018,39,,1,,93530
95019,39,1,1,,93531
95020,63,,1,,93532
95021,39,,1,,93533
95022,60,,1,,93534
95023,39,1,1,,93535
95024,39,1,1,,93536
95025,60,,1,,93537
95026,60,,1,,93538
95027,60,,1,,93539
95028,60,,1,,93540
95029,60,,1,,93541
95030,60,,1,,93542
95031,60,,1,,93543
95032,39,1,1,,93544
95033,60,,1,,93545
95034,39,3,1,,93546
95035,39,1,1,,93547
95036,60,,1,,93548
95037,39,1,1,,93549
95038,39,1,1,,93550
95039,23,5,1,,93551
95040,39,1,1,,93552
95041,36,,1,,93553
95042,39,1,1,,93554
95043,23,7,1,,93554
95044,23,7,2,,93555
95045,39,1,1,,93556
95046,23,7,1,,93556
95047,39,1,2,,93557
95048,39,1,1,,93558
95049,39,1,1,,93559
95050,39,1,1,,93560
95051,39,1,1,,93561
95052,23,5,1,,93562
95053,39,1,1,,93563
95054,23,5,1,,93564
95055,23,5,1,,93565
95056,39,1,2,,93566
95057,39,1,1,,93567
95058,39,1,1,,93568
95059,39,1,2,,93569
95060,23,7,1,,93569
95061,39,1,1,,93570
95062,39,1,1,,93571
95063,23,7,1,,93571
95064,60,,1,,93572
95065,39,1,1,,93573
95066,23,7,1,,93573
95067,39,3,1,,93574
95068,60,,1,,93575
95069,60,,1,,93576
95070,60,,1,,93577
95071,60,,1,,93578
95072,60,,1,,93579
95073,60,,1,,93580
95074,39,1,1,,93581
95075,39,1,1,,93582
95076,39,1,1,,93583
95077,43,,1,,93584
95078,39,3,1,,93585
95079,39,1,1,,93586
95080,39,1,1,,93587
95081,23,7,2,,93587
95082,23,7,2,,93588
95083,39,1,1,,93589
95084,23,5,1,,93590
95085,39,1,1,,93591
95086,39,1,1,,93592
95087,39,1,1,,93593
95088,39,1,1,,93594
95089,36,,1,,93595
95090,36,,1,,93596
95091,55,,1,,93597
95092,39,1,1,,93598
95093,39,1,2,,93599
95094,39,1,1,,93600
95095,39,1,2,,93601
95096,36,,2,,93602
95097,36,,1,,93603
95098,36,,1,,93604
95099,39,3,1,,93605
95100,39,1,2,,93606
95101,39,1,2,,93607
95102,39,1,2,,93608
95103,39,1,1,,93609
95104,39,1,1,,93610
95105,60,1,1,,93611
95106,39,1,1,,93612
95108,60,,1,,93616
95109,39,6,1,,93617
95110,39,6,1,,93618
95111,39,3,1,,93619
95112,39,1,1,,93620
95113,39,1,1,,93621
95114,39,1,1,,93622
95115,39,1,2,,93623
95116,39,1,2,,93624
95117,39,1,1,,93625
95118,39,1,1,,93626
95119,39,1,1,,93627
95120,60,,1,,93628
95121,39,3,1,,93629
95122,39,1,1,,93630
95123,39,3,1,,93631
95124,39,3,1,,93632
95125,60,,1,,93633
95126,36,,1,,93634
95127,39,1,1,,93635
95128,23,7,1,,93635
95129,39,1,1,,93636
95130,23,5,1,,93637
95131,39,1,1,,93638
95132,23,7,1,,93638
95133,39,1,1,,93639
95134,39,1,1,,93640
95135,39,1,2,,93641
95136,39,3,1,,93642
95137,39,1,1,,93643
95138,39,3,1,,93644
95139,23,7,1,,93645
95140,39,1,1,,93646
95141,39,3,1,,93647
95142,39,1,2,,93648
95143,39,1,1,,93649
95144,39,1,1,,93650
95145,39,3,1,,93651
95146,39,1,1,,93652
95147,39,1,2,,93653
95148,39,1,1,,93654
95149,36,,1,,93655
95150,39,1,2,,93656
95151,39,1,1,,93657
95152,39,1,1,,93658
95153,39,1,1,,93659
95154,39,1,1,,93660
95155,39,3,1,,93661
95156,39,3,1,,93662
95157,39,1,2,,93663
95158,39,1,1,,93664
95159,39,1,2,,93665
95160,39,1,1,,93666
95161,39,1,1,,93667
95162,39,1,2,,93668
95163,39,1,2,,93669
95164,39,1,1,,93670
95165,60,,1,,93671
95166,39,1,1,,93672
95167,39,1,2,,93673
95168,39,1,1,,93674
95169,39,1,3,,93675
95170,39,1,2,,93676
95171,36,,2,,93677
95172,36,,1,,93678
95173,39,3,1,,93679
95174,39,1,1,,93680
95175,39,1,1,,93681
95176,39,1,1,,93682
95177,39,3,1,,93683
95178,39,1,2,,93684
95179,39,1,1,,93685
95180,39,1,1,,93686
95181,23,7,1,,93686
95182,39,1,1,,93687
95183,39,1,1,,93688
95184,39,1,1,,93689
95185,36,,1,,93690
95186,39,3,1,,93691
95187,39,1,2,,93692
95188,39,1,1,,93693
95189,23,7,1,,93693
95190,39,1,1,,93694
95191,39,1,2,,93695
95192,39,1,2,,93696
95193,39,1,1,,93697
95194,39,1,2,,93698
95195,39,3,1,,93699
95196,39,1,1,,93700
95197,39,1,1,,93701
95198,39,1,1,,93702
95199,39,1,2,,93703
95200,39,1,1,,93704
95201,39,1,1,,93705
95202,39,3,1,,93706
95203,60,,1,,93707
95204,39,1,1,,93708
95205,39,1,1,,93709
95206,39,3,1,,93710
95207,39,1,1,,93711
95208,39,3,1,,93712
95209,39,1,2,,93713
95210,39,1,2,,93714
95211,39,1,1,,93715
95212,39,3,1,,93716
95213,39,1,2,,93717
95214,23,7,1,,93717
95215,60,,1,,93718
95216,39,1,2,,93719
95217,23,7,1,,93719
95218,39,1,1,,93720
95219,39,1,1,,93721
95220,39,1,1,,93722
95221,60,,1,,93723
95222,39,3,1,,93724
95223,39,1,1,,93725
95224,23,7,1,,93725
95225,39,3,1,,93726
95226,39,1,1,,93727
95227,23,5,2,,93728
95228,23,7,1,,93729
95229,39,1,2,,93730
95230,39,1,2,,93731
95231,39,1,1,,93732
95232,39,1,2,,93733
95233,60,,1,,93734
95234,39,1,2,,93735
95235,39,1,1,,93736
95236,39,1,1,,93737
95237,39,1,1,,93738
95238,60,,1,,93739
95239,39,1,1,,93740
95240,39,1,1,,93741
95241,39,1,1,,93742
95242,39,3,1,,93743
95243,39,1,1,,93744
95244,39,1,1,,93745
95245,39,1,1,,93746
95246,39,1,2,,93747
95247,39,3,1,,93748
95248,39,1,2,,93749
95249,39,1,2,,93750
95250,39,1,2,,93751
95251,39,1,2,,93752
95252,39,1,1,,93753
95253,39,1,2,,93754
95254,39,1,1,,93755
95255,39,1,1,,93756
95256,39,1,1,,93757
95257,39,3,1,,93758
95258,39,1,1,,93759
95259,39,1,2,,93760
95260,39,3,1,,93761
95261,36,,1,,93762
95262,11,,1,,93763
95263,60,,1,,93764
95264,39,3,1,,93765
95265,39,1,1,,93766
95266,39,1,1,,93767
95267,39,1,1,,93768
95268,39,1,2,,93769
95269,39,1,2,,93770
95270,39,1,1,,93771
95271,39,1,2,,93772
95272,39,1,1,,93773
95273,39,1,2,,93774
95274,39,1,2,,93775
95275,39,3,1,,93776
95276,39,3,1,,93777
95277,39,1,1,,93778
95278,39,1,2,,93779
95279,39,3,1,,93780
95280,39,3,1,,93781
95281,39,3,1,,93782
95282,39,1,1,,93783
95283,60,,1,,93784
95284,60,,1,,93785
95285,39,3,1,,93786
95286,36,,1,,93787
95287,36,,1,,93788
95288,39,1,1,,93789
95289,39,1,1,,93790
95290,39,1,1,,93791
95291,39,1,1,,93792
95292,39,1,1,,93793
95293,39,1,1,,93794
95294,39,3,1,,93795
95295,39,1,1,,93796
95296,39,1,1,,93797
95297,39,3,1,,93798
95298,39,1,1,,93799
95299,23,7,1,,93799
95300,39,1,1,,93800
95301,39,1,1,,93801
95302,43,,1,,93802
95303,39,1,2,,93803
95304,39,1,1,,93804
95305,39,1,1,,93805
95306,39,3,1,,93806
95307,39,1,1,,93807
95308,23,5,1,,93807
95309,13,,1,,93808
95310,39,3,1,,93809
95311,39,1,2,,93810
95312,23,7,1,,93810
95313,39,1,1,,93811
95314,39,1,2,,93812
95315,39,1,1,,93813
95316,39,1,1,,93814
95317,39,1,2,,93815
95318,39,1,1,,93816
95319,39,1,2,,93817
95320,39,1,2,,93818
95321,39,1,1,,93819
95322,39,1,1,,93820
95323,39,1,1,,93821
95324,23,5,1,,93821
95325,11,,1,,93822
95326,39,3,1,,93823
95327,39,1,1,,93824
95328,39,1,1,,93825
95329,39,1,1,,93826
95330,39,1,1,,93827
95331,39,1,1,,93828
95332,39,3,1,,93829
95333,39,3,1,,93830
95334,39,3,1,,93831
95335,39,1,1,,93832
95336,39,1,1,,93833
95337,39,1,1,,93834
95338,39,1,1,,93835
95339,39,1,1,,93836
95340,39,1,1,,93837
95341,39,1,1,,93838
95342,39,1,2,,93839
95343,39,1,1,,93840
95344,39,1,2,,93841
95345,39,1,1,,93842
95346,23,7,1,,93842
95347,60,,1,,93843
95348,36,,1,,93844
95349,39,1,1,,93845
95350,39,1,2,,93846
95351,39,3,1,,93847
95352,39,3,1,,93848
95353,39,1,2,,93849
95354,39,3,1,,93850
95355,39,1,1,,93851
95356,23,5,1,,93852
95357,39,1,2,,93853
95358,39,1,1,,93854
95359,39,1,1,,93855
95360,39,1,1,,93856
95361,39,1,1,,93857
95362,39,1,1,,93858
95363,39,1,2,,93859
95364,39,1,2,,93860
95365,39,1,1,,93861
95366,39,1,2,,93862
95367,39,1,2,,93863
95368,39,1,2,,93864
95369,39,1,1,,93865
95370,39,3,1,,93866
95371,39,1,1,,93867
95372,39,1,1,,93868
95373,39,1,1,,93869
95374,23,7,1,,93869
95375,39,1,1,,93870
95376,39,1,1,,93871
95377,39,1,1,,93872
95378,23,5,1,,93872
95379,39,3,1,,93873
95380,39,1,2,,93874
95381,39,1,1,,93875
95382,36,1,1,,93876
95383,39,4,1,,93877
95384,39,1,1,,93878
95385,39,3,1,,93879
95386,39,1,2,,93880
95387,39,1,2,,93881
95388,39,3,1,,93882
95389,39,3,1,,93883
95390,39,3,1,,93884
95391,39,1,2,,93885
95392,39,3,1,,93886
95393,39,1,1,,93887
95394,39,1,1,,93888
95395,23,5,1,,93889
95396,39,1,1,,93890
95397,39,1,2,,93891
95398,39,1,2,,93892
95399,39,1,1,,93893
95400,39,1,1,,93894
95401,39,1,2,,93895
95402,39,1,2,,93896
95403,39,1,2,,93897
95404,39,1,2,,93898
95405,39,1,2,,93899
95406,39,1,2,,93900
95407,39,1,2,,93901
95408,39,1,2,,93902
95409,39,1,2,,93903
95410,39,1,2,,93904
95411,39,1,2,,93905
95412,39,1,2,,93906
95413,39,1,2,,93907
95414,39,1,2,,93908
95415,39,1,2,,93909
95416,39,1,2,,93910
95417,39,1,2,,93911
95418,39,1,2,,93912
95419,39,1,2,,93913
95420,39,1,2,,93914
95421,39,1,2,,93915
95422,39,1,2,,93916
95423,39,1,2,,93917
95424,39,1,2,,93918
95425,39,,2,,93919
95426,39,1,2,,93920
95427,39,1,2,,93921
95428,39,1,1,,93922
95429,39,1,2,,93923
95430,39,1,2,,93924
95431,39,1,2,,93925
95432,39,1,2,,93926
95433,39,1,2,,93927
95434,39,1,2,,93928
95435,39,1,2,,93929
95436,39,1,2,,93930
95437,39,1,2,,93931
95438,39,1,2,,93932
95439,39,1,2,,93933
95440,39,1,2,,93934
95441,39,1,2,,93935
95442,39,1,2,,93936
95443,39,1,2,,93937
95444,39,1,2,,93938
95445,39,1,1,,93939
95446,39,1,1,,93940
95447,60,,1,,93941
95448,39,1,1,,93942
95449,39,1,2,,93943
95450,23,7,1,,93943
95451,39,1,2,,93944
95452,39,1,1,,93945
95453,39,1,1,,93946
95454,39,3,1,,93947
95455,39,1,2,,93948
95456,39,1,1,,93949
95457,36,,1,,93950
95458,11,,1,,93951
95459,39,3,1,,93952
95460,39,1,1,,93953
95461,23,7,1,,93953
95462,39,1,1,,93954
95463,23,7,1,,93954
95464,39,1,2,,93955
95465,39,1,1,,93956
95466,39,1,1,,93957
95467,39,1,1,,93958
95468,39,1,1,,93959
95469,39,1,1,,93960
95470,39,1,1,,93961
95471,39,1,2,,93962
95472,39,3,1,,93963
95473,60,,1,,93964
95474,60,,1,,93965
95475,36,,1,,93966
95476,11,,1,,93967
95477,11,,1,,93968
95478,39,1,1,,93969
95479,55,,1,,93970
95480,39,1,2,,93971
95481,39,1,1,,93972
95482,39,3,1,,93973
95483,39,1,2,,93974
95484,23,5,1,,93975
95485,60,,1,,93976
95486,39,1,2,,93977
95487,60,,1,,93978
95488,39,1,1,,93979
95489,39,1,1,,93980
95490,39,1,1,,93981
95491,39,1,1,,93982
95492,39,1,2,,93983
95493,36,,1,,93984
95494,39,1,1,,93985
95495,39,1,1,,93986
95496,39,1,1,,93987
95497,39,1,1,,93988
95498,39,1,1,,93989
95499,39,1,1,,93990
95500,23,5,1,,93991
95501,39,1,2,,93992
95502,39,1,1,,93993
95503,39,1,2,,93994
95504,23,5,1,,93995
95505,23,5,1,,93996
95506,39,1,2,,93997
95507,39,1,1,,93998
95508,23,5,1,,93999
95509,39,1,1,,94000
95510,39,1,2,,94001
95511,39,1,2,,94002
95512,39,1,1,,94003
95513,39,1,1,,94004
95514,39,1,1,,94005
95515,39,3,1,,94006
95516,39,1,1,,94007
95517,39,1,1,,94008
95518,39,1,1,,94009
95519,39,3,1,,94010
95520,39,1,1,,94011
95521,39,1,1,,94012
95522,39,3,1,,94013
95523,39,1,1,,94014
95524,60,,1,,94015
95525,39,1,2,,94016
95526,39,3,1,,94017
95527,39,3,1,,94018
95528,36,,1,,94019
95529,39,3,1,,94020
95530,43,,1,,94021
95531,11,,1,,94022
95532,39,3,1,,94023
95533,60,,1,,94024
95534,39,3,1,,94025
95535,39,3,1,,94026
95536,39,3,1,,94027
95537,39,1,1,,94028
95538,39,1,1,,94029
95539,39,1,1,,94030
95540,39,1,2,,94031
95541,39,1,1,,94032
95542,39,1,2,,94033
95543,39,1,2,,94034
95544,39,3,1,,94035
95545,39,3,1,,94036
95546,39,1,1,,94037
95547,36,,1,,94038
95548,22,,1,,94039
95549,39,1,1,,94040
95550,39,1,1,,94041
95551,23,5,1,,94042
95552,39,3,1,,94043
95553,23,5,1,,94044
95554,39,1,1,,94045
95555,39,1,1,,94046
95556,39,1,2,,94047
95557,39,3,1,,94048
95558,39,1,1,,94049
95559,39,3,1,,94050
95560,39,1,1,,94051
95561,39,1,1,,94052
95562,39,1,1,,94053
95563,23,5,1,,94054
95564,39,1,2,,94055
95565,39,3,1,,94056
95566,60,,1,,94057
95567,39,1,1,,94058
95568,39,1,2,,94059
95569,39,3,1,,94060
95570,39,1,2,,94061
95571,39,1,1,,94062
95572,39,1,2,,94063
95573,39,1,1,,94064
95574,39,1,1,,94065
95575,39,1,1,,94066
95576,39,1,2,,94067
95577,39,1,2,,94068
95578,39,1,1,,94069
95579,39,1,1,,94070
95580,39,1,2,,94071
95581,39,1,1,,94072
95582,39,1,1,,94073
95583,39,1,1,,94074
95584,39,1,2,,94075
95585,39,3,1,,94076
95586,39,1,1,,94077
95587,39,3,1,,94078
95588,39,1,1,,94079
95589,39,3,1,,94080
95590,39,1,1,,94081
95591,39,1,1,,94082
95592,39,1,2,,94083
95593,39,1,1,,94084
95594,39,1,1,,94085
95595,39,1,2,,94086
95596,39,1,1,,94087
95597,39,1,1,,94088
95598,39,1,1,,94089
95599,39,3,1,,94090
95600,36,,1,,94091
95601,39,1,1,,94092
95602,39,1,1,,94093
95603,39,1,1,,94094
95604,39,3,1,,94095
95605,39,1,1,,94096
95606,39,1,2,,94097
95607,39,1,2,,94098
95608,39,1,1,,94099
95609,39,3,1,,94100
95610,39,3,1,,94101
95611,39,3,1,,94102
95612,39,1,1,,94103
95613,39,1,1,,94104
95614,39,1,1,,94105
95615,39,3,1,,94106
95616,39,3,1,,94107
95617,39,1,1,,94108
95618,39,3,1,,94109
95619,39,1,1,,94110
95620,39,3,1,,94111
95621,39,1,1,,94112
95622,23,7,2,,94112
95623,39,1,1,,94113
95624,39,1,2,,94114
95625,39,1,1,,94115
95626,39,1,2,,94116
95627,39,1,2,,94117
95628,39,1,1,,94118
95629,39,1,2,,94119
95630,39,3,1,,94120
95631,39,3,1,,94121
95632,39,1,1,,94122
95633,39,1,3,,94123
95634,39,1,1,,94124
95635,39,1,1,,94125
95636,39,1,1,,94126
95637,39,1,1,,94127
95638,39,1,1,,94128
95639,39,3,1,,94129
95640,39,3,1,,94130
95641,39,1,1,,94131
95642,36,,1,,94132
95643,39,1,1,,94133
95644,60,,1,,94134
95645,39,3,1,,94135
95646,60,,1,,94136
95647,39,1,2,,94137
95648,36,,1,,94138
95649,39,1,1,,94139
95650,39,3,1,,94140
95651,39,1,1,,94141
95652,39,1,2,,94142
95653,39,1,1,,94143
95654,39,1,1,,94144
95655,60,,1,,94145
95656,39,1,2,,94146
95657,39,1,1,,94147
95658,23,5,1,,94147
95659,39,1,1,,94148
95660,39,3,1,,94149
95661,39,3,1,,94150
95662,39,1,1,,94151
95663,39,1,1,,94152
95664,39,1,1,,94153
95665,36,,1,,94154
95666,11,,1,,94155
95667,36,,1,,94156
95668,36,,1,,94157
95669,36,,1,,94158
95670,23,7,1,,94159
95671,23,7,1,,94160
95672,39,1,1,,94161
95673,39,1,1,,94162
95674,39,1,1,,94163
95675,60,,1,,94164
95676,39,1,1,,94165
95677,39,1,1,,94166
95678,39,1,2,,94167
95679,39,3,1,,94168
95680,60,,1,,94169
95681,39,1,1,,94170
95682,39,3,1,,94171
95683,39,1,1,,94172
95684,39,1,1,,94173
95685,39,1,1,,94174
95686,39,3,1,,94175
95687,39,3,1,,94176
95688,39,3,1,,94177
95689,39,1,1,,94178
95690,23,7,1,,94178
95691,23,5,1,,94179
95692,60,,1,,94180
95693,39,1,2,,94181
95694,39,1,1,,94182
95695,39,1,2,,94183
95696,39,1,2,,94184
95697,23,7,1,,94184
95698,39,1,2,,94185
95699,39,3,1,,94186
95700,39,1,1,,94187
95701,39,1,1,,94188
95702,39,1,1,,94189
95703,39,1,1,,94190
95704,39,1,1,,94191
95705,39,1,1,,94192
95706,39,1,1,,94193
95707,39,,1,butt,94194
95708,39,1,1,,94195
95709,39,1,2,,94196
95710,39,3,1,,94197
95711,60,,1,,94198
95712,39,1,1,,94199
95713,39,1,1,,94200
95714,39,1,1,,94201
95715,39,1,1,,94202
95716,39,1,1,,94203
95717,39,1,2,,94204
95718,39,1,1,,94205
95719,23,7,1,,94206
95720,39,1,1,,94207
95721,39,1,1,,94208
95722,39,1,1,,94209
95723,39,1,1,,94210
95724,60,,1,,94211
95725,39,1,1,,94212
95726,60,,1,,94213
95727,43,,1,,94214
95728,39,1,1,,94215
95729,39,1,1,,94216
95730,39,1,1,,94217
95731,39,1,2,,94218
95732,39,1,1,,94219
95733,39,3,1,,94220
95734,39,1,2,,94221
95735,39,1,1,,94222
95736,39,1,1,,94223
95737,39,1,1,,94224
95738,39,1,1,,94225
95739,39,1,1,,94226
95740,39,1,1,,94227
95741,39,1,2,,94228
95742,39,1,2,,94229
95743,36,,1,,94230
95744,39,1,1,,94231
95745,23,7,1,,94231
95746,36,,1,,94232
95747,39,1,1,,94233
95748,39,1,2,,94234
95749,39,1,1,,94235
95750,39,1,1,,94236
95751,39,1,2,,94237
95752,39,3,1,,94238
95753,39,1,1,,94239
95754,23,7,1,,94240
95755,39,3,1,,94241
95756,39,3,1,,94242
95757,60,,1,,94243
95758,39,1,2,,94244
95759,39,1,1,,94245
95760,23,7,1,,94245
95761,39,1,1,,94246
95762,39,1,1,,94247
95763,39,1,1,,94248
95764,39,1,2,,94249
95765,39,1,1,,94250
95766,39,3,1,,94251
95767,39,1,1,,94252
95768,39,3,1,,94253
95769,39,1,1,,94254
95770,39,1,1,,94255
95771,39,1,1,,94256
95772,39,3,1,,94257
95773,39,1,2,,94258
95774,39,3,1,,94259
95775,39,1,2,,94260
95776,39,1,1,,94261
95777,39,1,1,,94262
95778,39,1,3,,94263
95779,39,1,1,,94264
95780,39,1,1,,94265
95781,23,7,1,,94266
95782,39,1,2,,94267
95783,23,5,1,,94268
95784,39,3,1,,94269
95785,39,3,1,,94270
95786,39,1,2,,94271
95787,60,,1,,94272
95788,39,1,1,,94273
95789,39,1,1,,94274
95790,39,1,1,,94275
95791,23,7,1,,94275
95792,39,1,2,,94276
95793,39,1,1,,94277
95794,23,7,1,,94277
95795,23,5,1,,94278
95796,39,1,1,,94279
95797,39,1,1,,94280
95798,39,1,1,,94281
95799,39,1,2,,94282
95800,39,1,2,,94283
95801,39,3,1,,94284
95802,11,,1,,94285
95803,39,1,1,,94286
95804,39,1,1,,94287
95805,39,1,1,,94288
95806,39,3,1,,94289
95807,39,1,1,,94290
95808,39,1,1,,94291
95809,39,1,1,,94292
95810,23,7,1,,94292
95811,36,,1,,94293
95812,36,,1,,94294
95813,39,3,1,,94295
95814,39,3,1,,94296
95815,36,,1,,94296
95816,39,1,1,,94297
95817,36,,1,,94298
95818,39,1,2,,94299
95819,39,3,1,,94300
95820,39,1,1,,94301
95821,39,3,1,,94302
95822,39,3,1,,94303
95823,39,1,1,,94304
95824,39,1,2,,94305
95825,39,1,1,,94306
95826,39,1,2,,94307
95827,39,1,1,,94308
95828,23,7,1,,94308
95829,39,1,2,,94309
95830,39,3,1,,94310
95831,39,1,2,,94311
95832,39,1,1,,94312
95833,39,3,1,,94313
95834,39,1,1,,94314
95835,39,1,1,,94315
95836,39,1,1,,94316
95837,23,7,1,,94316
95838,39,1,2,,94317
95839,39,1,1,,94318
95840,39,1,1,,94319
95841,23,7,1,,94319
95842,39,3,1,,94320
95843,39,3,1,,94321
95844,39,1,2,,94322
95845,39,1,4,,94323
95846,39,1,1,,94324
95847,39,3,1,,94325
95848,39,1,2,,94326
95849,39,3,1,,94327
95850,39,1,1,,94328
95851,39,3,1,,94329
95852,39,3,1,,94330
95853,39,1,1,,94331
95854,39,1,2,,94332
95855,11,,1,,94333
95856,39,1,1,,94334
95857,39,1,1,,94335
95858,39,1,1,,94336
95859,39,1,2,,94337
95860,39,1,1,,94338
95861,39,1,1,,94339
95862,39,3,1,,94340
95863,39,3,1,,94341
95864,39,3,1,,94342
95865,39,1,1,,94343
95866,39,1,1,,94344
95867,39,1,1,,94345
95868,39,1,1,,94346
95869,39,1,2,,94347
95870,23,7,1,,94347
95871,39,1,1,,94348
95872,39,1,2,,94349
95873,39,1,1,,94350
95874,39,1,1,,94351
95875,23,7,1,,94351
95876,60,,1,,94352
95877,39,1,1,,94353
95878,23,5,1,,94353
95879,39,1,1,,94354
95880,23,7,1,,94354
95881,60,,1,,94355
95882,39,1,1,,94356
95883,60,,1,,94357
95884,39,1,2,,94358
95885,39,3,1,,94359
95886,11,,1,,94360
95887,39,1,1,,94361
95888,23,5,1,,94362
95889,39,3,1,,94363
95890,39,1,2,,94364
95891,39,3,1,,94365
95892,39,1,1,,94366
95893,39,1,1,,94367
95894,39,1,1,,94368
95895,39,1,1,,94369
95896,60,,1,,94370
95897,60,,1,,94371
95898,39,3,1,,94372
95899,36,,1,,94373
95900,36,,1,,94374
95901,39,3,1,,94375
95902,36,,1,,94376
95903,36,,1,,94377
95904,60,,1,,94378
95905,39,3,1,,94379
95906,43,,1,,94380
95907,39,1,1,,94381
95908,39,1,1,,94382
95909,39,1,1,,94383
95910,39,1,1,,94384
95911,39,1,2,,94385
95912,39,1,2,,94386
95913,60,,1,,94387
95914,39,1,1,,94388
95915,23,7,1,,94388
95916,39,1,2,,94389
95917,39,1,2,,94390
95918,23,5,1,,94390
95919,39,1,1,,94391
95920,39,1,1,,94392
95921,39,1,1,,94393
95922,39,1,1,,94394
95923,39,1,1,,94395
95924,39,3,1,,94396
95925,60,,1,,94397
95926,60,,1,,94398
95927,39,1,1,,94399
95928,22,,1,,94400
95929,39,1,1,,94401
95930,23,5,1,,94401
95931,23,5,1,,94402
95932,39,3,1,,94403
95933,39,3,1,,94404
95934,39,3,1,,94405
95935,39,3,1,,94406
95936,39,3,1,,94407
95937,39,1,1,,94408
95938,39,3,1,,94409
95939,39,3,1,,94410
95940,39,3,1,,94411
95941,39,1,1,,94412
95942,39,1,2,,94413
95943,39,1,1,,94414
95944,39,1,2,,94415
95945,23,5,1,,94415
95946,39,1,2,,94416
95947,23,7,1,,94416
95948,39,1,1,,94417
95949,39,1,2,,94418
95950,39,1,2,,94419
95951,39,1,1,,94420
95952,39,3,1,,94421
95953,39,1,2,,94422
95954,39,1,1,,94423
95955,39,1,1,,94424
95956,39,1,1,,94425
95957,39,1,1,,94426
95958,39,1,1,,94427
95959,39,1,1,,94428
95960,39,1,2,,94429
95961,39,1,1,,94430
95962,39,1,1,,94431
95963,23,7,1,,94432
95964,39,1,1,,94433
95965,39,1,2,,94434
95966,39,1,1,,94435
95967,39,1,1,,94436
95968,39,1,1,,94437
95969,39,1,1,,94438
95970,39,1,1,,94439
95971,60,1,1,,94440
95972,39,1,2,,94441
95973,39,3,1,,94442
95974,39,1,2,,94443
95975,39,1,2,,94444
95976,60,,1,,94445
95977,39,1,1,,94446
95978,39,1,2,,94447
95979,60,,1,,94448
95980,60,,1,,94449
95981,39,1,1,,94450
95982,39,1,2,,94451
95983,39,1,2,,94452
95984,39,1,2,,94453
95985,39,1,1,,94454
95986,39,1,2,,94455
95987,60,1,1,,94456
95988,39,3,1,,94457
95989,39,1,1,,94458
95990,60,,1,,94459
95991,39,3,1,,94460
95992,60,,1,,94461
95993,39,1,2,,94462
95994,60,,1,,94463
95995,39,1,1,,94464
95996,23,7,1,,94464
95997,39,1,1,,94465
95998,39,1,1,,94466
95999,39,1,1,,94467
96000,39,1,1,,94468
96001,39,1,1,,94469
96002,23,5,1,,94469
96003,39,1,2,,94470
96004,23,7,1,,94470
96005,39,1,2,,94471
96006,23,7,1,,94471
96007,39,1,1,,94472
96008,39,48,1,,94473
96009,39,48,1,,94474
96010,39,1,1,,94475
96011,39,1,2,,94476
96012,39,1,1,,94477
96013,60,,1,,94478
96014,39,1,2,,94479
96015,39,1,2,,94480
96016,60,,1,,94481
96017,39,1,1,,94482
96018,39,1,1,,94483
96019,60,,1,,94484
96020,60,,1,,94485
96021,39,1,2,,94486
96022,11,,1,,94487
96023,39,1,1,,94488
96024,23,5,1,,94488
96025,39,1,1,,94489
96026,60,,1,,94490
96027,60,,1,,94491
96028,39,1,1,,94492
96029,60,,1,,94493
96030,39,1,1,,94494
96031,60,,1,,94495
96032,43,,1,,94496
96033,39,1,1,,94497
96034,39,1,1,,94498
96035,23,7,1,,94498
96036,39,1,1,,94499
96037,85,,1,,94500
96038,60,,1,,94501
96039,39,1,1,,94502
96040,39,1,2,,94503
96041,23,5,1,,94504
96042,39,1,1,,94505
96043,39,3,1,,94506
96044,39,1,1,,94507
96045,60,,1,,94508
96046,60,,1,,94509
96047,60,,1,,94510
96048,11,,1,,94511
96049,39,1,1,,94512
96050,39,1,1,,94513
96051,39,3,1,,94514
96052,39,1,1,,94515
96053,39,1,1,,94516
96054,39,1,2,,94517
96055,39,1,1,,94518
96056,39,1,1,,94519
96057,60,,1,,94520
96058,39,1,1,,94521
96059,39,1,1,,94522
96060,11,,1,,94523
96061,36,,1,,94524
96062,36,,2,,94525
96063,36,,1,,94526
96064,36,,2,,94527
96065,39,1,1,,94528
96066,39,1,2,,94529
96067,39,1,2,,94530
96068,39,1,2,,94531
96069,39,1,3,,94532
96070,39,3,1,,94533
96071,39,3,1,,94534
96072,39,1,1,,94535
96073,39,3,1,,94536
96074,39,1,2,,94537
96075,39,1,2,,94538
96076,36,,1,,94539
96077,39,3,1,,94540
96078,39,1,2,,94541
96079,39,1,1,,94542
96080,39,3,1,,94543
96081,39,3,2,,94544
96082,39,3,1,,94545
96083,39,1,1,,94546
96084,39,1,1,,94547
96085,39,1,1,,94548
96086,39,1,1,,94549
96087,39,1,1,,94550
96088,60,,1,,94551
96089,39,1,1,,94552
96090,39,1,1,,94553
96091,39,3,1,,94554
96092,39,3,1,,94555
96093,23,5,1,,94556
96094,60,,1,,94557
96095,39,1,1,,94558
96096,39,3,1,,94559
96097,39,3,1,,94560
96098,39,1,1,,94561
96099,39,1,1,,94562
96100,39,1,2,,94563
96101,23,5,1,,94563
96102,39,1,2,,94564
96103,39,1,1,,94565
96104,23,7,1,,94565
96105,39,1,1,,94566
96106,39,1,2,,94567
96107,39,3,1,,94568
96108,39,1,1,,94569
96109,23,7,1,,94569
96110,39,1,2,,94570
96111,39,1,2,,94571
96112,39,1,1,,94572
96113,23,5,1,,94572
96114,60,,1,,94573
96115,39,1,2,,94574
96116,39,3,1,,94575
96117,39,1,1,,94576
96118,39,3,1,,94577
96119,39,1,1,,94578
96120,39,1,1,,94579
96121,39,1,1,,94580
96122,39,1,1,,94581
96123,39,1,1,,94582
96124,39,1,2,,94583
96125,39,1,2,,94584
96126,39,3,1,,94585
96127,39,3,1,,94586
96128,23,5,1,,94587
96129,39,1,1,,94588
96130,60,,1,,94589
96131,39,3,1,,94590
96132,39,3,1,,94591
96133,39,3,1,,94592
96134,39,1,2,,94593
96135,23,7,1,,94593
96136,39,1,1,,94594
96137,39,1,1,,94595
96138,39,1,1,,94596
96139,39,1,1,,94597
96140,23,7,2,,94597
96141,39,1,2,,94598
96142,39,1,1,,94599
96143,23,7,1,,94599
96144,23,7,1,,94600
96145,39,1,2,,94601
96146,23,7,1,,94601
96147,11,,1,,94602
96148,39,1,2,,94603
96149,60,,1,,94604
96150,39,3,1,,94605
96151,39,1,1,,94606
96152,39,1,1,,94607
96153,39,1,1,,94608
96154,39,1,2,,94609
96155,39,3,1,,94610
96156,39,1,3,,94611
96157,39,1,2,,94612
96158,39,1,1,,94613
96159,39,1,3,,94614
96160,39,3,1,,94615
96161,39,1,1,,94616
96162,39,1,1,,94617
96163,39,1,1,,94618
96164,39,1,2,,94619
96165,39,3,1,,94620
96166,39,1,1,,94621
96167,23,7,1,,94621
96168,39,1,1,,94622
96169,23,7,2,,94622
96170,39,1,1,,94623
96171,39,1,2,,94624
96172,39,1,1,,94625
96173,23,5,1,,94625
96174,39,3,1,,94626
96175,39,3,1,,94627
96176,39,1,2,,94628
96177,39,1,1,,94629
96178,39,1,1,,94630
96179,39,1,1,,94631
96180,39,1,1,,94632
96181,39,1,1,,94633
96182,39,1,1,,94634
96183,39,1,1,,94635
96184,39,1,1,,94636
96185,39,1,2,,94637
96186,39,1,1,,94638
96187,23,7,1,,94638
96188,39,1,1,,94639
96189,39,1,2,,94640
96190,39,1,1,,94641
96191,39,1,2,,94642
96192,39,1,1,,94643
96193,39,1,1,,94644
96194,39,1,3,,94645
96195,39,1,1,,94646
96196,39,3,1,,94647
96197,39,,1,,94648
96198,60,,1,,94649
96199,39,3,1,,94650
96200,39,1,1,,94651
96201,39,1,1,,94652
96202,39,1,1,,94653
96203,39,1,1,,94654
96204,39,1,1,,94655
96205,39,1,2,,94656
96206,39,1,1,,94657
96208,23,7,1,,94657
96209,39,1,1,,94658
96210,39,1,1,,94659
96211,39,1,1,,94660
96212,39,1,2,,94661
96213,39,1,1,,94662
96214,23,7,1,,94662
96215,39,1,1,,94663
96216,23,7,1,,94663
96217,39,1,1,,94664
96218,23,7,1,,94664
96219,39,3,1,,94665
96220,11,,1,,94666
96221,39,1,2,,94667
96222,36,,1,,94668
96223,39,1,1,,94669
96224,39,1,2,,94670
96225,39,1,1,,94671
96226,39,1,2,,94672
96227,23,7,1,,94672
96228,39,3,1,,94673
96229,39,1,1,,94674
96230,39,1,1,,94675
96231,39,1,1,,94676
96232,39,1,1,,94677
96233,39,1,1,,94678
96234,36,,1,,94679
96235,36,,1,,94680
96236,39,3,1,,94681
96237,39,1,1,,94682
96238,60,,1,,94683
96239,39,3,1,,94684
96240,39,3,1,,94685
96241,39,3,1,,94686
96242,39,3,1,,94687
96243,39,3,1,,94688
96244,60,,1,,94689
96245,39,3,1,,94690
96246,39,3,1,,94691
96247,60,,1,,94692
96248,39,3,1,,94693
96249,11,,1,,94694
96250,39,3,1,,94695
96251,39,1,1,,94696
96252,39,1,1,,94697
96253,39,3,1,,94698
96254,39,1,1,,94699
96255,39,1,1,,94700
96256,39,1,1,,94701
96257,39,1,1,,94702
96258,39,1,2,,94703
96259,39,1,1,,94704
96260,39,1,2,,94705
96261,39,1,1,,94706
96262,39,1,1,,94707
96263,39,1,1,,94708
96264,39,1,2,,94709
96265,60,,1,,94710
96266,39,1,1,,94711
96267,39,1,2,,94712
96268,39,3,1,,94713
96269,39,6,1,,94714
96270,39,6,1,,94715
96271,60,,1,,94716
96272,39,6,1,,94717
96273,39,6,1,,94718
96274,39,6,1,,94719
96275,39,6,1,,94720
96276,39,6,1,,94721
96277,39,6,1,,94722
96278,39,6,1,,94723
96279,39,1,1,,94724
96280,23,7,2,,94724
96281,39,1,1,,94725
96282,39,1,1,,94726
96283,39,1,2,,94727
96284,39,1,1,,94728
96285,39,3,1,,94729
96286,39,3,1,,94730
96287,39,3,1,,94731
96288,39,3,1,,94732
96289,39,3,1,,94733
96290,60,,1,,94734
96291,39,1,1,,94735
96292,39,1,2,,94736
96293,39,3,1,,94737
96294,39,1,1,,94738
96295,39,1,1,,94739
96296,39,1,1,,94740
96297,39,1,1,,94741
96298,39,1,1,,94742
96299,36,1,1,,94743
96300,36,,1,,94744
96301,39,3,1,,94745
96302,39,1,1,,94746
96303,39,1,1,,94747
96304,39,1,1,,94748
96305,39,1,2,,94749
96306,39,1,2,,94750
96307,39,1,1,,94751
96308,39,1,2,,94752
96309,39,3,1,,94753
96310,39,1,2,,94754
96311,39,1,1,,94755
96312,60,1,1,,94756
96313,39,3,1,,94757
96314,36,,1,,94758
96315,36,,1,,94759
96316,39,1,1,,94760
96317,39,1,1,,94761
96318,39,1,1,,94762
96319,23,7,1,,94763
96320,39,3,1,,94764
96321,39,1,1,,94765
96322,39,3,1,,94766
96323,23,7,1,,94766
96324,39,1,1,,94767
96325,36,,2,,94768
96326,36,,1,,94769
96327,39,1,1,,94770
96328,23,7,1,,94770
96329,36,,1,,94771
96330,60,,1,,94772
96331,39,1,1,,94773
96332,36,,1,,94773
96333,36,,1,,94774
96334,23,5,1,,94775
96335,39,1,1,,94776
96336,23,7,1,,94776
96337,39,1,2,,94777
96338,39,1,2,,94778
96339,39,3,1,,94779
96340,39,3,1,,94780
96341,39,3,1,,94781
96342,39,3,1,,94782
96343,39,3,1,,94783
96344,39,3,1,,94784
96345,39,1,1,,94785
96346,39,1,2,,94786
96347,39,1,1,,94787
96348,23,7,1,,94787
96349,39,1,1,,94788
96350,39,1,2,,94789
96351,39,1,1,,94790
96352,39,1,1,,94791
96353,39,1,2,,94792
96354,39,1,2,,94793
96355,23,7,1,,94793
96356,39,1,2,,94794
96357,39,1,2,,94795
96358,39,1,1,,94796
96359,39,1,1,,94797
96360,23,7,1,,94797
96361,39,1,1,,94798
96362,39,1,2,,94799
96363,39,3,1,,94800
96364,39,3,1,,94801
96365,39,3,1,,94802
96366,39,1,2,,94803
96367,23,7,1,,94803
96368,39,1,1,,94804
96369,39,3,1,,94805
96370,39,1,1,,94806
96371,39,3,1,,94807
96372,39,1,2,,94808
96373,60,,1,,94809
96374,23,5,1,,94810
96375,39,3,1,,94811
96376,39,3,1,,94812
96377,39,3,1,,94813
96378,11,,1,,94814
96379,39,1,1,,94815
96380,39,1,1,,94816
96381,39,1,1,,94817
96382,39,1,2,,94818
96383,39,1,1,,94819
96384,39,1,1,,94820
96385,23,5,1,,94821
96386,39,3,1,,94822
96387,39,,1,,94823
96388,39,3,1,,94824
96389,23,5,1,,94825
96390,39,1,2,,94826
96391,39,1,1,,94827
96392,39,1,2,,94828
96393,39,1,1,,94829
96394,39,1,3,,94830
96395,39,1,1,,94831
96396,39,3,1,,94832
96397,39,3,1,,94833
96398,22,,1,,94834
96399,11,,1,,94835
96400,36,,1,,94836
96401,36,,1,,94837
96402,39,1,1,,94838
96403,39,1,1,,94839
96404,39,1,1,,94840
96405,39,1,1,,94841
96406,23,7,1,,94841
96407,39,1,1,,94842
96408,39,1,1,,94843
96409,39,1,1,,94844
96410,60,,1,,94845
96411,60,,1,,94846
96412,39,3,1,,94847
96413,23,5,1,,94848
96414,39,3,1,,94849
96415,36,,1,,94850
96416,39,1,1,,94851
96417,39,1,1,,94852
96418,39,1,2,,94853
96419,39,1,2,,94854
96420,39,1,2,,94855
96421,39,1,1,,94856
96422,39,1,2,,94857
96423,39,3,2,,94858
96424,39,3,1,,94859
96425,39,1,1,,94860
96426,39,1,1,,94861
96427,39,1,1,,94862
96428,39,1,1,,94863
96429,39,3,1,,94864
96430,39,1,1,,94865
96431,23,5,1,,94866
96432,39,1,2,,94867
96433,23,5,1,,94868
96434,39,1,1,,94869
96435,39,1,2,,94870
96436,39,1,1,,94871
96437,39,1,1,,94872
96438,39,1,1,,94873
96439,39,3,1,,94874
96440,60,,1,,94875
96441,39,3,1,,94876
96442,39,1,2,,94877
96443,39,1,2,,94878
96444,39,3,1,,94879
96445,39,1,1,,94880
96446,39,1,1,,94881
96447,39,1,1,,94882
96448,39,1,2,,94883
96449,39,3,1,,94884
96450,39,1,1,,94885
96451,23,7,1,,94885
96452,39,1,1,,94886
96453,39,1,1,,94887
96454,39,1,2,,94888
96455,39,1,1,,94889
96456,39,1,1,,94890
96457,39,1,2,,94891
96458,39,3,1,,94892
96459,39,1,1,,94893
96460,60,,1,,94894
96461,39,3,1,,94895
96462,39,1,1,,94896
96463,39,3,1,,94897
96464,39,1,1,,94898
96465,23,7,1,,94899
96466,39,3,1,,94900
96467,39,3,1,,94901
96468,39,1,1,,94902
96469,39,1,1,,94903
96470,23,7,1,,94903
96471,39,1,1,,94904
96472,39,1,1,,94905
96473,23,7,1,,94905
96474,39,3,1,,94906
96475,39,1,3,,94907
96476,60,,1,,94908
96477,39,3,1,,94909
96478,39,1,1,,94910
96479,23,7,1,,94910
96480,39,1,2,,94911
96481,39,3,1,,94912
96482,39,1,2,,94913
96483,39,1,1,,94914
96484,39,1,1,,94915
96485,39,1,2,,94916
96486,39,1,1,,94917
96487,60,1,1,,94918
96488,39,1,1,,94919
96489,39,1,1,,94920
96490,39,1,1,,94921
96491,39,1,1,,94922
96492,60,,1,,94923
96493,36,,1,,94924
96494,36,,1,,94925
96495,60,,1,,94926
96496,60,,1,,94927
96497,39,3,1,,94928
96498,36,,1,,94929
96499,39,1,1,,94930
96500,39,1,1,,94931
96501,39,1,1,,94932
96502,39,1,1,,94933
96503,39,1,1,,94934
96504,39,1,1,,94935
96505,39,1,1,,94936
96506,23,7,1,,94937
96507,39,,1,,94938
96508,39,3,1,,94939
96509,39,1,1,,94940
96510,39,1,1,,94941
96511,39,1,1,,94942
96512,39,1,1,,94943
96513,39,1,1,,94944
96514,23,7,1,,94944
96515,60,,1,,94945
96516,39,1,2,,94946
96517,39,1,1,,94947
96518,23,5,1,,94948
96519,39,1,1,,94949
96520,39,3,1,,94950
96521,39,3,1,,94951
96522,39,1,1,,94952
96523,39,1,1,,94953
96524,39,1,1,,94954
96525,23,5,1,,94954
96526,39,1,2,,94955
96527,39,1,1,,94956
96528,39,3,1,,94957
96529,39,1,2,,94958
96530,39,1,2,,94959
96531,39,1,3,,94960
96532,39,1,2,,94961
96533,39,3,1,,94962
96534,39,3,1,,94963
96535,39,1,1,,94964
96536,39,1,2,,94965
96537,39,1,2,,94966
96538,39,1,1,,94967
96539,39,1,1,,94968
96540,39,1,1,,94969
96541,39,1,1,,94970
96542,36,,1,,94971
96543,36,,1,,94972
96544,39,1,1,,94973
96545,39,1,1,,94974
96546,11,,1,,94975
96547,36,,1,,94976
96548,60,,1,,94977
96549,11,,1,,94978
96550,39,3,1,,94979
96551,39,1,1,,94980
96552,39,1,1,,94981
96553,39,1,1,,94982
96554,39,3,1,,94983
96555,39,1,2,,94984
96556,23,5,1,,94984
96557,39,1,1,,94985
96558,39,1,1,,94986
96559,23,7,1,,94986
96560,39,1,2,,94987
96561,39,1,1,,94988
96562,39,1,1,,94989
96563,39,3,1,,94990
96564,39,3,1,,94991
96565,39,3,1,,94992
96566,11,,1,,94993
96567,36,,1,,94994
96568,39,3,1,,94995
96569,36,,1,,94996
96570,39,1,1,,94997
96571,23,7,1,,94997
96572,36,,1,,94998
96573,39,1,1,,94999
96574,39,1,1,,95000
96575,39,1,1,,95001
96576,39,1,1,,95002
96577,39,1,2,,95003
96578,39,1,2,,95004
96579,39,1,2,,95005
96580,39,1,2,,95006
96581,39,1,1,,95007
96582,39,3,1,,95008
96583,39,3,1,,95009
96584,39,3,1,,95010
96585,39,1,1,,95011
96586,39,3,1,,95012
96587,39,1,1,,95013
96588,60,,1,,95014
96589,39,3,1,,95015
96590,39,1,1,,95016
96591,60,,1,,95017
96592,36,,1,,95018
96593,43,,1,,95019
96594,11,,1,,95020
96595,36,,1,,95021
96596,23,5,1,,95022
96597,39,1,1,,95023
96598,39,1,1,,95024
96599,39,1,2,,95025
96600,39,1,1,,95026
96601,39,1,1,,95027
96602,39,1,1,,95028
96603,23,7,1,,95028
96604,39,1,2,,95029
96605,23,7,2,,95029
96606,39,1,2,,95030
96607,39,1,2,,95031
96608,39,3,1,,95032
96609,39,1,1,,95033
96610,23,5,1,,95033
96611,39,1,1,,95034
96612,60,,1,,95035
96613,39,1,1,,95036
96614,39,1,2,,95037
96615,39,1,1,,95038
96616,43,,1,,95039
96617,36,,1,,95040
96618,39,1,1,,95041
96619,39,1,1,,95042
96620,39,1,1,,95043
96621,39,1,1,,95044
96622,39,3,1,,95045
96623,39,1,1,,95046
96624,39,1,1,,95047
96625,39,1,1,,95048
96626,23,7,1,,95048
96627,39,6,1,,95049
96628,60,,1,,95050
96629,60,,1,,95051
96630,60,,1,,95052
96631,11,,1,,82172
96632,11,,1,,82173
96633,11,,1,,82174
96634,11,,1,,82175
96635,11,,1,,82176
96636,11,,1,,82177
96637,11,,1,,82178
96638,11,,1,,82179
96639,11,,1,,82180
96640,11,,1,,82181
96641,11,,1,,82182
96642,11,,1,,82183
96643,11,,1,,82184
96644,11,,1,,82185
96645,11,,1,,82186
96646,11,,1,,82187
96647,11,,1,,82188
96648,11,,1,,82189
96649,11,,1,,82190
96650,11,,1,,82191
96651,11,,1,,82192
96652,11,,1,,82193
96653,11,,1,,82194
96654,11,,1,,82195
96655,11,,1,,82196
96656,11,,1,,82197
96657,11,,1,,82198
96658,39,,1,,95053
96659,39,6,1,,95054
96660,39,6,1,,95055
96661,39,6,1,,95056
96662,60,6,1,,95057
96663,39,6,1,,95058
96664,39,1,1,,95059
96665,39,1,1,,95060
96666,23,7,1,,95061
96667,23,5,1,,95062
96668,23,5,1,,95063
96669,39,1,1,,95064
96670,39,3,1,,95065
96671,39,3,1,,95066
96672,39,1,1,,95067
96673,39,3,1,,95068
96674,39,1,1,,95069
96675,60,,1,,95070
96676,60,,1,,95071
96677,11,,1,,95072
96678,39,3,1,,95073
96679,23,5,1,,95074
96680,39,1,1,,95075
96681,39,1,1,,95076
96682,39,1,2,,95077
96683,39,1,1,,95078
96684,39,3,1,,95079
96685,60,,1,,95080
96686,39,1,1,,95081
96687,39,1,1,,95082
96688,39,1,1,,95083
96689,39,1,1,,95084
96690,39,1,2,,95085
96691,39,1,1,,95086
96692,39,1,2,,95087
96693,39,3,1,,95088
96694,39,3,1,,95089
96695,39,3,1,,95090
96696,39,1,1,,95091
96697,39,1,1,,95092
96698,39,1,1,,95093
96699,23,7,1,,95093
96700,39,1,1,,95094
96701,39,1,1,,95095
96702,39,1,1,,95096
96703,39,1,1,,95097
96704,23,7,1,,95097
96705,39,1,1,,95098
96706,39,1,2,,95099
96707,39,1,1,,95100
96708,39,1,2,,95101
96709,39,1,2,,95102
96710,39,1,2,,95103
96711,39,1,1,,95104
96712,39,1,1,,95105
96713,23,7,1,,95106
96714,39,1,1,,95107
96715,39,1,1,,95108
96716,39,1,1,,95109
96717,39,1,1,,95110
96718,60,,1,,95111
96719,39,1,1,,95112
96720,39,1,1,,95113
96721,23,7,1,,95113
96722,39,1,2,,95114
96723,39,3,1,,95115
96724,60,,1,,95116
96725,39,1,1,,95117
96726,39,1,2,,95118
96727,39,1,1,,95119
96728,39,3,1,,95120
96729,39,1,2,,95121
96730,39,1,2,,95122
96731,39,1,2,,95123
96732,39,1,1,,95124
96733,23,7,1,,95124
96734,39,1,1,,95125
96735,23,5,1,,95126
96736,39,3,1,,95127
96737,39,3,1,,95128
96738,60,,1,,95129
96739,39,1,2,,95130
96740,60,,1,,95131
96741,39,3,1,,95132
96742,39,1,2,,95133
96743,39,1,1,,95134
96745,23,7,1,,95134
96746,39,3,1,,95135
96747,60,,1,,95136
96748,39,3,1,,95137
96749,11,,1,,95138
96750,60,,1,,95139
96751,39,1,2,,95140
96752,39,3,1,,95141
96753,23,7,1,,95142
96754,39,1,1,,95143
96755,39,1,1,,95144
96756,39,1,2,,95145
96758,23,7,1,,95145
96759,39,3,1,,95146
96760,39,3,1,,95147
96761,39,1,1,,95148
96762,23,7,1,,95148
96763,23,7,1,,95149
96764,39,1,1,,95150
96765,39,3,1,,95151
96766,39,1,1,,95152
96767,23,,1,,95153
96768,39,3,1,,95154
96769,39,1,2,,95155
96770,39,4,1,,95156
96771,39,4,1,,95157
96772,23,7,1,,95158
96773,39,3,1,,95159
96774,39,1,1,,95160
96775,39,1,1,,95161
96776,39,1,1,,95162
96777,39,3,1,,95163
96778,39,1,2,,95164
96779,39,1,1,,95165
96780,39,1,1,,95166
96781,23,7,1,,95166
96782,39,1,1,,95167
96783,23,,1,,95167
96784,39,1,2,,95168
96785,39,1,1,,95169
96786,39,1,1,,95170
96787,23,7,1,,95170
96788,39,1,2,,95171
96789,39,1,2,,95172
96790,39,1,2,,95173
96791,23,7,1,,95173
96792,39,1,1,,95174
96793,39,1,1,,95175
96794,39,1,1,,95176
96795,39,3,1,,95177
96796,60,,1,,95178
96797,39,3,1,,95179
96798,23,5,1,,95180
96799,39,1,1,,95181
96800,43,,1,,95182
96801,11,,1,,95183
96802,39,1,1,,95184
96803,39,3,1,,95185
96804,39,1,1,,95186
96805,39,1,1,,95187
96806,39,1,1,,95188
96807,39,1,1,,95189
96808,60,,1,,95190
96809,39,1,1,,95191
96810,23,5,1,,95192
96811,23,5,1,,95193
96812,39,1,1,,95194
96813,60,,1,,95195
96814,60,,1,,95196
96815,39,1,1,,95197
96816,39,1,2,,95198
96817,39,1,1,,95199
96818,39,1,1,,95200
96819,60,,1,,95201
96820,39,1,1,,95202
96821,39,1,2,,95203
96822,60,,1,,95204
96823,39,1,1,,95205
96824,39,1,2,,95206
96825,39,3,1,,95207
96826,39,1,1,,95208
96827,23,7,1,,95208
96828,39,1,1,,95209
96829,11,,1,,95210
96830,39,1,1,,95211
96831,39,1,1,,95212
96832,39,1,1,,95213
96833,39,1,1,,95214
96834,39,1,2,,95215
96835,39,1,1,,95216
96836,23,5,1,,95217
96837,39,1,1,,95218
96838,23,5,1,,95219
96839,39,1,1,,95220
96840,60,,1,,95221
96841,39,1,1,,95222
96842,23,5,1,,95223
96843,23,5,1,,95224
96844,39,1,1,,95225
96845,39,3,1,,95226
96846,60,,1,,95227
96847,60,,1,,95228
96848,39,3,1,,95229
96849,39,3,1,,95230
96850,43,,1,,95231
96851,39,,1,,95232
96852,36,,1,,95233
96853,39,1,1,,95234
96854,39,1,1,,95235
96855,39,1,1,,95236
96856,39,1,1,,95237
96857,39,1,1,,95238
96858,39,3,1,,95239
96859,39,1,2,,95240
96860,39,1,1,,95241
96861,39,1,1,,95242
96862,39,1,1,,95243
96863,36,,1,,95244
96864,36,,1,,95246
96865,36,,1,,95245
96866,39,3,1,,95247
96867,60,,1,,95248
96868,39,3,1,,95249
96869,39,1,2,,95250
96870,39,1,1,,95252
96871,44,,1,,95251
96872,39,3,1,,95253
96873,55,,1,,95254
96874,23,5,1,,95255
96875,39,1,1,,95256
96876,39,1,1,,95257
96877,39,1,1,,95258
96878,39,1,1,,95259
96879,39,1,2,,95260
96880,39,1,1,,95261
96881,39,1,1,,95262
96882,23,7,2,,95263
96883,39,1,1,,95264
96884,39,1,1,,95265
96885,39,1,2,,95266
96886,39,1,1,,95267
96887,39,3,1,,95268
96888,36,,1,,95269
96889,36,,1,,95270
96890,11,,1,,95271
96891,36,,1,,95272
96892,36,,1,,95273
96893,39,3,1,,95274
96894,39,1,1,,95275
96895,23,7,1,,95276
96896,39,1,1,,95277
96897,60,,1,,95278
96898,39,1,2,,95279
96899,39,1,1,,95280
96900,39,1,2,,95281
96901,23,5,1,,95282
96902,39,1,1,,95283
96903,39,1,2,,95284
96904,39,1,1,,95285
96905,39,1,1,,95286
96906,39,1,1,,95287
96907,39,3,1,,95288
96908,60,,1,,95289
96909,39,,1,,95290
96910,39,1,2,,95291
96911,39,3,1,,95292
96912,11,,1,,82027
96913,11,,1,,82028
96914,11,,1,,82029
96915,11,,1,,82030
96916,11,,1,,82031
96917,11,,1,,82032
96918,11,,1,,82033
96919,11,,1,,82034
96920,11,,1,,82035
96921,11,,1,,82036
96922,11,,1,,82037
96923,11,,1,,82038
96924,11,,1,,82039
96925,11,,1,,82040
96926,11,,1,,82041
96927,11,,1,,82042
96928,11,,1,,82043
96929,11,,1,,82044
96930,11,,1,,82045
96931,11,,1,,82046
96932,11,,1,,82047
96933,11,,1,,82048
96934,11,,1,,82049
96935,11,,1,,82050
96936,11,,1,,82051
96937,11,,1,,82052
96938,11,,1,,82053
96939,11,,1,,82054
96940,11,,1,,82055
96941,11,,1,,82056
96942,11,,1,,82057
96943,11,,1,,82058
96944,11,,1,,82059
96945,11,,1,,82060
96946,11,,1,,82061
96947,11,,1,,82062
96948,11,,1,,82063
97080,39,1,2,,95315
97081,39,1,1,,95316
97082,23,7,2,,95316
97083,39,1,1,,95317
97084,39,3,1,,95318
97085,60,,1,,95319
97086,39,1,1,,95320
97087,23,7,1,,95320
97088,39,1,1,,95321
97089,39,3,1,,95322
97090,39,1,1,,95323
97091,39,1,1,,95324
97092,23,7,1,,95324
97093,39,1,1,,95325
97094,39,1,1,,95326
97095,39,1,2,,95327
97096,39,3,1,,95328
97097,39,1,1,,95329
97098,39,1,1,,95330
97099,39,1,1,,95331
97100,39,1,1,,95332
97101,23,7,1,,95332
97102,23,5,1,,95333
97103,39,1,1,,95334
97104,39,1,2,,95335
97105,23,7,4,,95335
97106,39,3,1,,95336
97107,39,1,1,,95337
97108,23,7,2,,95338
97109,39,1,1,,95339
97110,39,1,1,,95340
97111,39,1,1,,95341
97112,39,1,1,,95342
97113,23,7,1,,95342
97114,39,1,2,,95343
97115,39,1,1,,95344
97116,23,5,1,,95345
97117,39,3,1,,95346
97118,39,1,1,,95347
97119,39,3,1,,95348
97120,23,5,1,,95348
97121,39,3,1,,95349
97122,39,1,1,,95350
97123,23,7,1,,95350
97124,60,,1,,95351
97125,39,1,2,,95352
97126,55,,1,,95353
97127,39,1,1,,95354
97128,23,7,1,,95354
97129,39,1,1,,95355
97130,39,3,1,,95356
97131,39,1,2,,95357
97132,39,1,2,,95358
97133,39,1,2,,95359
97134,23,5,1,,95360
97135,39,1,1,,95361
97136,39,1,2,,95362
97137,39,1,1,,95363
97138,23,7,1,,95363
97139,60,,1,,95364
97140,36,,1,,95365
97141,39,1,1,,95366
97142,60,,1,,95367
97143,39,1,1,,95368
97144,39,1,1,,95369
97145,39,1,1,,95370
97146,39,1,2,,95371
97147,39,1,2,,95372
97148,39,1,2,,95373
97149,39,3,1,,95374
97150,36,,2,,95375
97151,39,1,2,,95376
97152,39,1,2,,95377
97153,39,3,1,,95378
97154,39,1,1,,95379
97155,39,1,1,,95380
97156,39,1,1,,95381
97157,39,1,1,,95382
97158,39,1,1,,95383
97159,39,3,1,,95384
97160,36,,1,,95385
97161,36,,1,,95386
97162,36,,1,,95387
97163,39,3,1,,95388
97164,11,,1,,95389
97165,39,1,1,,95390
97166,23,7,1,,95390
97167,36,,1,,95391
97168,39,1,2,,95392
97169,23,5,1,,95393
97170,39,1,1,,95394
97171,39,1,1,,95395
97172,39,3,1,,95396
97173,23,5,1,,95397
97174,23,5,1,,95398
97175,39,1,1,,95399
97176,23,7,1,,95399
97177,60,,1,,95400
97178,39,3,1,,95401
97179,39,1,1,,95402
97180,39,1,1,,95403
97181,39,3,1,,95404
97182,39,1,1,,95405
97183,39,1,1,,95406
97184,39,1,1,,95407
97185,39,1,2,,95408
97186,39,1,1,,95409
97187,39,1,1,,95410
97188,39,3,1,,95411
97189,11,,1,,95412
97190,22,,1,,95413
97191,44,,1,,95414
97192,39,3,1,,95415
97193,39,4,1,,95416
97194,23,7,1,,95417
97195,39,1,1,,95418
97196,39,1,1,,95419
97197,23,7,1,,95419
97198,39,1,1,,95420
97199,23,7,1,,95421
97200,39,1,1,,95422
97202,23,7,1,,95422
97203,39,1,1,,95423
97204,39,1,1,,95424
97205,39,3,1,,95425
97206,39,1,1,,95426
97207,39,3,1,,95427
97208,39,3,1,,95428
97209,60,,1,,95429
97210,39,3,1,,95430
97211,55,,1,,95431
97212,43,,1,,95432
97213,39,3,1,,95433
97214,60,,1,,95434
97215,11,,1,,95435
97216,39,3,1,,95436
97217,36,,1,,95437
97218,36,,1,,95438
97219,36,,1,,95439
97220,36,,1,,95440
97221,39,1,1,,95441
97222,23,5,1,,95441
97223,39,1,1,,95442
97224,39,1,1,,95443
97225,39,1,1,,95444
97226,39,1,1,,95445
97227,39,1,1,,95446
97228,39,1,1,,95447
97229,39,1,1,,95448
97230,23,7,1,,95448
97231,23,5,1,,95449
97232,39,3,1,,95450
97233,39,1,2,,95451
97234,39,1,1,,95452
97235,39,1,2,,95453
97236,39,3,1,,95454
97237,39,3,1,,95455
97238,55,,1,,95456
97239,39,1,1,,95457
97240,23,5,1,,95457
97241,39,3,1,,95458
97242,23,7,1,,95459
97243,39,3,1,,95460
97244,39,3,1,,95461
97245,39,1,1,,95462
97246,39,3,1,,95463
97247,39,1,1,,95464
97248,39,1,1,,95465
97249,23,5,1,,95465
97250,39,1,1,,95466
97251,39,3,1,,95467
97252,39,1,1,,95468
97253,39,3,1,,95469
97254,39,1,1,,95470
97255,39,1,1,,95471
97256,39,1,1,,95472
97257,23,7,1,,95472
97258,39,1,1,,95473
97259,23,5,1,,95474
97260,60,,1,,95475
97261,23,7,1,,95476
97262,39,,1,,95476
97263,39,1,1,,95477
97264,39,1,1,,95478
97265,39,1,1,,95479
97266,39,1,1,,95480
97267,39,1,1,,95481
97268,39,1,1,,95482
97269,39,1,2,,95483
97270,39,1,1,,95484
97271,39,1,2,,95485
97272,39,1,1,,95486
97273,39,3,1,,95487
97274,39,1,1,,95488
97275,39,1,1,,95489
97276,39,1,1,,95490
97277,39,1,2,,95491
97278,39,1,1,,95492
97279,23,7,1,,95492
97280,39,1,1,,95493
97281,39,3,1,,95494
97282,39,3,1,,95495
97283,39,,1,,95496
97284,39,3,1,,95497
97285,39,3,1,,95498
97286,39,1,1,,95499
97287,36,,1,,95500
97288,36,,1,,95501
97289,39,1,1,,95502
97290,39,3,1,,95503
97291,39,1,1,,95504
97292,39,1,1,,95505
97293,39,1,2,,95506
97294,39,1,1,,95507
97295,23,7,2,,95507
97296,39,1,1,,95508
97297,23,7,1,,95509
97298,39,1,1,,95510
97299,23,5,1,,95510
97300,39,1,1,,95511
97301,23,7,1,,95511
97302,39,1,1,,95512
97303,39,3,1,,95513
97304,39,3,1,,95514
97305,39,1,1,,95515
97306,39,1,1,,95516
97307,39,1,2,,95517
97308,23,7,1,,95517
97309,39,1,1,,95518
97310,39,1,1,,95519
97311,39,1,2,,95520
97312,39,1,2,,95521
97313,39,3,1,,95522
97314,39,1,1,,95523
97315,39,1,1,,95524
97316,23,5,1,,95524
97317,39,3,1,,95525
97318,39,1,1,,95526
97319,23,7,1,,95526
97320,39,3,1,,95527
97321,39,1,1,,95528
97322,39,1,2,,95529
97323,39,1,1,,95530
97324,39,1,1,,95531
97325,39,3,1,,95532
97326,60,,1,,95533
97327,39,1,2,,95534
97328,39,1,2,,95535
97329,39,1,1,,95536
97330,39,1,1,,95537
97331,39,1,1,,95538
97332,39,1,1,,95539
97333,39,1,1,,95540
97334,39,1,2,,95541
97335,39,3,1,,95542
97336,39,1,1,,95543
97337,39,1,2,,95544
97338,39,1,1,,95545
97339,60,,1,,95546
97340,39,1,2,,95547
97341,39,1,1,,95548
97342,39,3,1,,95549
97343,39,1,1,,95550
97344,39,1,1,,95551
97345,23,7,1,,95552
97346,39,1,1,,95553
97347,39,1,1,,95554
97348,23,7,1,,95554
97349,39,1,1,,95555
97350,39,1,1,,95556
97351,23,5,1,,95557
97352,23,5,1,,95558
97353,39,3,1,,95559
97354,39,1,1,,95560
97355,23,7,2,,95561
97356,39,1,2,,95562
97357,39,1,1,,95563
97358,39,1,2,,95564
97359,39,1,2,,95565
97360,39,,1,,95566
97361,39,3,1,,95567
97362,39,1,2,,95568
97363,39,1,1,,95569
97364,39,1,1,,95570
97365,39,3,1,,95571
97366,23,7,1,,95571
97367,39,1,1,,95572
97368,39,1,1,,95573
97369,39,1,1,,95574
97370,39,1,2,,95575
97371,39,3,1,,95576
97372,23,7,1,,95577
97373,39,3,1,,95578
97374,39,3,1,,95579
97375,39,1,1,,95580
97376,36,,1,,95581
97377,39,1,1,,95582
97378,11,,1,,95583
97379,39,1,1,,95584
97380,36,,1,,95585
97381,39,3,1,,95586
97382,39,1,2,,95587
97383,39,1,1,,95588
97384,39,1,1,,95589
97385,23,5,1,,95590
97386,39,1,1,,95591
97387,39,1,2,,95592
97388,39,1,2,,95593
97389,39,1,1,,95594
97390,39,1,2,,95595
97391,39,1,2,,95596
97392,39,3,1,,95597
97393,23,7,1,,95598
97394,23,7,1,,95599
97395,39,1,2,,95600
97396,39,1,1,,95601
97397,39,,1,,95602
97398,39,1,1,,95603
97399,39,1,1,,95604
97400,23,7,1,,95604
97401,39,1,1,,95605
97402,39,1,1,,95606
97403,39,1,1,,95607
97404,39,1,1,,95608
97405,39,1,1,,95609
97406,39,4,1,,95610
97407,39,1,2,,95611
97408,39,1,2,,95612
97409,23,5,1,,95613
97410,36,,1,,95614
97411,36,,1,,95615
97412,36,,1,,95616
97413,39,3,1,,95617
97414,39,1,1,,95618
97415,23,7,1,,95618
97416,39,3,1,,95619
97417,39,3,1,,95620
97418,39,1,1,,95621
97419,39,1,1,,95622
97420,23,7,1,,95622
97421,39,1,2,,95623
97422,39,1,1,,95624
97423,23,5,1,,95624
97424,39,1,1,,95625
97425,39,3,1,,95626
97426,39,1,1,,95627
97427,23,7,1,,95627
97428,60,,1,,95628
97429,39,3,1,,95629
97430,39,3,1,,95630
97431,39,1,2,,95631
97432,39,3,1,,95632
97433,23,5,1,,95633
97434,39,3,1,,95634
97435,39,1,2,,95635
97436,23,7,1,,95635
97437,39,3,1,,95636
97438,11,,1,,82018
97439,11,,1,,82019
97440,11,,1,,82020
97441,11,,1,,82021
97442,11,,1,,82022
97443,11,,1,,82023
97444,11,,1,,82024
97445,11,,1,,82025
97446,11,,1,,82026
97447,39,1,1,,95657
97448,23,5,1,,95658
97449,55,,1,,95659
97450,39,1,1,,95660
97451,39,1,1,,95661
97452,39,1,1,,95662
97453,39,1,2,,95663
97454,39,1,1,,95664
97455,39,1,1,,95665
97456,39,1,1,,95666
97457,39,1,1,,95667
97458,39,1,1,,95668
97459,39,1,2,,95669
97460,39,1,2,,95670
97461,43,,1,,95671
97462,43,,1,,95672
97463,11,,1,,95673
97464,39,1,1,,95674
97465,39,1,1,,95675
97466,39,1,1,,95676
97467,39,1,1,,95677
97468,39,1,2,,95678
97469,39,1,1,,95679
97470,39,3,1,,95680
97471,36,,1,,95681
97472,36,,1,,95682
97473,22,,1,,95683
97474,39,3,1,,95684
97475,39,1,2,,95685
97476,36,,1,,95686
97477,39,1,1,,95687
97478,23,5,1,,95688
97479,36,,1,,95689
97480,23,5,1,,95690
97481,39,1,1,,95691
97482,39,3,1,,95692
97483,39,6,1,,95637
97484,39,6,1,,95638
97485,39,6,1,,95639
97486,39,6,1,,95640
97487,39,1,2,,95641
97488,39,1,1,,95642
97489,39,1,1,,95643
97490,39,1,1,,95644
97491,39,1,2,,95645
97492,39,1,2,,95646
97493,39,1,1,,95647
97494,39,1,2,,95648
97495,39,1,1,,95649
97496,39,1,1,,95650
97497,39,1,1,,95651
97498,39,1,1,,95652
97499,39,1,1,,95653
97500,39,3,1,,95654
97501,39,1,1,,95655
97502,36,,1,,95656
97503,39,3,1,,95693
97504,39,3,1,,95694
97505,43,,1,,95695
97506,39,1,1,,95696
97507,39,1,1,,95697
97508,39,3,1,,95698
97509,39,1,1,,95699
97510,39,1,1,,95700
97511,23,5,1,,95701
97512,39,3,1,,95702
97513,23,5,1,,95703
97514,39,1,1,,95704
97515,39,1,1,,95705
97516,39,1,2,,95706
97517,39,1,1,,95707
97518,39,1,1,,95708
97519,39,1,1,,95709
97520,23,7,1,,95709
97521,39,1,2,,95710
97522,39,1,1,,95711
97523,39,1,1,,95712
97524,39,1,1,,95713
97525,23,7,1,,95713
97526,39,1,1,,95714
97527,39,1,1,,95715
97528,23,7,1,,95715
97529,39,1,1,,95716
97530,39,1,1,,95717
97531,39,1,1,,95718
97532,39,1,1,,95719
97533,39,1,1,,95720
97534,39,1,1,,95721
97535,41,,1,,95722
97536,39,3,1,,95723
97537,39,1,1,,95724
97538,23,7,1,,95724
97539,39,1,1,,95725
97540,39,1,1,,95726
97541,39,1,1,,95727
97542,39,1,1,,95728
97543,23,7,1,,95729
97544,39,3,1,,95730
97545,39,1,1,,95731
97546,39,1,1,,95732
97547,39,1,1,,95733
97548,23,7,1,,95734
97549,39,1,1,,95735
97551,23,7,1,,95735
97552,11,,1,,95736
97553,43,,1,,95737
97554,39,1,1,,95738
97555,39,1,1,,95739
97556,39,1,1,,95740
97557,39,3,1,,95741
97558,39,1,1,,95742
97559,23,5,1,,95742
97560,39,1,1,,95743
97561,39,1,1,,95744
97562,39,1,1,,95745
97563,39,1,1,,95746
97564,39,1,1,,95747
97565,39,1,1,,95748
97566,39,1,1,,95749
97567,23,7,1,,95749
97568,39,1,1,,95750
97569,39,1,1,,95751
97570,39,1,1,,95752
97571,39,3,1,,95753
97572,23,7,1,,95754
97573,60,,1,,95755
97574,39,1,1,,95756
97575,39,1,1,,95757
97576,39,3,1,,95758
97577,39,1,1,,95759
97578,39,1,1,,95760
97579,39,1,1,,95761
97580,39,1,1,,95762
97581,39,1,1,,95763
97582,23,5,1,,95764
97583,39,1,1,,95765
97584,39,1,1,,95766
97585,39,1,1,,95767
97586,39,1,1,,95768
97587,39,1,1,,95769
97588,23,7,1,,95769
97589,23,5,1,,95770
97590,39,1,1,,95771
97591,39,1,1,,95772
97592,39,1,1,,95773
97593,39,1,1,,95774
97594,39,1,1,,95775
97595,23,5,1,,95776
97596,39,1,1,,95777
97597,39,1,1,,95778
97598,23,5,1,,95779
97599,39,1,1,,95780
97600,39,1,1,,95781
97601,39,3,1,,95782
97602,39,1,1,,95783
97603,39,1,1,,95784
97604,23,7,1,,95784
97605,39,1,1,,95785
97606,39,1,1,,95786
97607,23,7,1,,95786
97608,23,7,2,,95787
97609,43,,1,,95788
97610,43,,1,with kill,95789
97611,39,1,1,,95790
97612,39,1,1,,95791
97613,23,7,1,,95791
97614,39,1,1,,95792
97615,39,1,1,,95793
97616,23,7,1,,95794
97617,39,1,1,,95795
97618,39,1,2,,95796
97619,39,3,1,,95797
97620,39,1,2,,95798
97621,23,7,1,,95798
97622,39,1,1,,95799
97623,23,7,1,,95799
97624,39,1,1,,95800
97625,39,3,1,,95801
97626,39,1,1,,95802
97627,39,3,1,,95803
97628,39,1,1,,95804
97629,39,1,2,,95805
97630,39,1,1,,95806
97631,39,1,1,,95807
97632,39,3,1,,95808
97633,39,1,1,,95809
97634,39,3,1,,95810
97635,39,3,1,,95811
97636,39,1,1,,95812
97637,39,1,1,,95813
97638,43,,1,,95814
97639,11,,1,,95815
97640,23,7,2,,95816
97641,39,1,1,,95817
97642,39,1,1,,95818
97643,23,7,1,,95818
97644,39,1,1,,95819
97645,39,1,2,,95820
97646,39,1,1,,95821
97647,39,1,1,,95822
97648,23,7,2,,95823
97649,39,1,1,,95824
97650,39,1,1,,95825
97651,39,1,1,,95826
97652,39,1,2,,95827
97653,39,1,1,,95828
97654,39,1,1,,95829
97655,39,1,1,,95830
97656,39,3,1,,95831
97657,39,1,1,,95832
97658,23,7,1,,95832
97659,39,1,1,,95833
97660,39,1,1,,95834
97661,39,1,1,,95835
97662,39,1,1,,95836
97663,39,1,1,,95837
97664,39,1,1,,95838
97665,43,,1,,95839
97666,11,,1,,95840
97667,23,,1,,95841
97668,39,1,1,,95842
97669,39,1,2,,95843
97670,39,1,1,,95844
97671,39,1,1,,95845
97672,23,7,1,,95846
97673,39,1,1,,95847
97674,23,7,1,,95847
97675,39,1,1,,95848
97676,39,1,1,,95849
97677,23,7,1,,95849
97678,39,3,1,,95850
97679,23,5,1,,95851
97680,23,5,1,,95852
97681,23,5,1,,95853
97682,39,1,2,,95854
97683,39,1,1,,95855
97684,39,3,1,,95856
97685,11,,1,,95857
97686,43,,1,,95858
97687,39,1,1,,95859
97688,23,5,1,,95860
97689,39,1,2,,95861
97690,39,1,1,,95862
97691,39,1,1,,95863
97692,39,1,1,,95864
97693,23,7,1,,95864
97694,43,,1,,95865
97695,22,,1,,95866
97696,60,,1,,95867
97697,60,,1,,95868
97698,60,,1,,95869
97699,60,,1,,95870
97700,60,,1,,95871
97701,60,,1,,95872
97702,60,,1,,95873
97703,60,,1,,95874
97704,60,,1,,95875
97705,60,,1,,95876
97706,39,1,1,,95877
97707,60,1,1,,95878
97708,39,1,1,,95879
97709,39,1,1,,95880
97710,39,1,2,,95881
97711,39,1,1,,95882
97712,39,1,1,,95883
97713,39,1,1,,95884
97714,39,1,1,,95885
97715,39,3,1,,95886
97716,39,1,1,,95887
97717,39,1,1,,95888
97718,39,1,2,,95889
97719,39,1,1,,95890
97720,39,1,1,,95891
97721,23,7,1,,95891
97722,39,3,1,,95892
97723,39,3,1,,95893
97724,39,3,1,,95894
97725,39,1,1,,95895
97726,39,1,1,,95896
97727,39,1,1,,95897
97728,23,7,1,,95898
97729,23,7,1,,95899
97730,39,1,1,,95900
97731,39,1,1,,95901
97732,39,1,1,,95902
97733,23,5,1,,95903
97734,39,1,1,,95904
97735,39,1,1,,95905
97736,39,1,1,,95906
97737,39,1,1,,95907
97738,39,1,1,,95908
97739,39,1,1,,95909
97740,23,7,1,,95909
97741,60,,1,,95910
97742,39,1,1,,95911
97743,60,,1,,95912
97744,39,1,1,,95913
97745,39,1,1,,95914
97746,39,1,1,,95915
97747,39,1,1,,95916
97748,39,1,1,,95917
97749,60,,1,,95918
97750,60,,1,,95919
97751,60,,1,,95920
97752,60,,1,,95921
97753,11,,1,,95922
97754,43,,1,,95923
97755,39,1,1,,95924
97756,39,1,1,,95925
97757,39,1,1,,95926
97758,39,1,1,,95927
97759,39,1,1,,95928
97760,39,1,1,,95929
97761,39,1,1,,95930
97762,23,7,1,,95930
97763,39,3,1,,95931
97764,60,,1,,95932
97765,39,1,1,,95933
97766,39,3,1,,95934
97767,39,1,1,,95935
97768,39,1,2,,95936
97769,39,1,2,,95937
97770,39,1,1,,95938
97771,39,6,1,,95939
97772,39,6,1,,95940
97773,60,,1,,95941
97774,60,,1,,95942
97775,39,6,1,,95943
